L0  Nsteps           time(ps)         Etot             EKinetic        
L1  Temp             T_solute         T_solv           Pres_scal_solu  
L2  Pres_scal_solv   BoxX             BoxY             BoxZ            
L3  volume           pres_X           pres_Y           pres_Z          
L4  Pressure         EKCoM_x          EKCoM_y          EKCoM_z         
L5  EKComTot         VIRIAL_x         VIRIAL_y         VIRIAL_z        
L6  VIRIAL_tot       E_pot            E_vdw            E_el            
L7  E_hbon           E_bon            E_angle          E_dih           
L8  E_14vdw          E_14el           E_const          E_pol           
L9  AV_permMoment    AV_indMoment     AV_totMoment     Density          dV/dlambda      
L0     1000  0.1120000000E+03  -.3116832173E+06  0.8318936547E+05
L1 0.2992613939E+03  0.2992613939E+03  -.3948725828E+12  0.1000000000E+01
L2 0.1000000000E+01  0.1198199208E+03  0.1198199208E+03  0.1198199208E+03
L3 0.1324253524E+07  -.1751097083E+03  0.4222868809E+02  -.3223532782E+03
L4 -.1517447661E+03  0.1086736140E+05  0.1085680186E+05  0.1087317659E+05
L5 0.3259733985E+05  0.1253629071E+05  0.1045433020E+05  0.1394544962E+05
L6 0.3693607053E+05  -.3948725828E+06  0.3673238554E+05  -.5327514775E+06
L7 0.0000000000E+00  0.4633128510E+04  0.1302421287E+05  0.2031829315E+05
L8 0.5726520728E+04  0.5744435395E+05  0.0000000000E+00  0.0000000000E+00
L9 0.0000000000E+00  0.0000000000E+00  0.0000000000E+00  0.1041865325E+01  0.0000000000E+00
L0     2000  0.1140000000E+03  -.3115869075E+06  0.8338045492E+05
L1 0.2999488099E+03  0.2999488099E+03  -.3949673624E+12  0.1000000000E+01
L2 0.1000000000E+01  0.1198348339E+03  0.1198348339E+03  0.1198348339E+03
L3 0.1324734170E+07  -.4579163749E+03  0.2369159879E+02  0.3312814866E+03
L4 -.3431442984E+02  0.1084516885E+05  0.1080242741E+05  0.1099293111E+05
L5 0.3264052737E+05  0.1521104581E+05  0.1057654641E+05  0.7834419450E+04
L6 0.3362201168E+05  -.3949673624E+06  0.3687697646E+05  -.5330484136E+06
L7 0.0000000000E+00  0.4714589062E+04  0.1278262346E+05  0.2030463575E+05
L8 0.5778179095E+04  0.5762404737E+05  0.0000000000E+00  0.0000000000E+00
L9 0.0000000000E+00  0.0000000000E+00  0.0000000000E+00  0.1041487311E+01  0.0000000000E+00
L0     3000  0.1160000000E+03  -.3119548362E+06  0.8305675025E+05
L1 0.2987843304E+03  0.2987843304E+03  -.3950115864E+12  0.1000000000E+01
L2 0.1000000000E+01  0.1198149353E+03  0.1198149353E+03  0.1198149353E+03
L3 0.1324075626E+07  0.2233922290E+03  -.2929961566E+03  -.6549467492E+02
L4 -.4503286752E+02  0.1092913512E+05  0.1090450467E+05  0.1074751882E+05
L5 0.3258115861E+05  0.8800322516E+04  0.1369660676E+05  0.1137164926E+05
L6 0.3386857854E+05  -.3950115864E+06  0.3671000632E+05  -.5328942358E+06
L7 0.0000000000E+00  0.4731678668E+04  0.1282001335E+05  0.2025086710E+05
L8 0.5767506422E+04  0.5760257753E+05  0.0000000000E+00  0.0000000000E+00
L9 0.0000000000E+00  0.0000000000E+00  0.0000000000E+00  0.1042005306E+01  0.0000000000E+00
L0     4000  0.1180000000E+03  -.3110025794E+06  0.8374856927E+05
L1 0.3012730466E+03  0.3012730466E+03  -.3947511487E+12  0.1000000000E+01
L2 0.1000000000E+01  0.1198258014E+03  0.1198258014E+03  0.1198258014E+03
L3 0.1324442733E+07  -.1153338701E+03  -.1114107004E+03  -.8170715771E+02
L4 -.1028172428E+03  0.1096306768E+05  0.1105038744E+05  0.1094684517E+05
L5 0.3296030029E+05  0.1206244464E+05  0.1211236825E+05  0.1172568807E+05
L6 0.3590050097E+05  -.3947511487E+06  0.3656833780E+05  -.5328014718E+06
L7 0.0000000000E+00  0.4818102302E+04  0.1310955179E+05  0.2043046291E+05
L8 0.5761990651E+04  0.5736187773E+05  0.0000000000E+00  0.0000000000E+00
L9 0.0000000000E+00  0.0000000000E+00  0.0000000000E+00  0.1041716485E+01  0.0000000000E+00
L0     5000  0.1200000000E+03  -.3111206081E+06  0.8324692487E+05
L1 0.2994684553E+03  0.2994684553E+03  -.3943675329E+12  0.1000000000E+01
L2 0.1000000000E+01  0.1198215619E+03  0.1198215619E+03  0.1198215619E+03
L3 0.1324291957E+07  0.2177671928E+03  -.3318068892E+02  -.2339614715E+03
L4 -.1645832255E+02  0.1080163545E+05  0.1082882950E+05  0.1093313165E+05
L5 0.3256359661E+05  0.8726087490E+04  0.1114507599E+05  0.1316302795E+05
L6 0.3303419143E+05  -.3943675329E+06  0.3627986082E+05  -.5319161695E+06
L7 0.0000000000E+00  0.4612116036E+04  0.1307602618E+05  0.2031054200E+05
L8 0.5753845613E+04  0.5751624589E+05  0.0000000000E+00  0.0000000000E+00
L9 0.0000000000E+00  0.0000000000E+00  0.0000000000E+00  0.1041835089E+01  0.0000000000E+00
L0     6000  0.1220000000E+03  -.3118084327E+06  0.8342827322E+05
L1 0.3001208291E+03  0.3001208291E+03  -.3952367059E+12  0.1000000000E+01
L2 0.1000000000E+01  0.1197670110E+03  0.1197670110E+03  0.1197670110E+03
L3 0.1322472906E+07  0.1233555037E+02  0.2266576698E+03  -.4796155012E+01
L4 0.7806568837E+02  0.1094309909E+05  0.1096251905E+05  0.1089196027E+05
L5 0.3279757841E+05  0.1082568995E+05  0.8805202956E+04  0.1093760983E+05
L6 0.3056850274E+05  -.3952367059E+06  0.3701438892E+05  -.5335983809E+06
L7 0.0000000000E+00  0.4734597357E+04  0.1291873679E+05  0.2033439472E+05
L8 0.5788451610E+04  0.5757110562E+05  0.0000000000E+00  0.0000000000E+00
L9 0.0000000000E+00  0.0000000000E+00  0.0000000000E+00  0.1043268124E+01  0.0000000000E+00
L0     7000  0.1240000000E+03  -.3108451463E+06  0.8363834449E+05
L1 0.3008765293E+03  0.3008765293E+03  -.3944834908E+12  0.1000000000E+01
L2 0.1000000000E+01  0.1197886005E+03  0.1197886005E+03  0.1197886005E+03
L3 0.1323202825E+07  0.2221635688E+02  -.1379283694E+03  -.2152320185E+02
L4 -.4574507144E+02  0.1079569077E+05  0.1088477112E+05  0.1091432788E+05
L5 0.3259478978E+05  0.1058411992E+05  0.1219829086E+05  0.1111929768E+05
L6 0.3390170846E+05  -.3944834908E+06  0.3709856552E+05  -.5330597814E+06
L7 0.0000000000E+00  0.4754153288E+04  0.1308512404E+05  0.2038919418E+05
L8 0.5739502566E+04  0.5750975102E+05  0.0000000000E+00  0.0000000000E+00
L9 0.0000000000E+00  0.0000000000E+00  0.0000000000E+00  0.1042692625E+01  0.0000000000E+00
L0     8000  0.1260000000E+03  -.3111806661E+06  0.8366835122E+05
L1 0.3009844741E+03  0.3009844741E+03  -.3948490173E+12  0.1000000000E+01
L2 0.1000000000E+01  0.1197838819E+03  0.1197838819E+03  0.1197838819E+03
L3 0.1323044368E+07  0.3186126177E+02  -.1369063049E+03  0.2107747359E+02
L4 -.2798918986E+02  0.1090507855E+05  0.1096763546E+05  0.1103665229E+05
L5 0.3290936630E+05  0.1060169365E+05  0.1227126573E+05  0.1083595129E+05
L6 0.3370891067E+05  -.3948490173E+06  0.3692145142E+05  -.5331280652E+06
L7 0.0000000000E+00  0.4733873389E+04  0.1297857504E+05  0.2027255907E+05
L8 0.5768840592E+04  0.5760374839E+05  0.0000000000E+00  0.0000000000E+00
L9 0.0000000000E+00  0.0000000000E+00  0.0000000000E+00  0.1042817506E+01  0.0000000000E+00
L0     9000  0.1280000000E+03  -.3109419713E+06  0.8346225535E+05
L1 0.3002430748E+03  0.3002430748E+03  -.3944042267E+12  0.1000000000E+01
L2 0.1000000000E+01  0.1198161385E+03  0.1198161385E+03  0.1198161385E+03
L3 0.1324108514E+07  0.6986741404E+02  0.1285835180E+03  -.1556354355E+03
L4 0.1427183219E+02  0.1077939235E+05  0.1101984298E+05  0.1088827186E+05
L5 0.3268750719E+05  0.1011357543E+05  0.9794478007E+04  0.1237143404E+05
L6 0.3227948748E+05  -.3944042267E+06  0.3608380013E+05  -.5315154053E+06
L7 0.0000000000E+00  0.4646590705E+04  0.1291508746E+05  0.2027736004E+05
L8 0.5740436416E+04  0.5744790390E+05  0.0000000000E+00  0.0000000000E+00
L9 0.0000000000E+00  0.0000000000E+00  0.0000000000E+00  0.1041979425E+01  0.0000000000E+00
L0    10000  0.1300000000E+03  -.3111764780E+06  0.8350476919E+05
L1 0.3003960120E+03  0.3003960120E+03  -.3946812472E+12  0.1000000000E+01
L2 0.1000000000E+01  0.1197966648E+03  0.1197966648E+03  0.1197966648E+03
L3 0.1323474904E+07  0.1001121330E+03  -.3225843677E+03  -.3733936260E+02
L4 -.8660386575E+02  0.1094358257E+05  0.1094971880E+05  0.1080883355E+05
L5 0.3270213493E+05  0.9989998464E+04  0.1402238659E+05  0.1116449696E+05
L6 0.3517688202E+05  -.3946812472E+06  0.3659131591E+05  -.5327004966E+06
L7 0.0000000000E+00  0.4712455493E+04  0.1302760659E+05  0.2033701892E+05
L8 0.5770211237E+04  0.5758064120E+05  0.0000000000E+00  0.0000000000E+00
L9 0.0000000000E+00  0.0000000000E+00  0.0000000000E+00  0.1042478270E+01  0.0000000000E+00
L0    11000  0.1320000000E+03  -.3106712935E+06  0.8405471022E+05
L1 0.3023743432E+03  0.3023743432E+03  -.3947260037E+12  0.1000000000E+01
L2 0.1000000000E+01  0.1197940136E+03  0.1197940136E+03  0.1197940136E+03
L3 0.1323375360E+07  -.1581496142E+03  0.1612621704E+03  0.3383246824E+02
L4 0.1231500815E+02  0.1096282221E+05  0.1092030201E+05  0.1093042252E+05
L5 0.3281354674E+05  0.1246910933E+05  0.9384369525E+04  0.1060818707E+05
L6 0.3246166593E+05  -.3947260037E+06  0.3634521565E+05  -.5323790306E+06
L7 0.0000000000E+00  0.4755988948E+04  0.1303754620E+05  0.2020293944E+05
L8 0.5735920582E+04  0.5757541610E+05  0.0000000000E+00  0.0000000000E+00
L9 0.0000000000E+00  0.0000000000E+00  0.0000000000E+00  0.1042556684E+01  0.0000000000E+00
L0    12000  0.1340000000E+03  -.3109862855E+06  0.8332274744E+05
L1 0.2997412158E+03  0.2997412158E+03  -.3943090329E+12  0.1000000000E+01
L2 0.1000000000E+01  0.1198146933E+03  0.1198146933E+03  0.1198146933E+03
L3 0.1324048025E+07  -.7691517413E+02  0.1582897639E+03  0.2808533756E+03
L4 0.1207426551E+03  0.1096613535E+05  0.1092325843E+05  0.1089324955E+05
L5 0.3278264333E+05  0.1169908197E+05  0.9414870153E+04  0.8216917674E+04
L6 0.2933086980E+05  -.3943090329E+06  0.3677002680E+05  -.5324121732E+06
L7 0.0000000000E+00  0.4808081439E+04  0.1295830791E+05  0.2026264745E+05
L8 0.5778744583E+04  0.5752533206E+05  0.0000000000E+00  0.0000000000E+00
L9 0.0000000000E+00  0.0000000000E+00  0.0000000000E+00  0.1042027027E+01  0.0000000000E+00
L0    13000  0.1360000000E+03  -.3113155882E+06  0.8374752260E+05
L1 0.3012692814E+03  0.3012692814E+03  -.3950631108E+12  0.1000000000E+01
L2 0.1000000000E+01  0.1198294132E+03  0.1198294132E+03  0.1198294132E+03
L3 0.1324563688E+07  -.1797640443E+03  -.4816828916E+02  -.1107177727E+03
L4 -.1128833687E+03  0.1084809008E+05  0.1082814228E+05  0.1104469579E+05
L5 0.3272092816E+05  0.1256178005E+05  0.1128733041E+05  0.1210016791E+05
L6 0.3594927837E+05  -.3950631108E+06  0.3670294092E+05  -.5329057492E+06
L7 0.0000000000E+00  0.4711061697E+04  0.1290227960E+05  0.2030943431E+05
L8 0.5791573284E+04  0.5742534858E+05  0.0000000000E+00  0.0000000000E+00
L9 0.0000000000E+00  0.0000000000E+00  0.0000000000E+00  0.1041621358E+01  0.0000000000E+00
L0    14000  0.1380000000E+03  -.3118953652E+06  0.8323603790E+05
L1 0.2994292911E+03  0.2994292911E+03  -.3951314031E+12  0.1000000000E+01
L2 0.1000000000E+01  0.1197600640E+03  0.1197600640E+03  0.1197600640E+03
L3 0.1322238964E+07  0.1440193509E+03  0.1790950102E+03  0.8464767369E+01
L4 0.1105263762E+03  0.1095515779E+05  0.1086658987E+05  0.1093891426E+05
L5 0.3276066192E+05  0.9584631472E+04  0.9162274280E+04  0.1085836129E+05
L6 0.2960526704E+05  -.3951314031E+06  0.3751713022E+05  -.5338818198E+06
L7 0.0000000000E+00  0.4660728403E+04  0.1278217459E+05  0.2036383225E+05
L8 0.5771250162E+04  0.5765530110E+05  0.0000000000E+00  0.0000000000E+00
L9 0.0000000000E+00  0.0000000000E+00  0.0000000000E+00  0.1043452709E+01  0.0000000000E+00
L0    15000  0.1400000000E+03  -.3113609399E+06  0.8356469307E+05
L1 0.3006115793E+03  0.3006115793E+03  -.3949256330E+12  0.1000000000E+01
L2 0.1000000000E+01  0.1198030024E+03  0.1198030024E+03  0.1198030024E+03
L3 0.1323674028E+07  -.2334352579E+03  0.2416686659E+02  0.2272989533E+03
L4 0.6010187329E+01  0.1100983016E+05  0.1086885270E+05  0.1094775602E+05
L5 0.3282643888E+05  0.1323367293E+05  0.1063862479E+05  0.8782371320E+04
L6 0.3265466905E+05  -.3949256330E+06  0.3623133062E+05  -.5324309186E+06
L7 0.0000000000E+00  0.4721892256E+04  0.1276021740E+05  0.2039507867E+05
L8 0.5838691778E+04  0.5755807489E+05  0.0000000000E+00  0.0000000000E+00
L9 0.0000000000E+00  0.0000000000E+00  0.0000000000E+00  0.1042321447E+01  0.0000000000E+00
L0    16000  0.1420000000E+03  -.3115594232E+06  0.8333266718E+05
L1 0.2997769006E+03  0.2997769006E+03  -.3948920904E+12  0.1000000000E+01
L2 0.1000000000E+01  0.1197556688E+03  0.1197556688E+03  0.1197556688E+03
L3 0.1322105431E+07  0.1091947374E+02  -.1962224266E+03  0.2105552835E+03
L4 0.8417443567E+01  0.1112598191E+05  0.1086452664E+05  0.1098585579E+05
L5 0.3297636434E+05  0.1102207979E+05  0.1273164269E+05  0.8982358256E+04
L6 0.3273608074E+05  -.3948920904E+06  0.3670169796E+05  -.5329565029E+06
L7 0.0000000000E+00  0.4761789274E+04  0.1290768615E+05  0.2029049283E+05
L8 0.5759066550E+04  0.5764367978E+05  0.0000000000E+00  0.0000000000E+00
L9 0.0000000000E+00  0.0000000000E+00  0.0000000000E+00  0.1043558097E+01  0.0000000000E+00
L0    17000  0.1440000000E+03  -.3118651115E+06  0.8309601720E+05
L1 0.2989255874E+03  0.2989255874E+03  -.3949611287E+12  0.1000000000E+01
L2 0.1000000000E+01  0.1197535913E+03  0.1197535913E+03  0.1197535913E+03
L3 0.1322045759E+07  -.1116089538E+03  -.1671201532E+03  0.7170045219E+02
L4 -.6900955158E+02  0.1086515526E+05  0.1099137524E+05  0.1083723526E+05
L5 0.3269376576E+05  0.1192710046E+05  0.1258150253E+05  0.1015501445E+05
L6 0.3466361744E+05  -.3949611287E+06  0.3645683424E+05  -.5327254399E+06
L7 0.0000000000E+00  0.4836105588E+04  0.1293669298E+05  0.2032752926E+05
L8 0.5746308360E+04  0.5746084072E+05  0.0000000000E+00  0.0000000000E+00
L9 0.0000000000E+00  0.0000000000E+00  0.0000000000E+00  0.1043605200E+01  0.0000000000E+00
L0    18000  0.1460000000E+03  -.3113604265E+06  0.8332090999E+05
L1 0.2997346058E+03  0.2997346058E+03  -.3946813365E+12  0.1000000000E+01
L2 0.1000000000E+01  0.1197636785E+03  0.1197636785E+03  0.1197636785E+03
L3 0.1322374133E+07  0.6461268093E+02  -.3143970819E+03  0.1885521123E+03
L4 -.2041076289E+02  0.1092895080E+05  0.1091981409E+05  0.1078601234E+05
L5 0.3263477724E+05  0.1031401655E+05  0.1391200592E+05  0.8991517028E+04
L6 0.3321753949E+05  -.3946813365E+06  0.3636411772E+05  -.5323734472E+06
L7 0.0000000000E+00  0.4892166427E+04  0.1297789952E+05  0.2028439154E+05
L8 0.5781156993E+04  0.5739237848E+05  0.0000000000E+00  0.0000000000E+00
L9 0.0000000000E+00  0.0000000000E+00  0.0000000000E+00  0.1043346050E+01  0.0000000000E+00
L0    19000  0.1480000000E+03  -.3118081378E+06  0.8341234713E+05
L1 0.3000635374E+03  0.3000635374E+03  -.3952204850E+12  0.1000000000E+01
L2 0.1000000000E+01  0.1197679135E+03  0.1197679135E+03  0.1197679135E+03
L3 0.1322510785E+07  -.2727048920E+03  0.1564973771E+03  0.1473822729E+03
L4 0.1039158602E+02  0.1076540628E+05  0.1086612048E+05  0.1081432346E+05
L5 0.3244585021E+05  0.1336107181E+05  0.9376543796E+04  0.9411506353E+04
L6 0.3214912196E+05  -.3952204850E+06  0.3687799839E+05  -.5333724126E+06
L7 0.0000000000E+00  0.4778821977E+04  0.1294841104E+05  0.2029204628E+05
L8 0.5718740723E+04  0.5753590924E+05  0.0000000000E+00  0.0000000000E+00
L9 0.0000000000E+00  0.0000000000E+00  0.0000000000E+00  0.1043238243E+01  0.0000000000E+00
L0    20000  0.1500000000E+03  -.3114354190E+06  0.8359412332E+05
L1 0.3007174502E+03  0.3007174502E+03  -.3950295423E+12  0.1000000000E+01
L2 0.1000000000E+01  0.1197490873E+03  0.1197490873E+03  0.1197490873E+03
L3 0.1321895854E+07  0.1689585761E+03  -.5471238945E+02  -.3024183989E+03
L4 -.6272407075E+02  0.1082000098E+05  0.1099677214E+05  0.1081612591E+05
L5 0.3263289904E+05  0.9212563607E+04  0.1151729464E+05  0.1369327277E+05
L6 0.3442313102E+05  -.3950295423E+06  0.3640758057E+05  -.5327749135E+06
L7 0.0000000000E+00  0.4802712295E+04  0.1290498765E+05  0.2035425303E+05
L8 0.5750949595E+04  0.5752488806E+05  0.0000000000E+00  0.0000000000E+00
L9 0.0000000000E+00  0.0000000000E+00  0.0000000000E+00  0.1043723546E+01  0.0000000000E+00
L0    21000  0.1520000000E+03  -.3110562897E+06  0.8390937847E+05
L1 0.3018515338E+03  0.3018515338E+03  -.3949656682E+12  0.1000000000E+01
L2 0.1000000000E+01  0.1197366556E+03  0.1197366556E+03  0.1197366556E+03
L3 0.1321498660E+07  0.1574083729E+02  -.2374839098E+03  -.3344099445E+03
L4 -.1853843390E+03  0.1104733291E+05  0.1093228376E+05  0.1090123867E+05
L5 0.3288085533E+05  0.1089762279E+05  0.1319097827E+05  0.1408179060E+05
L6 0.3817039167E+05  -.3949656682E+06  0.3649919362E+05  -.5328710649E+06
L7 0.0000000000E+00  0.4752698043E+04  0.1299905638E+05  0.2032959898E+05
L8 0.5757664736E+04  0.5756718497E+05  0.0000000000E+00  0.0000000000E+00
L9 0.0000000000E+00  0.0000000000E+00  0.0000000000E+00  0.1044037251E+01  0.0000000000E+00
L0    22000  0.1540000000E+03  -.3105644453E+06  0.8380803459E+05
L1 0.3014869643E+03  0.3014869643E+03  -.3943724799E+12  0.1000000000E+01
L2 0.1000000000E+01  0.1197763399E+03  0.1197763399E+03  0.1197763399E+03
L3 0.1322796009E+07  -.2648780214E+03  0.9410574733E+02  0.4781677004E+02
L4 -.4098516802E+02  0.1111741155E+05  0.1091865379E+05  0.1095432304E+05
L5 0.3299038839E+05  0.1363912294E+05  0.1002274127E+05  0.1049909428E+05
L6 0.3416095850E+05  -.3943724799E+06  0.3652318211E+05  -.5323609681E+06
L7 0.0000000000E+00  0.4665151489E+04  0.1311162264E+05  0.2030418296E+05
L8 0.5788751163E+04  0.5759559785E+05  0.0000000000E+00  0.0000000000E+00
L9 0.0000000000E+00  0.0000000000E+00  0.0000000000E+00  0.1043013298E+01  0.0000000000E+00
L0    23000  0.1560000000E+03  -.3115334454E+06  0.8336866077E+05
L1 0.2999063822E+03  0.2999063822E+03  -.3949021062E+12  0.1000000000E+01
L2 0.1000000000E+01  0.1197774966E+03  0.1197774966E+03  0.1197774966E+03
L3 0.1322836615E+07  0.1636252869E+03  -.2304837381E+03  -.1141644129E+03
L4 -.6034095468E+02  0.1105529189E+05  0.1089800863E+05  0.1093944350E+05
L5 0.3289274401E+05  0.9497486474E+04  0.1309234437E+05  0.1202635337E+05
L6 0.3461618421E+05  -.3949021062E+06  0.3625527918E+05  -.5325196182E+06
L7 0.0000000000E+00  0.4722664249E+04  0.1293281160E+05  0.2032515521E+05
L8 0.5758788279E+04  0.5762281350E+05  0.0000000000E+00  0.0000000000E+00
L9 0.0000000000E+00  0.0000000000E+00  0.0000000000E+00  0.1042981281E+01  0.0000000000E+00
L0    24000  0.1580000000E+03  -.3110799695E+06  0.8390364532E+05
L1 0.3018309097E+03  0.3018309097E+03  -.3949836149E+12  0.1000000000E+01
L2 0.1000000000E+01  0.1197486938E+03  0.1197486938E+03  0.1197486938E+03
L3 0.1321888660E+07  -.2036541714E+03  -.2681224982E+03  0.1350770879E+03
L4 -.1122331939E+03  0.1094548440E+05  0.1105349083E+05  0.1085314005E+05
L5 0.3285211529E+05  0.1288299803E+05  0.1360433962E+05  0.9568051231E+04
L6 0.3605538888E+05  -.3949836149E+06  0.3651759898E+05  -.5327615338E+06
L7 0.0000000000E+00  0.4691091444E+04  0.1292653765E+05  0.2032759447E+05
L8 0.5758971316E+04  0.5755612508E+05  0.0000000000E+00  0.0000000000E+00
L9 0.0000000000E+00  0.0000000000E+00  0.0000000000E+00  0.1043729226E+01  0.0000000000E+00
L0    25000  0.1600000000E+03  -.3110957200E+06  0.8371704170E+05
L1 0.3011596309E+03  0.3011596309E+03  -.3948127617E+12  0.1000000000E+01
L2 0.1000000000E+01  0.1197481856E+03  0.1197481856E+03  0.1197481856E+03
L3 0.1321861547E+07  0.4024687925E+01  -.1261336264E+03  0.4704615382E+02
L4 -.2502092822E+02  0.1094934968E+05  0.1087196821E+05  0.1092218768E+05
L5 0.3274350556E+05  0.1091106061E+05  0.1207194661E+05  0.1047461180E+05
L6 0.3345761903E+05  -.3948127617E+06  0.3635136437E+05  -.5323531458E+06
L7 0.0000000000E+00  0.4763562586E+04  0.1296405292E+05  0.2018742433E+05
L8 0.5764661501E+04  0.5750931836E+05  0.0000000000E+00  0.0000000000E+00
L9 0.0000000000E+00  0.0000000000E+00  0.0000000000E+00  0.1043750634E+01  0.0000000000E+00
L0    26000  0.1620000000E+03  -.3117335402E+06  0.8345765297E+05
L1 0.3002265184E+03  0.3002265184E+03  -.3951911932E+12  0.1000000000E+01
L2 0.1000000000E+01  0.1198015029E+03  0.1198015029E+03  0.1198015029E+03
L3 0.1323620900E+07  -.9848207479E+02  0.1210199629E+02  0.1914717109E+03
L4 0.3503054414E+02  0.1096400542E+05  0.1098511147E+05  0.1089131460E+05
L5 0.3284043149E+05  0.1190216644E+05  0.1086982530E+05  0.9067314683E+04
L6 0.3183930643E+05  -.3951911932E+06  0.3694347887E+05  -.5334763730E+06
L7 0.0000000000E+00  0.4768584392E+04  0.1297483347E+05  0.2028733309E+05
L8 0.5744679559E+04  0.5756627046E+05  0.0000000000E+00  0.0000000000E+00
L9 0.0000000000E+00  0.0000000000E+00  0.0000000000E+00  0.1042363284E+01  0.0000000000E+00
L0    27000  0.1640000000E+03  -.3120124955E+06  0.8297585830E+05
L1 0.2984933336E+03  0.2984933336E+03  -.3949883538E+12  0.1000000000E+01
L2 0.1000000000E+01  0.1197928736E+03  0.1197928736E+03  0.1197928736E+03
L3 0.1323333233E+07  0.6424171085E+02  -.7036757957E+02  0.1535874687E+03
L4 0.4915386665E+02  0.1087865121E+05  0.1088482105E+05  0.1088703593E+05
L5 0.3265050818E+05  0.1026680412E+05  0.1155501177E+05  0.9424247277E+04
L6 0.3124606317E+05  -.3949883538E+06  0.3656534781E+05  -.5329263193E+06
L7 0.0000000000E+00  0.4805168105E+04  0.1283656984E+05  0.2038943917E+05
L8 0.5803191508E+04  0.5753824913E+05  0.0000000000E+00  0.0000000000E+00
L9 0.0000000000E+00  0.0000000000E+00  0.0000000000E+00  0.1042589874E+01  0.0000000000E+00
L0    28000  0.1660000000E+03  -.3124573445E+06  0.8335541415E+05
L1 0.2998587294E+03  0.2998587294E+03  -.3958127586E+12  0.1000000000E+01
L2 0.1000000000E+01  0.1197581511E+03  0.1197581511E+03  0.1197581511E+03
L3 0.1322184362E+07  -.1954446000E+03  0.2063692319E+03  0.9790965933E+02
L4 0.3627809709E+02  0.1095077250E+05  0.1088360482E+05  0.1089250429E+05
L5 0.3272688161E+05  0.1281059832E+05  0.8919821600E+04  0.9960808496E+04
L6 0.3169122841E+05  -.3958127586E+06  0.3717536985E+05  -.5342653800E+06
L7 0.0000000000E+00  0.4858075031E+04  0.1278805027E+05  0.2036418744E+05
L8 0.5712687811E+04  0.5755425098E+05  0.0000000000E+00  0.0000000000E+00
L9 0.0000000000E+00  0.0000000000E+00  0.0000000000E+00  0.1043495799E+01  0.0000000000E+00
L0    29000  0.1680000000E+03  -.3122902911E+06  0.8296243457E+05
L1 0.2984450437E+03  0.2984450437E+03  -.3952527256E+12  0.1000000000E+01
L2 0.1000000000E+01  0.1197955041E+03  0.1197955041E+03  0.1197955041E+03
L3 0.1323435621E+07  -.1051223718E+03  -.1723321940E+03  0.3841892745E+02
L4 -.7967854612E+02  0.1077709711E+05  0.1106497609E+05  0.1080420114E+05
L5 0.3264627435E+05  0.1177837483E+05  0.1270641913E+05  0.1043826556E+05
L6 0.3492305952E+05  -.3952527256E+06  0.3677981391E+05  -.5333299106E+06
L7 0.0000000000E+00  0.4721772614E+04  0.1296527931E+05  0.2029358291E+05
L8 0.5769273965E+04  0.5754746228E+05  0.0000000000E+00  0.0000000000E+00
L9 0.0000000000E+00  0.0000000000E+00  0.0000000000E+00  0.1042509214E+01  0.0000000000E+00
L0    30000  0.1700000000E+03  -.3114882921E+06  0.8331594057E+05
L1 0.2997167291E+03  0.2997167291E+03  -.3948042327E+12  0.1000000000E+01
L2 0.1000000000E+01  0.1197439754E+03  0.1197439754E+03  0.1197439754E+03
L3 0.1321722288E+07  0.1616071176E+03  -.2070395356E+03  -.3370953124E+02
L4 -.2638064974E+02  0.1092963453E+05  0.1086195665E+05  0.1081044472E+05
L5 0.3260203590E+05  0.9392339306E+04  0.1283142986E+05  0.1113110821E+05
L6 0.3335487738E+05  -.3948042327E+06  0.3694335027E+05  -.5329999218E+06
L7 0.0000000000E+00  0.4720639750E+04  0.1302720648E+05  0.2030211933E+05
L8 0.5809700883E+04  0.5739267238E+05  0.0000000000E+00  0.0000000000E+00
L9 0.0000000000E+00  0.0000000000E+00  0.0000000000E+00  0.1043860605E+01  0.0000000000E+00
L0    31000  0.1720000000E+03  -.3117488862E+06  0.8324881623E+05
L1 0.2994752592E+03  0.2994752592E+03  -.3949977024E+12  0.1000000000E+01
L2 0.1000000000E+01  0.1197838413E+03  0.1197838413E+03  0.1197838413E+03
L3 0.1323053138E+07  0.9670147788E+02  -.4567773525E+03  0.1898406576E+02
L4 -.1136972696E+03  0.1091270291E+05  0.1093359212E+05  0.1085355703E+05
L5 0.3269985206E+05  0.9991899372E+04  0.1528308306E+05  0.1067278838E+05
L6 0.3594777082E+05  -.3949977024E+06  0.3689414526E+05  -.5334798864E+06
L7 0.0000000000E+00  0.4765370099E+04  0.1304080844E+05  0.2032768973E+05
L8 0.5823446808E+04  0.5763072367E+05  0.0000000000E+00  0.0000000000E+00
L9 0.0000000000E+00  0.0000000000E+00  0.0000000000E+00  0.1042810593E+01  0.0000000000E+00
L0    32000  0.1740000000E+03  -.3117219974E+06  0.8342089778E+05
L1 0.3000942970E+03  0.3000942970E+03  -.3951428952E+12  0.1000000000E+01
L2 0.1000000000E+01  0.1197820290E+03  0.1197820290E+03  0.1197820290E+03
L3 0.1322983565E+07  -.1399792260E+03  0.2414184030E+03  -.2004323511E+03
L4 -.3299772470E+02  0.1079222913E+05  0.1104676399E+05  0.1086832497E+05
L5 0.3270731810E+05  0.1212505869E+05  0.8748068726E+04  0.1277676646E+05
L6 0.3364989388E+05  -.3951428952E+06  0.3668693358E+05  -.5332832861E+06
L7 0.0000000000E+00  0.4825997325E+04  0.1303906425E+05  0.2030090218E+05
L8 0.5755393182E+04  0.5753210038E+05  0.0000000000E+00  0.0000000000E+00
L9 0.0000000000E+00  0.0000000000E+00  0.0000000000E+00  0.1042865433E+01  0.0000000000E+00
L0    33000  0.1760000000E+03  -.3121261037E+06  0.8345505599E+05
L1 0.3002171761E+03  0.3002171761E+03  -.3955811597E+12  0.1000000000E+01
L2 0.1000000000E+01  0.1197222656E+03  0.1197222656E+03  0.1197222656E+03
L3 0.1320997003E+07  -.2119306343E+03  0.6619188801E+02  0.2326503706E+03
L4 0.2897054143E+02  0.1088587485E+05  0.1089878464E+05  0.1080486667E+05
L5 0.3258952616E+05  0.1290076860E+05  0.1026947674E+05  0.8592983615E+04
L6 0.3176322896E+05  -.3955811597E+06  0.3715343144E+05  -.5340350613E+06
L7 0.0000000000E+00  0.4767193658E+04  0.1285726651E+05  0.2038262040E+05
L8 0.5799633175E+04  0.5749375644E+05  0.0000000000E+00  0.0000000000E+00
L9 0.0000000000E+00  0.0000000000E+00  0.0000000000E+00  0.1044433731E+01  0.0000000000E+00
L0    34000  0.1780000000E+03  -.3117223406E+06  0.8320361175E+05
L1 0.2993126428E+03  0.2993126428E+03  -.3949259524E+12  0.1000000000E+01
L2 0.1000000000E+01  0.1197651364E+03  0.1197651364E+03  0.1197651364E+03
L3 0.1322423830E+07  -.1849316543E+03  0.5647946988E+02  0.3151650565E+02
L4 -.3231189294E+02  0.1078288415E+05  0.1086006704E+05  0.1097968728E+05
L5 0.3262263847E+05  0.1254298884E+05  0.1032251829E+05  0.1067972593E+05
L6 0.3354523306E+05  -.3949259524E+06  0.3624604943E+05  -.5326150742E+06
L7 0.0000000000E+00  0.4809532870E+04  0.1294893982E+05  0.2037139295E+05
L8 0.5777628725E+04  0.5753557801E+05  0.0000000000E+00  0.0000000000E+00
L9 0.0000000000E+00  0.0000000000E+00  0.0000000000E+00  0.1043306841E+01  0.0000000000E+00
L0    35000  0.1800000000E+03  -.3117995198E+06  0.8322121672E+05
L1 0.2993759741E+03  0.2993759741E+03  -.3950207365E+12  0.1000000000E+01
L2 0.1000000000E+01  0.1197690279E+03  0.1197690279E+03  0.1197690279E+03
L3 0.1322546709E+07  0.2326567673E+02  0.7019986104E+02  -.3701385265E+02
L4 0.1881722837E+02  0.1093797412E+05  0.1096129446E+05  0.1085542546E+05
L5 0.3275469404E+05  0.1071652024E+05  0.1029309849E+05  0.1120774108E+05
L6 0.3221735981E+05  -.3950207365E+06  0.3708765481E+05  -.5335622329E+06
L7 0.0000000000E+00  0.4721309696E+04  0.1276710704E+05  0.2038820499E+05
L8 0.5825353012E+04  0.5775186689E+05  0.0000000000E+00  0.0000000000E+00
L9 0.0000000000E+00  0.0000000000E+00  0.0000000000E+00  0.1043209906E+01  0.0000000000E+00
L0    36000  0.1820000000E+03  -.3119265365E+06  0.8336577516E+05
L1 0.2998960016E+03  0.2998960016E+03  -.3952923117E+12  0.1000000000E+01
L2 0.1000000000E+01  0.1197664443E+03  0.1197664443E+03  0.1197664443E+03
L3 0.1322477577E+07  0.1462134065E+02  -.1784127246E+03  -.1982101868E+03
L4 -.1206671902E+03  0.1087761452E+05  0.1094592050E+05  0.1089907392E+05
L5 0.3272260894E+05  0.1073844886E+05  0.1264404967E+05  0.1278563499E+05
L6 0.3616813352E+05  -.3952923117E+06  0.3675209747E+05  -.5334838711E+06
L7 0.0000000000E+00  0.4809948004E+04  0.1297944536E+05  0.2035390392E+05
L8 0.5728430450E+04  0.5756773425E+05  0.0000000000E+00  0.0000000000E+00
L9 0.0000000000E+00  0.0000000000E+00  0.0000000000E+00  0.1043264439E+01  0.0000000000E+00
L0    37000  0.1840000000E+03  -.3118428861E+06  0.8336121698E+05
L1 0.2998796042E+03  0.2998796042E+03  -.3952041031E+12  0.1000000000E+01
L2 0.1000000000E+01  0.1197439910E+03  0.1197439910E+03  0.1197439910E+03
L3 0.1321716192E+07  -.1790097979E+02  0.1128223253E+03  -.5813693634E+01
L4 0.2970255064E+02  0.1079933917E+05  0.1082762159E+05  0.1093152939E+05
L5 0.3255849015E+05  0.1096962228E+05  0.9754398919E+04  0.1098683217E+05
L6 0.3171085337E+05  -.3952041031E+06  0.3691809773E+05  -.5336943953E+06
L7 0.0000000000E+00  0.4670024113E+04  0.1315626040E+05  0.2035630236E+05
L8 0.5791528927E+04  0.5759807869E+05  0.0000000000E+00  0.0000000000E+00
L9 0.0000000000E+00  0.0000000000E+00  0.0000000000E+00  0.1043865420E+01  0.0000000000E+00
L0    38000  0.1860000000E+03  -.3110487265E+06  0.8368942415E+05
L1 0.3010602808E+03  0.3010602808E+03  -.3947381507E+12  0.1000000000E+01
L2 0.1000000000E+01  0.1198239188E+03  0.1198239188E+03  0.1198239188E+03
L3 0.1324367040E+07  0.1912706120E+03  0.4113041918E+02  -.2039737491E+03
L4 0.9475760701E+01  0.1089248050E+05  0.1090532770E+05  0.1100424146E+05
L5 0.3280204966E+05  0.9069369170E+04  0.1051328977E+05  0.1294843378E+05
L6 0.3253109272E+05  -.3947381507E+06  0.3663130100E+05  -.5327012875E+06
L7 0.0000000000E+00  0.4744942874E+04  0.1294275968E+05  0.2034212652E+05
L8 0.5776348472E+04  0.5752565826E+05  0.0000000000E+00  0.0000000000E+00
L9 0.0000000000E+00  0.0000000000E+00  0.0000000000E+00  0.1041776023E+01  0.0000000000E+00
L0    39000  0.1880000000E+03  -.3109370784E+06  0.8367475559E+05
L1 0.3010075129E+03  0.3010075129E+03  -.3946118340E+12  0.1000000000E+01
L2 0.1000000000E+01  0.1198255714E+03  0.1198255714E+03  0.1198255714E+03
L3 0.1324430388E+07  -.8975417587E+02  -.6457257585E+02  -.3437079797E+02
L4 -.6289918323E+02  0.1102202999E+05  0.1094673358E+05  0.1083120610E+05
L5 0.3279996967E+05  0.1187757011E+05  0.1156224176E+05  0.1115882982E+05
L6 0.3459864168E+05  -.3946118340E+06  0.3655918865E+05  -.5324958044E+06
L7 0.0000000000E+00  0.4875551011E+04  0.1290579159E+05  0.2028174481E+05
L8 0.5750754460E+04  0.5751093989E+05  0.0000000000E+00  0.0000000000E+00
L9 0.0000000000E+00  0.0000000000E+00  0.0000000000E+00  0.1041726195E+01  0.0000000000E+00
L0    40000  0.1900000000E+03  -.3115700121E+06  0.8356507103E+05
L1 0.3006129389E+03  0.3006129389E+03  -.3951350831E+12  0.1000000000E+01
L2 0.1000000000E+01  0.1197836743E+03  0.1197836743E+03  0.1197836743E+03
L3 0.1323041870E+07  0.4632119069E+02  -.2777694338E+03  0.3610685275E+02
L4 -.6511379679E+02  0.1107281804E+05  0.1088296714E+05  0.1089006714E+05
L5 0.3284585231E+05  0.1063174564E+05  0.1352789981E+05  0.1054625611E+05
L6 0.3470590156E+05  -.3951350831E+06  0.3670929966E+05  -.5331843716E+06
L7 0.0000000000E+00  0.4759321603E+04  0.1295112479E+05  0.2025286887E+05
L8 0.5791459359E+04  0.5758521418E+05  0.0000000000E+00  0.0000000000E+00
L9 0.0000000000E+00  0.0000000000E+00  0.0000000000E+00  0.1042819475E+01  0.0000000000E+00
L0    41000  0.1920000000E+03  -.3116451651E+06  0.8372569520E+05
L1 0.3011907605E+03  0.3011907605E+03  -.3953708603E+12  0.1000000000E+01
L2 0.1000000000E+01  0.1197560469E+03  0.1197560469E+03  0.1197560469E+03
L3 0.1322132733E+07  -.1425177799E+03  0.1747896997E+03  -.3829305914E+03
L4 -.1168862239E+03  0.1082710495E+05  0.1091482040E+05  0.1081287294E+05
L5 0.3255479828E+05  0.1218323296E+05  0.9251608919E+04  0.1445664918E+05
L6 0.3589149106E+05  -.3953708603E+06  0.3678816297E+05  -.5334888663E+06
L7 0.0000000000E+00  0.4778121095E+04  0.1282299719E+05  0.2031063313E+05
L8 0.5745101155E+04  0.5767299051E+05  0.0000000000E+00  0.0000000000E+00
L9 0.0000000000E+00  0.0000000000E+00  0.0000000000E+00  0.1043536548E+01  0.0000000000E+00
L0    42000  0.1940000000E+03  -.3115998376E+06  0.8316739133E+05
L1 0.2991823452E+03  0.2991823452E+03  -.3947672290E+12  0.1000000000E+01
L2 0.1000000000E+01  0.1197994841E+03  0.1197994841E+03  0.1197994841E+03
L3 0.1323547706E+07  -.7675863738E+02  0.3193678799E+03  0.2208770850E+02
L4 0.8823231700E+02  0.1095252619E+05  0.1089711245E+05  0.1087746445E+05
L5 0.3272710309E+05  0.1168370473E+05  0.7854914881E+04  0.1066706391E+05
L6 0.3020568352E+05  -.3947672290E+06  0.3657103694E+05  -.5328803236E+06
L7 0.0000000000E+00  0.4794662335E+04  0.1298866871E+05  0.2033361042E+05
L8 0.5778333276E+04  0.5764678295E+05  0.0000000000E+00  0.0000000000E+00
L9 0.0000000000E+00  0.0000000000E+00  0.0000000000E+00  0.1042420928E+01  0.0000000000E+00
L0    43000  0.1960000000E+03  -.3121071259E+06  0.8316330020E+05
L1 0.2991676280E+03  0.2991676280E+03  -.3952704261E+12  0.1000000000E+01
L2 0.1000000000E+01  0.1197172196E+03  0.1197172196E+03  0.1197172196E+03
L3 0.1320835182E+07  -.8953779781E+02  -.2828245643E+03  0.3268294160E+03
L4 -.1517764868E+02  0.1087649135E+05  0.1079090587E+05  0.1096639251E+05
L5 0.3263378973E+05  0.1172765216E+05  0.1347948198E+05  0.7859499151E+04
L6 0.3306663328E+05  -.3952704261E+06  0.3675520061E+05  -.5334094096E+06
L7 0.0000000000E+00  0.4881566388E+04  0.1284648592E+05  0.2033946800E+05
L8 0.5704677798E+04  0.5761158486E+05  0.0000000000E+00  0.0000000000E+00
L9 0.0000000000E+00  0.0000000000E+00  0.0000000000E+00  0.1044561688E+01  0.0000000000E+00
L0    44000  0.1980000000E+03  -.3122063032E+06  0.8320640340E+05
L1 0.2993226854E+03  0.2993226854E+03  -.3954127067E+12  0.1000000000E+01
L2 0.1000000000E+01  0.1197236375E+03  0.1197236375E+03  0.1197236375E+03
L3 0.1321059771E+07  -.1013621412E+03  -.2374704546E+02  -.2298046945E+03
L4 -.1183046271E+03  0.1090390079E+05  0.1099071453E+05  0.1082695475E+05
L5 0.3272157007E+05  0.1186762956E+05  0.1121649618E+05  0.1301188684E+05
L6 0.3609601258E+05  -.3954127067E+06  0.3644022858E+05  -.5332111943E+06
L7 0.0000000000E+00  0.4758131094E+04  0.1284295181E+05  0.2027125808E+05
L8 0.5779753765E+04  0.5770616428E+05  0.0000000000E+00  0.0000000000E+00
L9 0.0000000000E+00  0.0000000000E+00  0.0000000000E+00  0.1044384106E+01  0.0000000000E+00
L0    45000  0.2000000000E+03  -.3119683674E+06  0.8335026560E+05
L1 0.2998402083E+03  0.2998402083E+03  -.3953186330E+12  0.1000000000E+01
L2 0.1000000000E+01  0.1197221162E+03  0.1197221162E+03  0.1197221162E+03
L3 0.1320991658E+07  0.8071298655E+02  0.3053833774E+02  -.1419204970E+02
L4 0.3235309153E+02  0.1087610688E+05  0.1088155889E+05  0.1096066006E+05
L5 0.3271832583E+05  0.1010874526E+05  0.1059122212E+05  0.1109558796E+05
L6 0.3179555534E+05  -.3953186330E+06  0.3696835070E+05  -.5334848686E+06
L7 0.0000000000E+00  0.4858365949E+04  0.1286859387E+05  0.2015388374E+05
L8 0.5767646744E+04  0.5754939458E+05  0.0000000000E+00  0.0000000000E+00
L9 0.0000000000E+00  0.0000000000E+00  0.0000000000E+00  0.1044437957E+01  0.0000000000E+00
L0    46000  0.2020000000E+03  -.3117916674E+06  0.8348653979E+05
L1 0.3003304344E+03  0.3003304344E+03  -.3952782072E+12  0.1000000000E+01
L2 0.1000000000E+01  0.1197301686E+03  0.1197301686E+03  0.1197301686E+03
L3 0.1321258233E+07  0.1639309684E+03  0.2917508331E+02  -.9628599156E+02
L4 0.3227335337E+02  0.1091165564E+05  0.1092967190E+05  0.1093095672E+05
L5 0.3277228426E+05  0.9352802181E+04  0.1065224000E+05  0.1184656011E+05
L6 0.3185160230E+05  -.3952782072E+06  0.3649664064E+05  -.5332203861E+06
L7 0.0000000000E+00  0.4742103363E+04  0.1293478780E+05  0.2034470575E+05
L8 0.5797050821E+04  0.5762689049E+05  0.0000000000E+00  0.0000000000E+00
L9 0.0000000000E+00  0.0000000000E+00  0.0000000000E+00  0.1044227232E+01  0.0000000000E+00
L0    47000  0.2040000000E+03  -.3113911743E+06  0.8349475835E+05
L1 0.3003599995E+03  0.3003599995E+03  -.3948859326E+12  0.1000000000E+01
L2 0.1000000000E+01  0.1197093097E+03  0.1197093097E+03  0.1197093097E+03
L3 0.1320564720E+07  0.5480282587E+02  -.9758754913E+02  0.2180559644E+03
L4 0.5842374706E+02  0.1100558058E+05  0.1097115748E+05  0.1078768434E+05
L5 0.3276442240E+05  0.1048472272E+05  0.1189865057E+05  0.8715233479E+04
L6 0.3109860677E+05  -.3948859326E+06  0.3632529294E+05  -.5324073985E+06
L7 0.0000000000E+00  0.4793000759E+04  0.1287838345E+05  0.2026996979E+05
L8 0.5767227089E+04  0.5748759183E+05  0.0000000000E+00  0.0000000000E+00
L9 0.0000000000E+00  0.0000000000E+00  0.0000000000E+00  0.1044775623E+01  0.0000000000E+00
L0    48000  0.2060000000E+03  -.3116143164E+06  0.8344162246E+05
L1 0.3001688510E+03  0.3001688510E+03  -.3950559388E+12  0.1000000000E+01
L2 0.1000000000E+01  0.1197478105E+03  0.1197478105E+03  0.1197478105E+03
L3 0.1321855481E+07  -.2882947249E+03  0.1595534935E+03  -.1080339654E+03
L4 -.7892506561E+02  0.1107521717E+05  0.1090001919E+05  0.1089185919E+05
L5 0.3286709555E+05  0.1381791051E+05  0.9382106209E+04  0.1191964087E+05
L6 0.3511965759E+05  -.3950559388E+06  0.3652829723E+05  -.5330599175E+06
L7 0.0000000000E+00  0.4756052980E+04  0.1301144276E+05  0.2028819565E+05
L8 0.5813457498E+04  0.5760653257E+05  0.0000000000E+00  0.0000000000E+00
L9 0.0000000000E+00  0.0000000000E+00  0.0000000000E+00  0.1043755424E+01  0.0000000000E+00
L0    49000  0.2080000000E+03  -.3120371967E+06  0.8349272019E+05
L1 0.3003526675E+03  0.3003526675E+03  -.3955299169E+12  0.1000000000E+01
L2 0.1000000000E+01  0.1196917209E+03  0.1196917209E+03  0.1196917209E+03
L3 0.1319993173E+07  -.1340039266E+03  0.1172481657E+03  -.7441446491E+02
L4 -.3039007527E+02  0.1095853522E+05  0.1085582863E+05  0.1087922456E+05
L5 0.3269358841E+05  0.1223158619E+05  0.9741959105E+04  0.1158616956E+05
L6 0.3355971485E+05  -.3955299169E+06  0.3633657798E+05  -.5333468719E+06
L7 0.0000000000E+00  0.4720195562E+04  0.1306396264E+05  0.2033495265E+05
L8 0.5803431607E+04  0.5755783452E+05  0.0000000000E+00  0.0000000000E+00
L9 0.0000000000E+00  0.0000000000E+00  0.0000000000E+00  0.1045228003E+01  0.0000000000E+00
L0    50000  0.2100000000E+03  -.3117211014E+06  0.8335261815E+05
L1 0.2998486712E+03  0.2998486712E+03  -.3950737195E+12  0.1000000000E+01
L2 0.1000000000E+01  0.1197058746E+03  0.1197058746E+03  0.1197058746E+03
L3 0.1320447711E+07  0.6472202562E+02  0.2548637548E+03  -.5946770433E+02
L4 0.8670602537E+02  0.1082794825E+05  0.1090005027E+05  0.1083345605E+05
L5 0.3256145457E+05  0.1021287068E+05  0.8477984875E+04  0.1139859984E+05
L6 0.3008945540E+05  -.3950737195E+06  0.3674569958E+05  -.5330584619E+06
L7 0.0000000000E+00  0.4661809349E+04  0.1291069639E+05  0.2029862935E+05
L8 0.5762161168E+04  0.5760574657E+05  0.0000000000E+00  0.0000000000E+00
L9 0.0000000000E+00  0.0000000000E+00  0.0000000000E+00  0.1044868204E+01  0.0000000000E+00
L0    51000  0.2120000000E+03  -.3116049948E+06  0.8347319148E+05
L1 0.3002824159E+03  0.3002824159E+03  -.3950781863E+12  0.1000000000E+01
L2 0.1000000000E+01  0.1197568155E+03  0.1197568155E+03  0.1197568155E+03
L3 0.1322148441E+07  0.4912621518E+02  0.2701496598E+02  -.1788169226E+03
L4 -.3422524713E+02  0.1090738257E+05  0.1078686808E+05  0.1088109808E+05
L5 0.3257534873E+05  0.1043991649E+05  0.1052980410E+05  0.1258265082E+05
L6 0.3355237141E+05  -.3950781863E+06  0.3672487635E+05  -.5332818933E+06
L7 0.0000000000E+00  0.4808936680E+04  0.1290004072E+05  0.2028758655E+05
L8 0.5757714893E+04  0.5772455182E+05  0.0000000000E+00  0.0000000000E+00
L9 0.0000000000E+00  0.0000000000E+00  0.0000000000E+00  0.1043524150E+01  0.0000000000E+00
L0    52000  0.2140000000E+03  -.3120182075E+06  0.8331968459E+05
L1 0.2997301976E+03  0.2997301976E+03  -.3953378921E+12  0.1000000000E+01
L2 0.1000000000E+01  0.1196755988E+03  0.1196755988E+03  0.1196755988E+03
L3 0.1319467840E+07  -.3771692199E+03  -.9389499409E+02  0.1762226227E+03
L4 -.9828053045E+02  0.1082491556E+05  0.1100460576E+05  0.1090244145E+05
L5 0.3273196277E+05  0.1440663557E+05  0.1189626277E+05  0.9228974847E+04
L6 0.3553187319E+05  -.3953378921E+06  0.3635415230E+05  -.5329980327E+06
L7 0.0000000000E+00  0.4775626874E+04  0.1290172111E+05  0.2036959464E+05
L8 0.5731030608E+04  0.5752801514E+05  0.0000000000E+00  0.0000000000E+00
L9 0.0000000000E+00  0.0000000000E+00  0.0000000000E+00  0.1045644150E+01  0.0000000000E+00
L0    53000  0.2160000000E+03  -.3122577125E+06  0.8331958826E+05
L1 0.2997298511E+03  0.2997298511E+03  -.3955773008E+12  0.1000000000E+01
L2 0.1000000000E+01  0.1197028375E+03  0.1197028375E+03  0.1197028375E+03
L3 0.1320354831E+07  0.9066787028E+02  -.2570845589E+02  0.9239109498E+00
L4 0.2196110845E+02  0.1082274300E+05  0.1089158796E+05  0.1100396669E+05
L5 0.3271829765E+05  0.9961152990E+04  0.1113588783E+05  0.1099518703E+05
L6 0.3209222785E+05  -.3955773008E+06  0.3687479845E+05  -.5337159613E+06
L7 0.0000000000E+00  0.4707960199E+04  0.1285836349E+05  0.2030756954E+05
L8 0.5795419109E+04  0.5759454973E+05  0.0000000000E+00  0.0000000000E+00
L9 0.0000000000E+00  0.0000000000E+00  0.0000000000E+00  0.1044941705E+01  0.0000000000E+00
L0    54000  0.2180000000E+03  -.3108369054E+06  0.8378428407E+05
L1 0.3014015253E+03  0.3014015253E+03  -.3946211894E+12  0.1000000000E+01
L2 0.1000000000E+01  0.1197704100E+03  0.1197704100E+03  0.1197704100E+03
L3 0.1322584672E+07  0.1855175347E+03  0.1126232070E+03  -.4276938017E+02
L4 0.8512378719E+02  0.1095418941E+05  0.1085967643E+05  0.1101142871E+05
L5 0.3282529455E+05  0.9188293786E+04  0.9787643919E+04  0.1141853989E+05
L6 0.3039447759E+05  -.3946211894E+06  0.3636969771E+05  -.5322766984E+06
L7 0.0000000000E+00  0.4710029012E+04  0.1301636866E+05  0.2031172282E+05
L8 0.5685958685E+04  0.5756173208E+05  0.0000000000E+00  0.0000000000E+00
L9 0.0000000000E+00  0.0000000000E+00  0.0000000000E+00  0.1043179962E+01  0.0000000000E+00
L0    55000  0.2200000000E+03  -.3111350080E+06  0.8386345205E+05
L1 0.3016863203E+03  0.3016863203E+03  -.3949984600E+12  0.1000000000E+01
L2 0.1000000000E+01  0.1197759033E+03  0.1197759033E+03  0.1197759033E+03
L3 0.1322777503E+07  -.1716396963E+03  0.1350130705E+03  0.1641722377E+02
L4 -.6736467341E+01  0.1107031707E+05  0.1088312601E+05  0.1105089304E+05
L5 0.3300433612E+05  0.1270435118E+05  0.9597782539E+04  0.1089459876E+05
L6 0.3319673247E+05  -.3949984600E+06  0.3665012197E+05  -.5330738327E+06
L7 0.0000000000E+00  0.4729527802E+04  0.1302353160E+05  0.2033841426E+05
L8 0.5778117751E+04  0.5755565932E+05  0.0000000000E+00  0.0000000000E+00
L9 0.0000000000E+00  0.0000000000E+00  0.0000000000E+00  0.1043027890E+01  0.0000000000E+00
L0    56000  0.2220000000E+03  -.3111760566E+06  0.8357673456E+05
L1 0.3006548967E+03  0.3006548967E+03  -.3947527911E+12  0.1000000000E+01
L2 0.1000000000E+01  0.1197312891E+03  0.1197312891E+03  0.1197312891E+03
L3 0.1321300933E+07  -.2298792492E+02  -.8184668323E+02  0.5897792730E+02
L4 -.1528556028E+02  0.1105735783E+05  0.1096969262E+05  0.1092802566E+05
L5 0.3295507612E+05  0.1127596182E+05  0.1174801480E+05  0.1036717424E+05
L6 0.3339115087E+05  -.3947527911E+06  0.3706958149E+05  -.5331087032E+06
L7 0.0000000000E+00  0.4683607669E+04  0.1300420210E+05  0.2029650537E+05
L8 0.5698393892E+04  0.5760362151E+05  0.0000000000E+00  0.0000000000E+00
L9 0.0000000000E+00  0.0000000000E+00  0.0000000000E+00  0.1044193487E+01  0.0000000000E+00
L0    57000  0.2240000000E+03  -.3118531359E+06  0.8344805726E+05
L1 0.3001919992E+03  0.3001919992E+03  -.3953011932E+12  0.1000000000E+01
L2 0.1000000000E+01  0.1197766927E+03  0.1197766927E+03  0.1197766927E+03
L3 0.1322802464E+07  0.1192997669E+03  0.1335172357E+02  -.1225614554E+03
L4 0.3363345026E+01  0.1089371494E+05  0.1086133791E+05  0.1102861668E+05
L5 0.3278366954E+05  0.9757942908E+04  0.1073422522E+05  0.1219544104E+05
L6 0.3268760917E+05  -.3953011932E+06  0.3673944937E+05  -.5332507705E+06
L7 0.0000000000E+00  0.4683063570E+04  0.1296557603E+05  0.2020546333E+05
L8 0.5750009137E+04  0.5760601593E+05  0.0000000000E+00  0.0000000000E+00
L9 0.0000000000E+00  0.0000000000E+00  0.0000000000E+00  0.1043008209E+01  0.0000000000E+00
L0    58000  0.2260000000E+03  -.3119089190E+06  0.8345476057E+05
L1 0.3002161134E+03  0.3002161134E+03  -.3953636796E+12  0.1000000000E+01
L2 0.1000000000E+01  0.1197558570E+03  0.1197558570E+03  0.1197558570E+03
L3 0.1322109603E+07  -.1229322969E+03  0.3462998592E+02  0.1660080241E+03
L4 0.2590190438E+02  0.1082971534E+05  0.1099924416E+05  0.1115833924E+05
L5 0.3298729875E+05  0.1199945721E+05  0.1066972828E+05  0.9578717438E+04
L6 0.3224790293E+05  -.3953636796E+06  0.3659254200E+05  -.5333645254E+06
L7 0.0000000000E+00  0.4769360849E+04  0.1291451013E+05  0.2030992614E+05
L8 0.5793727234E+04  0.5762077945E+05  0.0000000000E+00  0.0000000000E+00
L9 0.0000000000E+00  0.0000000000E+00  0.0000000000E+00  0.1043554804E+01  0.0000000000E+00
L0    59000  0.2280000000E+03  -.3120488550E+06  0.8344613364E+05
L1 0.3001850793E+03  0.3001850793E+03  -.3954949886E+12  0.1000000000E+01
L2 0.1000000000E+01  0.1197280980E+03  0.1197280980E+03  0.1197280980E+03
L3 0.1321187349E+07  0.1776528661E+03  0.5595092090E+02  -.7732797674E+02
L4 0.5209193675E+02  0.1092529620E+05  0.1091209495E+05  0.1090780035E+05
L5 0.3274519151E+05  0.9236049013E+04  0.1038007462E+05  0.1164308862E+05
L6 0.3125921225E+05  -.3954949886E+06  0.3669271521E+05  -.5335465117E+06
L7 0.0000000000E+00  0.4782939927E+04  0.1301694880E+05  0.2028877112E+05
L8 0.5759403870E+04  0.5751074408E+05  0.0000000000E+00  0.0000000000E+00
L9 0.0000000000E+00  0.0000000000E+00  0.0000000000E+00  0.1044283257E+01  0.0000000000E+00
L0    60000  0.2300000000E+03  -.3126797086E+06  0.8323130475E+05
L1 0.2994122643E+03  0.2994122643E+03  -.3959110134E+12  0.1000000000E+01
L2 0.1000000000E+01  0.1196902671E+03  0.1196902671E+03  0.1196902671E+03
L3 0.1319947510E+07  0.2463605721E+02  -.2054025037E+03  0.2754779395E+02
L4 -.5107288416E+02  0.1102843291E+05  0.1085775286E+05  0.1087902994E+05
L5 0.3276521571E+05  0.1079439595E+05  0.1280903008E+05  0.1061733214E+05
L6 0.3422075817E+05  -.3959110134E+06  0.3624615457E+05  -.5333715569E+06
L7 0.0000000000E+00  0.4771027186E+04  0.1286217055E+05  0.2028918319E+05
L8 0.5764476879E+04  0.5752753113E+05  0.0000000000E+00  0.0000000000E+00
L9 0.0000000000E+00  0.0000000000E+00  0.0000000000E+00  0.1045264162E+01  0.0000000000E+00
L0    61000  0.2320000000E+03  -.3121947810E+06  0.8332706151E+05
L1 0.2997567350E+03  0.2997567350E+03  -.3955218425E+12  0.1000000000E+01
L2 0.1000000000E+01  0.1197164796E+03  0.1197164796E+03  0.1197164796E+03
L3 0.1320813236E+07  0.1560074770E+02  -.1290385359E+03  0.3020505804E+01
L4 -.3680576080E+02  0.1108189842E+05  0.1078785454E+05  0.1088085919E+05
L5 0.3275061216E+05  0.1093359765E+05  0.1201449538E+05  0.1085214625E+05
L6 0.3380023928E+05  -.3955218425E+06  0.3700627590E+05  -.5340140442E+06
L7 0.0000000000E+00  0.4799250808E+04  0.1308731436E+05  0.2027217946E+05
L8 0.5754683815E+04  0.5757249737E+05  0.0000000000E+00  0.0000000000E+00
L9 0.0000000000E+00  0.0000000000E+00  0.0000000000E+00  0.1044579045E+01  0.0000000000E+00
L0    62000  0.2340000000E+03  -.3122110258E+06  0.8304883187E+05
L1 0.2987558452E+03  0.2987558452E+03  -.3952598577E+12  0.1000000000E+01
L2 0.1000000000E+01  0.1197168848E+03  0.1197168848E+03  0.1197168848E+03
L3 0.1320807209E+07  0.7696187031E+02  0.9480076432E+02  0.2128241530E+03
L4 0.1281955959E+03  0.1091745900E+05  0.1090783888E+05  0.1084647356E+05
L5 0.3267177144E+05  0.1018586249E+05  0.1000666655E+05  0.8823375547E+04
L6 0.2901590459E+05  -.3952598577E+06  0.3690656458E+05  -.5334267491E+06
L7 0.0000000000E+00  0.4794009152E+04  0.1293229994E+05  0.2028477935E+05
L8 0.5785830920E+04  0.5746340753E+05  0.0000000000E+00  0.0000000000E+00
L9 0.0000000000E+00  0.0000000000E+00  0.0000000000E+00  0.1044583811E+01  0.0000000000E+00
L0    63000  0.2360000000E+03  -.3123128702E+06  0.8328476923E+05
L1 0.2996045948E+03  0.2996045948E+03  -.3955976394E+12  0.1000000000E+01
L2 0.1000000000E+01  0.1197087474E+03  0.1197087474E+03  0.1197087474E+03
L3 0.1320562935E+07  -.6605044280E+02  -.4430953549E+02  -.1428596698E+03
L4 -.8440654938E+02  0.1092259325E+05  0.1096298339E+05  0.1074592518E+05
L5 0.3263150182E+05  0.1155035004E+05  0.1138411019E+05  0.1210369242E+05
L6 0.3503815265E+05  -.3955976394E+06  0.3670184128E+05  -.5337683835E+06
L7 0.0000000000E+00  0.4778346546E+04  0.1298040528E+05  0.2039555042E+05
L8 0.5735129389E+04  0.5757947118E+05  0.0000000000E+00  0.0000000000E+00
L9 0.0000000000E+00  0.0000000000E+00  0.0000000000E+00  0.1044777035E+01  0.0000000000E+00
L0    64000  0.2380000000E+03  -.3124463131E+06  0.8320129926E+05
L1 0.2993043240E+03  0.2993043240E+03  -.3956476124E+12  0.1000000000E+01
L2 0.1000000000E+01  0.1197059228E+03  0.1197059228E+03  0.1197059228E+03
L3 0.1320447802E+07  0.2349274727E+02  0.1240043604E+03  0.1508560757E+03
L4 0.9945106112E+02  0.1094698897E+05  0.1087544059E+05  0.1080249087E+05
L5 0.3262492042E+05  0.1072372861E+05  0.9696980779E+04  0.9368849173E+04
L6 0.2978955856E+05  -.3956476124E+06  0.3672167137E+05  -.5337664760E+06
L7 0.0000000000E+00  0.4779805029E+04  0.1291068929E+05  0.2029800314E+05
L8 0.5775120154E+04  0.5763357466E+05  0.0000000000E+00  0.0000000000E+00
L9 0.0000000000E+00  0.0000000000E+00  0.0000000000E+00  0.1044868132E+01  0.0000000000E+00
L0    65000  0.2400000000E+03  -.3120165613E+06  0.8318821569E+05
L1 0.2992572578E+03  0.2992572578E+03  -.3952047770E+12  0.1000000000E+01
L2 0.1000000000E+01  0.1196739187E+03  0.1196739187E+03  0.1196739187E+03
L3 0.1319395143E+07  -.8693019174E+02  0.1951059974E+03  0.3352315149E+02
L4 0.4723298572E+02  0.1088717289E+05  0.1088999749E+05  0.1094104618E+05
L5 0.3271821655E+05  0.1171264442E+05  0.9037310375E+04  0.1062271711E+05
L6 0.3137267190E+05  -.3952047770E+06  0.3715305547E+05  -.5337183597E+06
L7 0.0000000000E+00  0.4728373607E+04  0.1295410814E+05  0.2035142817E+05
L8 0.5788209089E+04  0.5753840825E+05  0.0000000000E+00  0.0000000000E+00
L9 0.0000000000E+00  0.0000000000E+00  0.0000000000E+00  0.1045701764E+01  0.0000000000E+00
L0    66000  0.2420000000E+03  -.3118542024E+06  0.8302867285E+05
L1 0.2986833261E+03  0.2986833261E+03  -.3948828753E+12  0.1000000000E+01
L2 0.1000000000E+01  0.1197387360E+03  0.1197387360E+03  0.1197387360E+03
L3 0.1321563326E+07  -.2185126094E+03  -.1673603027E+03  -.6294703073E+02
L4 -.1496066476E+03  0.1100779914E+05  0.1082544851E+05  0.1075060670E+05
L5 0.3258385434E+05  0.1308616051E+05  0.1241727970E+05  0.1134932124E+05
L6 0.3685276145E+05  -.3948828753E+06  0.3675088800E+05  -.5331497191E+06
L7 0.0000000000E+00  0.4861602813E+04  0.1299294530E+05  0.2034519414E+05
L8 0.5759790807E+04  0.5755642277E+05  0.0000000000E+00  0.0000000000E+00
L9 0.0000000000E+00  0.0000000000E+00  0.0000000000E+00  0.1043986165E+01  0.0000000000E+00
L0    67000  0.2440000000E+03  -.3117620077E+06  0.8340925404E+05
L1 0.3000524104E+03  0.3000524104E+03  -.3951712617E+12  0.1000000000E+01
L2 0.1000000000E+01  0.1197503240E+03  0.1197503240E+03  0.1197503240E+03
L3 0.1321942920E+07  0.3385032601E+02  -.3469301067E+03  -.3059579953E+02
L4 -.1145585268E+03  0.1077792098E+05  0.1095079718E+05  0.1098275350E+05
L5 0.3271147165E+05  0.1045586442E+05  0.1425153685E+05  0.1127384605E+05
L6 0.3598124732E+05  -.3951712617E+06  0.3688914143E+05  -.5335680520E+06
L7 0.0000000000E+00  0.4738964820E+04  0.1305613486E+05  0.2032322296E+05
L8 0.5720812966E+04  0.5766851323E+05  0.0000000000E+00  0.0000000000E+00
L9 0.0000000000E+00  0.0000000000E+00  0.0000000000E+00  0.1043686386E+01  0.0000000000E+00
L0    68000  0.2460000000E+03  -.3122177506E+06  0.8325786191E+05
L1 0.2995077997E+03  0.2995077997E+03  -.3954756125E+12  0.1000000000E+01
L2 0.1000000000E+01  0.1197309032E+03  0.1197309032E+03  0.1197309032E+03
L3 0.1321295958E+07  0.1234195798E+03  -.8963344966E+02  -.2782397008E+03
L4 -.8148452355E+02  0.1080690724E+05  0.1077443063E+05  0.1096302639E+05
L5 0.3254436425E+05  0.9633251435E+04  0.1162679796E+05  0.1360894075E+05
L6 0.3486899015E+05  -.3954756125E+06  0.3678226050E+05  -.5335407770E+06
L7 0.0000000000E+00  0.4778793329E+04  0.1292355110E+05  0.2033563582E+05
L8 0.5720747675E+04  0.5752417607E+05  0.0000000000E+00  0.0000000000E+00
L9 0.0000000000E+00  0.0000000000E+00  0.0000000000E+00  0.1044197418E+01  0.0000000000E+00
L0    69000  0.2480000000E+03  -.3122093784E+06  0.8313630217E+05
L1 0.2990705066E+03  0.2990705066E+03  -.3953456806E+12  0.1000000000E+01
L2 0.1000000000E+01  0.1197221448E+03  0.1197221448E+03  0.1197221448E+03
L3 0.1321004570E+07  -.9068627939E+02  -.2247374283E+02  -.9443431056E+02
L4 -.6919811093E+02  0.1088309382E+05  0.1102000033E+05  0.1103168962E+05
L5 0.3293478377E+05  0.1174528283E+05  0.1123366676E+05  0.1192951260E+05
L6 0.3490846219E+05  -.3953456806E+06  0.3648530689E+05  -.5330532061E+06
L7 0.0000000000E+00  0.4717047051E+04  0.1304173876E+05  0.2028287597E+05
L8 0.5740525588E+04  0.5744003123E+05  0.0000000000E+00  0.0000000000E+00
L9 0.0000000000E+00  0.0000000000E+00  0.0000000000E+00  0.1044427748E+01  0.0000000000E+00
L0    70000  0.2500000000E+03  -.3121403455E+06  0.8320724882E+05
L1 0.2993257266E+03  0.2993257266E+03  -.3953475943E+12  0.1000000000E+01
L2 0.1000000000E+01  0.1197073982E+03  0.1197073982E+03  0.1197073982E+03
L3 0.1320517923E+07  -.4171675073E+02  -.2075914109E+03  0.5330842121E+01
L4 -.8132577318E+02  0.1089244747E+05  0.1104396716E+05  0.1076012321E+05
L5 0.3269653784E+05  0.1128891840E+05  0.1301689073E+05  0.1070945953E+05
L6 0.3501526866E+05  -.3953475943E+06  0.3621564331E+05  -.5327882444E+06
L7 0.0000000000E+00  0.4754450620E+04  0.1302398738E+05  0.2030299061E+05
L8 0.5726939439E+04  0.5741663874E+05  0.0000000000E+00  0.0000000000E+00
L9 0.0000000000E+00  0.0000000000E+00  0.0000000000E+00  0.1044812648E+01  0.0000000000E+00
L0    71000  0.2520000000E+03  -.3120299276E+06  0.8339868547E+05
L1 0.3000143916E+03  0.3000143916E+03  -.3954286131E+12  0.1000000000E+01
L2 0.1000000000E+01  0.1197227220E+03  0.1197227220E+03  0.1197227220E+03
L3 0.1321011979E+07  -.3178590117E+02  0.4792595712E+02  0.7410305387E+02
L4 0.3008103660E+02  0.1088147050E+05  0.1097793514E+05  0.1078054384E+05
L5 0.3263994948E+05  0.1118367287E+05  0.1052228225E+05  0.1007601392E+05
L6 0.3178196904E+05  -.3954286131E+06  0.3673247678E+05  -.5333380447E+06
L7 0.0000000000E+00  0.4726897403E+04  0.1290757944E+05  0.2023670510E+05
L8 0.5708871510E+04  0.5759690137E+05  0.0000000000E+00  0.0000000000E+00
L9 0.0000000000E+00  0.0000000000E+00  0.0000000000E+00  0.1044421891E+01  0.0000000000E+00
L0    72000  0.2540000000E+03  -.3122612440E+06  0.8313341469E+05
L1 0.2990601193E+03  0.2990601193E+03  -.3953946587E+12  0.1000000000E+01
L2 0.1000000000E+01  0.1197467985E+03  0.1197467985E+03  0.1197467985E+03
L3 0.1321822038E+07  -.4835236442E+02  -.1913307890E+03  0.1148401257E+01
L4 -.7951158406E+02  0.1079271378E+05  0.1086597553E+05  0.1093872772E+05
L5 0.3259741703E+05  0.1125270261E+05  0.1268615592E+05  0.1092780267E+05
L6 0.3486666120E+05  -.3953946587E+06  0.3685729696E+05  -.5334183752E+06
L7 0.0000000000E+00  0.4738513694E+04  0.1277657651E+05  0.2028954631E+05
L8 0.5766382180E+04  0.5759540082E+05  0.0000000000E+00  0.0000000000E+00
L9 0.0000000000E+00  0.0000000000E+00  0.0000000000E+00  0.1043781832E+01  0.0000000000E+00
L0    73000  0.2560000000E+03  -.3119787550E+06  0.8356229201E+05
L1 0.3006029418E+03  0.3006029418E+03  -.3955410470E+12  0.1000000000E+01
L2 0.1000000000E+01  0.1197266824E+03  0.1197266824E+03  0.1197266824E+03
L3 0.1321151132E+07  -.1294139154E+03  -.2084940109E+03  0.2231723786E+03
L4 -.3824518257E+02  0.1097957963E+05  0.1083173019E+05  0.1103252147E+05
L5 0.3284383129E+05  0.1221010355E+05  0.1281418212E+05  0.8910501225E+04
L6 0.3393478689E+05  -.3955410470E+06  0.3649512196E+05  -.5333514743E+06
L7 0.0000000000E+00  0.4664673296E+04  0.1307567299E+05  0.2026529840E+05
L8 0.5825200987E+04  0.5748445971E+05  0.0000000000E+00  0.0000000000E+00
L9 0.0000000000E+00  0.0000000000E+00  0.0000000000E+00  0.1044311884E+01  0.0000000000E+00
L0    74000  0.2580000000E+03  -.3115440455E+06  0.8338556239E+05
L1 0.2999671832E+03  0.2999671832E+03  -.3949296079E+12  0.1000000000E+01
L2 0.1000000000E+01  0.1197097147E+03  0.1197097147E+03  0.1197097147E+03
L3 0.1320602044E+07  -.3504885272E+03  0.6607252182E+01  -.9008584386E+02
L4 -.1446557063E+03  0.1085311777E+05  0.1100918072E+05  0.1079891951E+05
L5 0.3266121800E+05  0.1418433038E+05  0.1094638220E+05  0.1165513897E+05
L6 0.3678585155E+05  -.3949296079E+06  0.3655800883E+05  -.5329558944E+06
L7 0.0000000000E+00  0.4714691050E+04  0.1309203409E+05  0.2034087378E+05
L8 0.5763564280E+04  0.5755711443E+05  0.0000000000E+00  0.0000000000E+00
L9 0.0000000000E+00  0.0000000000E+00  0.0000000000E+00  0.1044746095E+01  0.0000000000E+00
L0    75000  0.2600000000E+03  -.3115632522E+06  0.8339602014E+05
L1 0.3000048034E+03  0.3000048034E+03  -.3949592724E+12  0.1000000000E+01
L2 0.1000000000E+01  0.1197640075E+03  0.1197640075E+03  0.1197640075E+03
L3 0.1322375547E+07  0.1507890542E+03  0.5088379835E+01  0.2411517588E+02
L4 0.5999753663E+02  0.1084865161E+05  0.1091334683E+05  0.1096655388E+05
L5 0.3272855232E+05  0.9413554777E+04  0.1086491945E+05  0.1073704377E+05
L6 0.3101551800E+05  -.3949592724E+06  0.3730320000E+05  -.5335934185E+06
L7 0.0000000000E+00  0.4780556997E+04  0.1310697101E+05  0.2027008048E+05
L8 0.5689603187E+04  0.5748373445E+05  0.0000000000E+00  0.0000000000E+00
L9 0.0000000000E+00  0.0000000000E+00  0.0000000000E+00  0.1043344934E+01  0.0000000000E+00
L0    76000  0.2620000000E+03  -.3114496346E+06  0.8373690891E+05
L1 0.3012311002E+03  0.3012311002E+03  -.3951865435E+12  0.1000000000E+01
L2 0.1000000000E+01  0.1197355007E+03  0.1197355007E+03  0.1197355007E+03
L3 0.1321447488E+07  -.1199039637E+03  -.1731379225E+03  0.6605054588E+02
L4 -.7566378009E+02  0.1093119505E+05  0.1093030418E+05  0.1084224671E+05
L5 0.3270374593E+05  0.1207154994E+05  0.1257694430E+05  0.1021406845E+05
L6 0.3486256268E+05  -.3951865435E+06  0.3648831394E+05  -.5328523404E+06
L7 0.0000000000E+00  0.4645284070E+04  0.1290725726E+05  0.2027648733E+05
L8 0.5757764743E+04  0.5759068964E+05  0.0000000000E+00  0.0000000000E+00
L9 0.0000000000E+00  0.0000000000E+00  0.0000000000E+00  0.1044077680E+01  0.0000000000E+00
L0    77000  0.2640000000E+03  -.3118583447E+06  0.8307555525E+05
L1 0.2988519785E+03  0.2988519785E+03  -.3949338999E+12  0.1000000000E+01
L2 0.1000000000E+01  0.1198117024E+03  0.1198117024E+03  0.1198117024E+03
L3 0.1323949498E+07  -.6694272508E+01  0.5211550736E+03  -.1681274096E+03
L4 0.1154444638E+03  0.1089138497E+05  0.1085496495E+05  0.1068448451E+05
L5 0.3243083443E+05  0.1095517185E+05  0.5889099254E+04  0.1228649930E+05
L6 0.2913077041E+05  -.3949338999E+06  0.3665612862E+05  -.5327749908E+06
L7 0.0000000000E+00  0.4851302370E+04  0.1284741358E+05  0.2025757745E+05
L8 0.5753159999E+04  0.5747550887E+05  0.0000000000E+00  0.0000000000E+00
L9 0.0000000000E+00  0.0000000000E+00  0.0000000000E+00  0.1042104574E+01  0.0000000000E+00
L0    78000  0.2660000000E+03  -.3121224315E+06  0.8344239715E+05
L1 0.3001716378E+03  0.3001716378E+03  -.3955648287E+12  0.1000000000E+01
L2 0.1000000000E+01  0.1197607949E+03  0.1197607949E+03  0.1197607949E+03
L3 0.1322278245E+07  0.1752347730E+03  -.3811616935E+02  -.1888875227E+03
L4 -.1725630637E+02  0.1078829295E+05  0.1087835863E+05  0.1087222052E+05
L5 0.3253887211E+05  0.9120662863E+04  0.1124109298E+05  0.1266977766E+05
L6 0.3303153350E+05  -.3955648287E+06  0.3707740431E+05  -.5337652738E+06
L7 0.0000000000E+00  0.4738219487E+04  0.1309725914E+05  0.2017310563E+05
L8 0.5762125825E+04  0.5735233077E+05  0.0000000000E+00  0.0000000000E+00
L9 0.0000000000E+00  0.0000000000E+00  0.0000000000E+00  0.1043421711E+01  0.0000000000E+00
L0    79000  0.2680000000E+03  -.3119544555E+06  0.8325628413E+05
L1 0.2995021239E+03  0.2995021239E+03  -.3952107397E+12  0.1000000000E+01
L2 0.1000000000E+01  0.1197485988E+03  0.1197485988E+03  0.1197485988E+03
L3 0.1321875165E+07  -.2175524196E+03  0.2479156584E+03  -.1038121946E+03
L4 -.2448298528E+02  0.1085155634E+05  0.1092495582E+05  0.1088600513E+05
L5 0.3266251729E+05  0.1292127322E+05  0.8566373812E+04  0.1187363768E+05
L6 0.3336128472E+05  -.3952107397E+06  0.3630321359E+05  -.5326629919E+06
L7 0.0000000000E+00  0.4730504682E+04  0.1303391988E+05  0.2027964995E+05
L8 0.5738007669E+04  0.5736695647E+05  0.0000000000E+00  0.0000000000E+00
L9 0.0000000000E+00  0.0000000000E+00  0.0000000000E+00  0.1043739881E+01  0.0000000000E+00
L0    80000  0.2700000000E+03  -.3114587329E+06  0.8329145019E+05
L1 0.2996286286E+03  0.2996286286E+03  -.3947501831E+12  0.1000000000E+01
L2 0.1000000000E+01  0.1197520211E+03  0.1197520211E+03  0.1197520211E+03
L3 0.1321989882E+07  -.1307482864E+03  0.1620458623E+03  -.1398187250E+03
L4 -.3617371635E+02  0.1086396279E+05  0.1090206738E+05  0.1077609078E+05
L5 0.3254212094E+05  0.1210796375E+05  0.9360286493E+04  0.1210639218E+05
L6 0.3357464242E+05  -.3947501831E+06  0.3632564351E+05  -.5325346364E+06
L7 0.0000000000E+00  0.4756621970E+04  0.1303549843E+05  0.2025128671E+05
L8 0.5806065771E+04  0.5760933690E+05  0.0000000000E+00  0.0000000000E+00
L9 0.0000000000E+00  0.0000000000E+00  0.0000000000E+00  0.1043649310E+01  0.0000000000E+00
L0    81000  0.2720000000E+03  -.3122068966E+06  0.8356078770E+05
L1 0.3005975303E+03  0.3005975303E+03  -.3957676843E+12  0.1000000000E+01
L2 0.1000000000E+01  0.1197456815E+03  0.1197456815E+03  0.1197456815E+03
L3 0.1321786860E+07  -.7275242265E+01  -.1765203179E+03  -.1008267349E+03
L4 -.9487409835E+02  0.1094353673E+05  0.1091392796E+05  0.1103232979E+05
L5 0.3288979449E+05  0.1101274619E+05  0.1259316773E+05  0.1199149566E+05
L6 0.3559740958E+05  -.3957676843E+06  0.3709229572E+05  -.5340458094E+06
L7 0.0000000000E+00  0.4731922060E+04  0.1293719484E+05  0.2021850757E+05
L8 0.5756320261E+04  0.5754188462E+05  0.0000000000E+00  0.0000000000E+00
L9 0.0000000000E+00  0.0000000000E+00  0.0000000000E+00  0.1043809611E+01  0.0000000000E+00
L0    82000  0.2740000000E+03  -.3121504281E+06  0.8311963962E+05
L1 0.2990105656E+03  0.2990105656E+03  -.3952700677E+12  0.1000000000E+01
L2 0.1000000000E+01  0.1196970525E+03  0.1196970525E+03  0.1196970525E+03
L3 0.1320168629E+07  -.2588242537E+03  0.1753383068E+03  0.1648031529E+02
L4 -.2233521053E+02  0.1089953398E+05  0.1081135200E+05  0.1104929624E+05
L5 0.3276018221E+05  0.1335871761E+05  0.9145398796E+04  0.1089271075E+05
L6 0.3339682716E+05  -.3952700677E+06  0.3714714458E+05  -.5338618251E+06
L7 0.0000000000E+00  0.4787467002E+04  0.1302627245E+05  0.2029957569E+05
L8 0.5765602428E+04  0.5756569515E+05  0.0000000000E+00  0.0000000000E+00
L9 0.0000000000E+00  0.0000000000E+00  0.0000000000E+00  0.1045089087E+01  0.0000000000E+00
L0    83000  0.2760000000E+03  -.3121126198E+06  0.8309876503E+05
L1 0.2989354723E+03  0.2989354723E+03  -.3952113849E+12  0.1000000000E+01
L2 0.1000000000E+01  0.1197272310E+03  0.1197272310E+03  0.1197272310E+03
L3 0.1321172322E+07  0.3385289734E+02  -.1688445702E+03  -.5681317250E+02
L4 -.6393494846E+02  0.1081913633E+05  0.1093460487E+05  0.1083376889E+05
L5 0.3258751008E+05  0.1049724306E+05  0.1254007839E+05  0.1137398196E+05
L6 0.3441130341E+05  -.3952113849E+06  0.3651466078E+05  -.5330227882E+06
L7 0.0000000000E+00  0.4815768382E+04  0.1300275622E+05  0.2024676353E+05
L8 0.5736406785E+04  0.5749504762E+05  0.0000000000E+00  0.0000000000E+00
L9 0.0000000000E+00  0.0000000000E+00  0.0000000000E+00  0.1044295135E+01  0.0000000000E+00
L0    84000  0.2780000000E+03  -.3119807567E+06  0.8337322932E+05
L1 0.2999228169E+03  0.2999228169E+03  -.3953539861E+12  0.1000000000E+01
L2 0.1000000000E+01  0.1197406772E+03  0.1197406772E+03  0.1197406772E+03
L3 0.1321611335E+07  -.1468396493E+03  -.1868792102E+03  0.2988234414E+03
L4 -.1163180605E+02  0.1109472436E+05  0.1090798292E+05  0.1080365394E+05
L5 0.3280636122E+05  0.1249142610E+05  0.1268553087E+05  0.7961320672E+04
L6 0.3313827764E+05  -.3953539861E+06  0.3660214336E+05  -.5331609852E+06
L7 0.0000000000E+00  0.4804593479E+04  0.1311461978E+05  0.2026282586E+05
L8 0.5737178143E+04  0.5728563849E+05  0.0000000000E+00  0.0000000000E+00
L9 0.0000000000E+00  0.0000000000E+00  0.0000000000E+00  0.1043948240E+01  0.0000000000E+00
L0    85000  0.2800000000E+03  -.3117464931E+06  0.8359031639E+05
L1 0.3007037554E+03  0.3007037554E+03  -.3953368094E+12  0.1000000000E+01
L2 0.1000000000E+01  0.1197161735E+03  0.1197161735E+03  0.1197161735E+03
L3 0.1320798119E+07  0.1794230356E+03  -.2194892043E+02  -.1409795367E+03
L4 0.5498192843E+01  0.1093228040E+05  0.1096796975E+05  0.1099651491E+05
L5 0.3289676507E+05  0.9226703831E+04  0.1117661389E+05  0.1233665161E+05
L6 0.3273996933E+05  -.3953368094E+06  0.3658263671E+05  -.5331198752E+06
L7 0.0000000000E+00  0.4665042664E+04  0.1300597100E+05  0.2027960186E+05
L8 0.5711774529E+04  0.5753803897E+05  0.0000000000E+00  0.0000000000E+00
L9 0.0000000000E+00  0.0000000000E+00  0.0000000000E+00  0.1044591000E+01  0.0000000000E+00
L0    86000  0.2820000000E+03  -.3119558955E+06  0.8334414798E+05
L1 0.2998182011E+03  0.2998182011E+03  -.3953000434E+12  0.1000000000E+01
L2 0.1000000000E+01  0.1197529702E+03  0.1197529702E+03  0.1197529702E+03
L3 0.1321998880E+07  0.1723953520E+03  0.1551193801E+03  0.1346988668E+03
L4 0.1540711996E+03  0.1090154484E+05  0.1097526853E+05  0.1098184991E+05
L5 0.3285866329E+05  0.9261282855E+04  0.9499379425E+04  0.9700252539E+04
L6 0.2846091482E+05  -.3953000434E+06  0.3647679840E+05  -.5331621138E+06
L7 0.0000000000E+00  0.4771683898E+04  0.1304987026E+05  0.2031692063E+05
L8 0.5748817663E+04  0.5749797949E+05  0.0000000000E+00  0.0000000000E+00
L9 0.0000000000E+00  0.0000000000E+00  0.0000000000E+00  0.1043642207E+01  0.0000000000E+00
L0    87000  0.2840000000E+03  -.3133221557E+06  0.8280239848E+05
L1 0.2978693376E+03  0.2978693376E+03  -.3961245542E+12  0.1000000000E+01
L2 0.1000000000E+01  0.1197910875E+03  0.1197910875E+03  0.1197910875E+03
L3 0.1323285319E+07  0.1981940686E+03  -.2095348609E+03  -.1278210063E+03
L4 -.4638726621E+02  0.1088913704E+05  0.1076996431E+05  0.1074579169E+05
L5 0.3240489303E+05  0.9001577207E+04  0.1276553153E+05  0.1196313285E+05
L6 0.3373024159E+05  -.3961245542E+06  0.3686588642E+05  -.5339207981E+06
L7 0.0000000000E+00  0.4631835098E+04  0.1287018628E+05  0.2022194017E+05
L8 0.5803838408E+04  0.5740255752E+05  0.0000000000E+00  0.0000000000E+00
L9 0.0000000000E+00  0.0000000000E+00  0.0000000000E+00  0.1042627624E+01  0.0000000000E+00
L0    88000  0.2860000000E+03  -.3121079728E+06  0.8352641536E+05
L1 0.3004738809E+03  0.3004738809E+03  -.3956343882E+12  0.1000000000E+01
L2 0.1000000000E+01  0.1197230642E+03  0.1197230642E+03  0.1197230642E+03
L3 0.1321031884E+07  -.1068478578E+03  0.7910376610E+02  -.1003776132E+03
L4 -.4270723497E+02  0.1081272374E+05  0.1087215165E+05  0.1088937771E+05
L5 0.3257425310E+05  0.1182858804E+05  0.1012006645E+05  0.1184372566E+05
L6 0.3379238015E+05  -.3956343882E+06  0.3668629695E+05  -.5333231041E+06
L7 0.0000000000E+00  0.4748833740E+04  0.1277247449E+05  0.2025588370E+05
L8 0.5782413506E+04  0.5744281357E+05  0.0000000000E+00  0.0000000000E+00
L9 0.0000000000E+00  0.0000000000E+00  0.0000000000E+00  0.1044406153E+01  0.0000000000E+00
L0    89000  0.2880000000E+03  -.3117212319E+06  0.8372847621E+05
L1 0.3012007648E+03  0.3012007648E+03  -.3954497081E+12  0.1000000000E+01
L2 0.1000000000E+01  0.1197498780E+03  0.1197498780E+03  0.1197498780E+03
L3 0.1321907578E+07  0.7907220389E+02  0.1730969771E+03  -.7241889306E+02
L4 0.5991676264E+02  0.1102573379E+05  0.1101713691E+05  0.1094076222E+05
L5 0.3298363292E+05  0.1027345033E+05  0.9370313028E+04  0.1162974688E+05
L6 0.3127351024E+05  -.3954497081E+06  0.3689345088E+05  -.5336017900E+06
L7 0.0000000000E+00  0.4714852656E+04  0.1296045145E+05  0.2032279167E+05
L8 0.5722224519E+04  0.5753831073E+05  0.0000000000E+00  0.0000000000E+00
L9 0.0000000000E+00  0.0000000000E+00  0.0000000000E+00  0.1043714289E+01  0.0000000000E+00
L0    90000  0.2900000000E+03  -.3113988498E+06  0.8370545624E+05
L1 0.3011179539E+03  0.3011179539E+03  -.3951043061E+12  0.1000000000E+01
L2 0.1000000000E+01  0.1197855987E+03  0.1197855987E+03  0.1197855987E+03
L3 0.1323102264E+07  0.1734296585E+02  0.1668940141E+03  -.2937681630E+03
L4 -.3651039435E+02  0.1091386763E+05  0.1099923555E+05  0.1110085070E+05
L5 0.3301395388E+05  0.1074871961E+05  0.9409990920E+04  0.1389825166E+05
L6 0.3405696219E+05  -.3951043061E+06  0.3607354925E+05  -.5325455299E+06
L7 0.0000000000E+00  0.4781952236E+04  0.1306742746E+05  0.2034583729E+05
L8 0.5731601437E+04  0.5744085616E+05  0.0000000000E+00  0.0000000000E+00
L9 0.0000000000E+00  0.0000000000E+00  0.0000000000E+00  0.1042771875E+01  0.0000000000E+00
L0    91000  0.2920000000E+03  -.3118590213E+06  0.8320603944E+05
L1 0.2993213761E+03  0.2993213761E+03  -.3950650607E+12  0.1000000000E+01
L2 0.1000000000E+01  0.1197639330E+03  0.1197639330E+03  0.1197639330E+03
L3 0.1322392407E+07  -.2092661232E+03  -.8560410712E+02  -.1677039778E+02
L4 -.1038802094E+03  0.1087164759E+05  0.1080915244E+05  0.1087699970E+05
L5 0.3255779973E+05  0.1286331059E+05  0.1162387836E+05  0.1103660977E+05
L6 0.3552379872E+05  -.3950650607E+06  0.3656014466E+05  -.5329276788E+06
L7 0.0000000000E+00  0.4744098521E+04  0.1286274487E+05  0.2039245230E+05
L8 0.5793244712E+04  0.5750993296E+05  0.0000000000E+00  0.0000000000E+00
L9 0.0000000000E+00  0.0000000000E+00  0.0000000000E+00  0.1043331632E+01  0.0000000000E+00
L0    92000  0.2940000000E+03  -.3121323360E+06  0.8312791359E+05
L1 0.2990403299E+03  0.2990403299E+03  -.3952602495E+12  0.1000000000E+01
L2 0.1000000000E+01  0.1197332060E+03  0.1197332060E+03  0.1197332060E+03
L3 0.1321337497E+07  0.2838573261E+03  0.2601594540E+03  0.9475568190E+02
L4 0.2129241540E+03  0.1085498293E+05  0.1082761948E+05  0.1076539513E+05
L5 0.3244799753E+05  0.8155563013E+04  0.8353561046E+04  0.9864289714E+04
L6 0.2637341377E+05  -.3952602495E+06  0.3674743924E+05  -.5332373601E+06
L7 0.0000000000E+00  0.4746099272E+04  0.1289580987E+05  0.2019838226E+05
L8 0.5771305818E+04  0.5761807414E+05  0.0000000000E+00  0.0000000000E+00
L9 0.0000000000E+00  0.0000000000E+00  0.0000000000E+00  0.1044164591E+01  0.0000000000E+00
L0    93000  0.2960000000E+03  -.3123630352E+06  0.8318442119E+05
L1 0.2992436076E+03  0.2992436076E+03  -.3955474564E+12  0.1000000000E+01
L2 0.1000000000E+01  0.1197754192E+03  0.1197754192E+03  0.1197754192E+03
L3 0.1322760664E+07  0.7690648923E+02  -.1210601911E+03  0.4424786848E+02
L4 0.3138886649E-01  0.1090383008E+05  0.1091404318E+05  0.1090400595E+05
L5 0.3272187920E+05  0.1017167878E+05  0.1206653859E+05  0.1048276537E+05
L6 0.3272098273E+05  -.3955474564E+06  0.3702675587E+05  -.5336992266E+06
L7 0.0000000000E+00  0.4746264217E+04  0.1307698111E+05  0.2020643837E+05
L8 0.5691027557E+04  0.5740430312E+05  0.0000000000E+00  0.0000000000E+00
L9 0.0000000000E+00  0.0000000000E+00  0.0000000000E+00  0.1043041168E+01  0.0000000000E+00
L0    94000  0.2980000000E+03  -.3117893993E+06  0.8362718741E+05
L1 0.3008363934E+03  0.3008363934E+03  -.3954165867E+12  0.1000000000E+01
L2 0.1000000000E+01  0.1197489690E+03  0.1197489690E+03  0.1197489690E+03
L3 0.1321879068E+07  0.3929763037E+03  -.5451142429E+02  -.1992586369E+03
L4 0.4640208081E+02  0.1085431886E+05  0.1096656378E+05  0.1093946722E+05
L5 0.3276034986E+05  0.7115670076E+04  0.1148516775E+05  0.1283514911E+05
L6 0.3143598693E+05  -.3954165867E+06  0.3686788437E+05  -.5335050478E+06
L7 0.0000000000E+00  0.4745974801E+04  0.1291146387E+05  0.2023471532E+05
L8 0.5754107074E+04  0.5757431575E+05  0.0000000000E+00  0.0000000000E+00
L9 0.0000000000E+00  0.0000000000E+00  0.0000000000E+00  0.1043736800E+01  0.0000000000E+00
L0    95000  0.3000000000E+03  -.3118127551E+06  0.8335247009E+05
L1 0.2998481386E+03  0.2998481386E+03  -.3951652252E+12  0.1000000000E+01
L2 0.1000000000E+01  0.1197491162E+03  0.1197491162E+03  0.1197491162E+03
L3 0.1321885434E+07  0.1602447991E+03  -.2517373055E+03  0.1927955483E+03
L4 0.3376768066E+02  0.1089327677E+05  0.1087587650E+05  0.1101666235E+05
L5 0.3278581562E+05  0.9368752504E+04  0.1327083491E+05  0.9182459357E+04
L6 0.3182204677E+05  -.3951652252E+06  0.3658485547E+05  -.5328925630E+06
L7 0.0000000000E+00  0.4748397699E+04  0.1288652736E+05  0.2037406635E+05
L8 0.5753183764E+04  0.5738030716E+05  0.0000000000E+00  0.0000000000E+00
L9 0.0000000000E+00  0.0000000000E+00  0.0000000000E+00  0.1043731773E+01  0.0000000000E+00
L0    96000  0.3020000000E+03  -.3117978708E+06  0.8379899313E+05
L1 0.3014544390E+03  0.3014544390E+03  -.3955968639E+12  0.1000000000E+01
L2 0.1000000000E+01  0.1197497008E+03  0.1197497008E+03  0.1197497008E+03
L3 0.1321920889E+07  -.1917996229E+01  -.1361825447E+03  -.1701539766E+03
L4 -.1027515058E+03  0.1105508834E+05  0.1098839483E+05  0.1102413456E+05
L5 0.3306761773E+05  0.1107333611E+05  0.1228403227E+05  0.1264297539E+05
L6 0.3600034377E+05  -.3955968639E+06  0.3669113899E+05  -.5334671478E+06
L7 0.0000000000E+00  0.4772743098E+04  0.1296693639E+05  0.2023480258E+05
L8 0.5757037662E+04  0.5744762521E+05  0.0000000000E+00  0.0000000000E+00
L9 0.0000000000E+00  0.0000000000E+00  0.0000000000E+00  0.1043703780E+01  0.0000000000E+00
L0    97000  0.3040000000E+03  -.3120890640E+06  0.8313597807E+05
L1 0.2990693407E+03  0.2990693407E+03  -.3952250421E+12  0.1000000000E+01
L2 0.1000000000E+01  0.1197043309E+03  0.1197043309E+03  0.1197043309E+03
L3 0.1320388106E+07  0.2782557507E+03  -.4863265484E+02  0.2474540241E+03
L4 0.1590257067E+03  0.1089901128E+05  0.1084761751E+05  0.1089555424E+05
L5 0.3264218303E+05  0.8254762383E+04  0.1130977092E+05  0.8544012431E+04
L6 0.2810854574E+05  -.3952250421E+06  0.3697036677E+05  -.5334601031E+06
L7 0.0000000000E+00  0.4742444020E+04  0.1298808941E+05  0.2025909482E+05
L8 0.5792251085E+04  0.5748281487E+05  0.0000000000E+00  0.0000000000E+00
L9 0.0000000000E+00  0.0000000000E+00  0.0000000000E+00  0.1044915371E+01  0.0000000000E+00
L0    98000  0.3060000000E+03  -.3113329950E+06  0.8324365738E+05
L1 0.2994567010E+03  0.2994567010E+03  -.3945766524E+12  0.1000000000E+01
L2 0.1000000000E+01  0.1196873005E+03  0.1196873005E+03  0.1196873005E+03
L3 0.1319861052E+07  0.9540762332E+02  -.4639849113E+03  -.8243449370E+02
L4 -.1503372605E+03  0.1074735091E+05  0.1087128354E+05  0.1096379332E+05
L5 0.3258242777E+05  0.9841059481E+04  0.1527874630E+05  0.1174685103E+05
L6 0.3686665681E+05  -.3945766524E+06  0.3681307500E+05  -.5327863602E+06
L7 0.0000000000E+00  0.4686704055E+04  0.1295855203E+05  0.2029339762E+05
L8 0.5800037856E+04  0.5765794129E+05  0.0000000000E+00  0.0000000000E+00
L9 0.0000000000E+00  0.0000000000E+00  0.0000000000E+00  0.1045332633E+01  0.0000000000E+00
L0    99000  0.3080000000E+03  -.3120180775E+06  0.8308318257E+05
L1 0.2988794167E+03  0.2988794167E+03  -.3951012601E+12  0.1000000000E+01
L2 0.1000000000E+01  0.1197455324E+03  0.1197455324E+03  0.1197455324E+03
L3 0.1321752044E+07  0.1521406588E+03  0.3524876825E+03  -.2899714526E+02
L4 0.1585437320E+03  0.1085946741E+05  0.1081439399E+05  0.1084977666E+05
L5 0.3252363805E+05  0.9412189732E+04  0.7461263021E+04  0.1112561956E+05
L6 0.2799907231E+05  -.3951012601E+06  0.3651128546E+05  -.5327976155E+06
L7 0.0000000000E+00  0.4861425697E+04  0.1291454783E+05  0.2015610349E+05
L8 0.5745947184E+04  0.5750704572E+05  0.0000000000E+00  0.0000000000E+00
L9 0.0000000000E+00  0.0000000000E+00  0.0000000000E+00  0.1043837105E+01  0.0000000000E+00
L0   100000  0.3100000000E+03  -.3114583388E+06  0.8361452551E+05
L1 0.3007908441E+03  0.3007908441E+03  -.3950728643E+12  0.1000000000E+01
L2 0.1000000000E+01  0.1197119346E+03  0.1197119346E+03  0.1197119346E+03
L3 0.1320659776E+07  0.7123181834E+02  -.1676603166E+03  0.6327426856E+02
L4 -.1105140989E+02  0.1094217820E+05  0.1108357870E+05  0.1079353364E+05
L5 0.3281929055E+05  0.1026512693E+05  0.1267717317E+05  0.1019211808E+05
L6 0.3313441817E+05  -.3950728643E+06  0.3634641457E+05  -.5324745103E+06
L7 0.0000000000E+00  0.4749399468E+04  0.1299595486E+05  0.2017880937E+05
L8 0.5779886071E+04  0.5735118165E+05  0.0000000000E+00  0.0000000000E+00
L9 0.0000000000E+00  0.0000000000E+00  0.0000000000E+00  0.1044700424E+01  0.0000000000E+00
