L0  Nsteps           time(ps)         Etot             EKinetic        
L1  Temp             T_solute         T_solv           Pres_scal_solu  
L2  Pres_scal_solv   BoxX             BoxY             BoxZ            
L3  volume           pres_X           pres_Y           pres_Z          
L4  Pressure         EKCoM_x          EKCoM_y          EKCoM_z         
L5  EKComTot         VIRIAL_x         VIRIAL_y         VIRIAL_z        
L6  VIRIAL_tot       E_pot            E_vdw            E_el            
L7  E_hbon           E_bon            E_angle          E_dih           
L8  E_14vdw          E_14el           E_const          E_pol           
L9  AV_permMoment    AV_indMoment     AV_totMoment     Density          dV/dlambda      
L0     1000  0.1120000000E+03  -.3110787513E+06  0.8357040756E+05
L1 0.3006321363E+03  0.3006321363E+03  -.3946491589E+12  0.1000000000E+01
L2 0.1000000000E+01  0.1198805567E+03  0.1198805567E+03  0.1198805567E+03
L3 0.1326250285E+07  -.1410513990E+03  -.8859983845E+02  0.1473233684E+03
L4 -.2744262300E+02  0.1080274144E+05  0.1091121811E+05  0.1088811957E+05
L5 0.3260207912E+05  0.1214909607E+05  0.1175691552E+05  0.9481898141E+04
L6 0.3338790974E+05  -.3946491589E+06  0.3659185010E+05  -.5328331900E+06
L7 0.0000000000E+00  0.4792909493E+04  0.1300314441E+05  0.2038855440E+05
L8 0.5818168470E+04  0.5758940426E+05  0.0000000000E+00  0.0000000000E+00
L9 0.0000000000E+00  0.0000000000E+00  0.0000000000E+00  0.1040296725E+01  0.0000000000E+00
L0     2000  0.1140000000E+03  -.3108339583E+06  0.8368973740E+05
L1 0.3010614077E+03  0.3010614077E+03  -.3945236957E+12  0.1000000000E+01
L2 0.1000000000E+01  0.1198109468E+03  0.1198109468E+03  0.1198109468E+03
L3 0.1323921513E+07  0.1386651015E+03  0.2196497370E+03  0.6261621650E+02
L4 0.1403103517E+03  0.1080698076E+05  0.1097635672E+05  0.1095509095E+05
L5 0.3273842843E+05  0.9485727738E+04  0.8883451758E+04  0.1035846019E+05
L6 0.2872763969E+05  -.3945236957E+06  0.3706850907E+05  -.5330276259E+06
L7 0.0000000000E+00  0.4677208685E+04  0.1299451568E+05  0.2030778021E+05
L8 0.5800703178E+04  0.5765521338E+05  0.0000000000E+00  0.0000000000E+00
L9 0.0000000000E+00  0.0000000000E+00  0.0000000000E+00  0.1042126602E+01  0.0000000000E+00
L0     3000  0.1160000000E+03  -.3112488994E+06  0.8319244119E+05
L1 0.2992724584E+03  0.2992724584E+03  -.3944413406E+12  0.1000000000E+01
L2 0.1000000000E+01  0.1198216770E+03  0.1198216770E+03  0.1198216770E+03
L3 0.1324298824E+07  -.4184171234E+03  -.5313171002E+01  0.2968728543E+03
L4 -.4228581336E+02  0.1088935867E+05  0.1088033653E+05  0.1082199363E+05
L5 0.3259168882E+05  0.1487732995E+05  0.1093097684E+05  0.7992471721E+04
L6 0.3380077851E+05  -.3944413406E+06  0.3628259736E+05  -.5320565708E+06
L7 0.0000000000E+00  0.4824613762E+04  0.1295580176E+05  0.2029880138E+05
L8 0.5762089314E+04  0.5749132663E+05  0.0000000000E+00  0.0000000000E+00
L9 0.0000000000E+00  0.0000000000E+00  0.0000000000E+00  0.1041829686E+01  0.0000000000E+00
L0     4000  0.1180000000E+03  -.3112707292E+06  0.8363044667E+05
L1 0.3008481181E+03  0.3008481181E+03  -.3949011759E+12  0.1000000000E+01
L2 0.1000000000E+01  0.1198219950E+03  0.1198219950E+03  0.1198219950E+03
L3 0.1324317999E+07  -.9603439868E+02  0.6727587811E+02  -.3173318402E+03
L4 -.1153634536E+03  0.1100196795E+05  0.1096172547E+05  0.1089035600E+05
L5 0.3285404942E+05  0.1191729371E+05  0.1032050373E+05  0.1391491814E+05
L6 0.3615271558E+05  -.3949011759E+06  0.3659673426E+05  -.5327845595E+06
L7 0.0000000000E+00  0.4815858567E+04  0.1293275933E+05  0.2034436516E+05
L8 0.5712376858E+04  0.5748128941E+05  0.0000000000E+00  0.0000000000E+00
L9 0.0000000000E+00  0.0000000000E+00  0.0000000000E+00  0.1041814601E+01  0.0000000000E+00
L0     5000  0.1200000000E+03  -.3117631388E+06  0.8329774950E+05
L1 0.2996512894E+03  0.2996512894E+03  -.3950608884E+12  0.1000000000E+01
L2 0.1000000000E+01  0.1197995810E+03  0.1197995810E+03  0.1197995810E+03
L3 0.1323564099E+07  -.2214891245E+03  0.2870305759E+03  -.1357812525E+03
L4 -.2341326704E+02  0.1092688765E+05  0.1086829007E+05  0.1086281839E+05
L5 0.3265799611E+05  0.1303674923E+05  0.8134093583E+04  0.1215624374E+05
L6 0.3332708656E+05  -.3950608884E+06  0.3723772522E+05  -.5336495127E+06
L7 0.0000000000E+00  0.4770282731E+04  0.1303939496E+05  0.2032178081E+05
L8 0.5719194415E+04  0.5750024621E+05  0.0000000000E+00  0.0000000000E+00
L9 0.0000000000E+00  0.0000000000E+00  0.0000000000E+00  0.1042408017E+01  0.0000000000E+00
L0     6000  0.1220000000E+03  -.3116036174E+06  0.8354780184E+05
L1 0.3005508156E+03  0.3005508156E+03  -.3951514192E+12  0.1000000000E+01
L2 0.1000000000E+01  0.1197744808E+03  0.1197744808E+03  0.1197744808E+03
L3 0.1322733071E+07  0.4288504221E+02  -.1144946297E+02  -.1202424482E+03
L4 -.2960228967E+02  0.1093834028E+05  0.1088004876E+05  0.1099669346E+05
L5 0.3281508250E+05  0.1053008234E+05  0.1098904560E+05  0.1214138007E+05
L6 0.3366050801E+05  -.3951514192E+06  0.3663217177E+05  -.5330887327E+06
L7 0.0000000000E+00  0.4711500724E+04  0.1301497893E+05  0.2032723016E+05
L8 0.5798849507E+04  0.5745258241E+05  0.0000000000E+00  0.0000000000E+00
L9 0.0000000000E+00  0.0000000000E+00  0.0000000000E+00  0.1043062926E+01  0.0000000000E+00
L0     7000  0.1240000000E+03  -.3115469056E+06  0.8344443860E+05
L1 0.3001789817E+03  0.3001789817E+03  -.3949913442E+12  0.1000000000E+01
L2 0.1000000000E+01  0.1198058192E+03  0.1198058192E+03  0.1198058192E+03
L3 0.1323749084E+07  0.2289653612E+03  0.4029663984E+02  0.2140391888E+03
L4 0.1611003966E+03  0.1083781885E+05  0.1083004527E+05  0.1099487216E+05
L5 0.3266273629E+05  0.8656435281E+04  0.1044613380E+05  0.8955692230E+04
L6 0.2805826131E+05  -.3949913442E+06  0.3687792132E+05  -.5332800910E+06
L7 0.0000000000E+00  0.4757617334E+04  0.1314613267E+05  0.2025071381E+05
L8 0.5727339550E+04  0.5752902216E+05  0.0000000000E+00  0.0000000000E+00
L9 0.0000000000E+00  0.0000000000E+00  0.0000000000E+00  0.1042262348E+01  0.0000000000E+00
L0     8000  0.1260000000E+03  -.3109474293E+06  0.8350902482E+05
L1 0.3004113210E+03  0.3004113210E+03  -.3944564541E+12  0.1000000000E+01
L2 0.1000000000E+01  0.1197726748E+03  0.1197726748E+03  0.1197726748E+03
L3 0.1322653274E+07  0.4953402082E+02  0.2323011832E+03  0.1369970461E+03
L4 0.1396107500E+03  0.1093347725E+05  0.1107256389E+05  0.1084184457E+05
L5 0.3284788571E+05  0.1046195067E+05  0.8861231572E+04  0.9537735862E+04
L6 0.2886091811E+05  -.3944564541E+06  0.3669039449E+05  -.5324320815E+06
L7 0.0000000000E+00  0.4745688676E+04  0.1293848274E+05  0.2032085157E+05
L8 0.5735573156E+04  0.5754463675E+05  0.0000000000E+00  0.0000000000E+00
L9 0.0000000000E+00  0.0000000000E+00  0.0000000000E+00  0.1043125855E+01  0.0000000000E+00
L0     9000  0.1280000000E+03  -.3117422694E+06  0.8323947336E+05
L1 0.2994416496E+03  0.2994416496E+03  -.3949817427E+12  0.1000000000E+01
L2 0.1000000000E+01  0.1197603599E+03  0.1197603599E+03  0.1197603599E+03
L3 0.1322262336E+07  -.1543947753E+03  0.1764991177E+03  -.3575980641E+02
L4 -.4551821343E+01  0.1085878518E+05  0.1088782737E+05  0.1092386637E+05
L5 0.3267047893E+05  0.1232807276E+05  0.9208185292E+04  0.1126417219E+05
L6 0.3280043024E+05  -.3949817427E+06  0.3653927107E+05  -.5328246488E+06
L7 0.0000000000E+00  0.4823636603E+04  0.1289272812E+05  0.2029656406E+05
L8 0.5779609941E+04  0.5751109630E+05  0.0000000000E+00  0.0000000000E+00
L9 0.0000000000E+00  0.0000000000E+00  0.0000000000E+00  0.1043434264E+01  0.0000000000E+00
L0    10000  0.1300000000E+03  -.3115390692E+06  0.8331583785E+05
L1 0.2997163595E+03  0.2997163595E+03  -.3948549070E+12  0.1000000000E+01
L2 0.1000000000E+01  0.1197992608E+03  0.1197992608E+03  0.1197992608E+03
L3 0.1323558750E+07  0.6492530584E+02  -.2785415687E+02  -.2410315983E+03
L4 -.6798681645E+02  0.1081178585E+05  0.1083512363E+05  0.1094767260E+05
L5 0.3259458207E+05  0.1019332272E+05  0.1110045574E+05  0.1324368265E+05
L6 0.3453746112E+05  -.3948549070E+06  0.3655558795E+05  -.5326857538E+06
L7 0.0000000000E+00  0.4651315175E+04  0.1289883502E+05  0.2035486621E+05
L8 0.5806526927E+04  0.5756371544E+05  0.0000000000E+00  0.0000000000E+00
L9 0.0000000000E+00  0.0000000000E+00  0.0000000000E+00  0.1042412230E+01  0.0000000000E+00
L0    11000  0.1320000000E+03  -.3116964381E+06  0.8314161936E+05
L1 0.2990896344E+03  0.2990896344E+03  -.3948380575E+12  0.1000000000E+01
L2 0.1000000000E+01  0.1197510989E+03  0.1197510989E+03  0.1197510989E+03
L3 0.1321966634E+07  0.1589924164E+02  -.4295951747E+03  0.1196030596E+03
L4 -.9803095785E+02  0.1085777375E+05  0.1097892221E+05  0.1099237070E+05
L5 0.3282906666E+05  0.1070650352E+05  0.1506622178E+05  0.9854430697E+04
L6 0.3562715599E+05  -.3948380575E+06  0.3637030100E+05  -.5324717131E+06
L7 0.0000000000E+00  0.4707980920E+04  0.1284956486E+05  0.2030536086E+05
L8 0.5761190258E+04  0.5763925775E+05  0.0000000000E+00  0.0000000000E+00
L9 0.0000000000E+00  0.0000000000E+00  0.0000000000E+00  0.1043667663E+01  0.0000000000E+00
L0    12000  0.1340000000E+03  -.3115643579E+06  0.8326831010E+05
L1 0.2995453855E+03  0.2995453855E+03  -.3948326680E+12  0.1000000000E+01
L2 0.1000000000E+01  0.1197908097E+03  0.1197908097E+03  0.1197908097E+03
L3 0.1323255097E+07  0.2110492575E+03  0.2135838776E+03  -.2965650901E+02
L4 0.1316588754E+03  0.1084929654E+05  0.1100856729E+05  0.1098447731E+05
L5 0.3284234114E+05  0.8839352416E+04  0.8974484513E+04  0.1126691339E+05
L6 0.2908075032E+05  -.3948326680E+06  0.3688717929E+05  -.5328997833E+06
L7 0.0000000000E+00  0.4692657038E+04  0.1292552954E+05  0.2036275866E+05
L8 0.5741971457E+04  0.5745701932E+05  0.0000000000E+00  0.0000000000E+00
L9 0.0000000000E+00  0.0000000000E+00  0.0000000000E+00  0.1042651437E+01  0.0000000000E+00
L0    13000  0.1360000000E+03  -.3115145121E+06  0.8325969001E+05
L1 0.2995143760E+03  0.2995143760E+03  -.3947742021E+12  0.1000000000E+01
L2 0.1000000000E+01  0.1197746939E+03  0.1197746939E+03  0.1197746939E+03
L3 0.1322728835E+07  -.2806808247E+02  0.2910830274E+03  -.6457746100E+02
L4 0.6614582799E+02  0.1095227933E+05  0.1082889275E+05  0.1089001366E+05
L5 0.3267118574E+05  0.1121948160E+05  0.8057843248E+04  0.1150477757E+05
L6 0.3078210242E+05  -.3947742021E+06  0.3717156832E+05  -.5333962717E+06
L7 0.0000000000E+00  0.4757292744E+04  0.1292642008E+05  0.2043286177E+05
L8 0.5762532845E+04  0.5757139389E+05  0.0000000000E+00  0.0000000000E+00
L9 0.0000000000E+00  0.0000000000E+00  0.0000000000E+00  0.1043066267E+01  0.0000000000E+00
L0    14000  0.1380000000E+03  -.3114225861E+06  0.8335070081E+05
L1 0.2998417739E+03  0.2998417739E+03  -.3947732869E+12  0.1000000000E+01
L2 0.1000000000E+01  0.1198161490E+03  0.1198161490E+03  0.1198161490E+03
L3 0.1324106699E+07  -.2431163555E+02  0.2243682887E+03  -.1023377274E+03
L4 0.3257297522E+02  0.1090445494E+05  0.1097132320E+05  0.1073806570E+05
L5 0.3261384384E+05  0.1113613771E+05  0.8833159075E+04  0.1171331429E+05
L6 0.3168261107E+05  -.3947732869E+06  0.3678380127E+05  -.5328309681E+06
L7 0.0000000000E+00  0.4828681361E+04  0.1290735080E+05  0.2029059973E+05
L8 0.5764279981E+04  0.5748296799E+05  0.0000000000E+00  0.0000000000E+00
L9 0.0000000000E+00  0.0000000000E+00  0.0000000000E+00  0.1041980853E+01  0.0000000000E+00
L0    15000  0.1400000000E+03  -.3115309912E+06  0.8355072860E+05
L1 0.3005613442E+03  0.3005613442E+03  -.3950817198E+12  0.1000000000E+01
L2 0.1000000000E+01  0.1197957950E+03  0.1197957950E+03  0.1197957950E+03
L3 0.1323443180E+07  -.3487553584E+03  -.1846931089E+02  0.1810804261E+03
L4 -.6204808107E+02  0.1098972889E+05  0.1089032103E+05  0.1087112528E+05
L5 0.3275117521E+05  0.1431159994E+05  0.1106623996E+05  0.9146346552E+04
L6 0.3452418645E+05  -.3950817198E+06  0.3674621596E+05  -.5334105229E+06
L7 0.0000000000E+00  0.4797463224E+04  0.1307671271E+05  0.2040789161E+05
L8 0.5733920732E+04  0.5756659888E+05  0.0000000000E+00  0.0000000000E+00
L9 0.0000000000E+00  0.0000000000E+00  0.0000000000E+00  0.1042503259E+01  0.0000000000E+00
L0    16000  0.1420000000E+03  -.3121859109E+06  0.8313442159E+05
L1 0.2990637415E+03  0.2990637415E+03  -.3953203325E+12  0.1000000000E+01
L2 0.1000000000E+01  0.1197625522E+03  0.1197625522E+03  0.1197625522E+03
L3 0.1322325124E+07  -.1352223784E+02  0.4096154888E+03  -.1597685297E+03
L4 0.7877490708E+02  0.1075613740E+05  0.1077867414E+05  0.1091147367E+05
L5 0.3244628521E+05  0.1088482699E+05  0.6880410563E+04  0.1243197242E+05
L6 0.3019720997E+05  -.3953203325E+06  0.3685983451E+05  -.5334639119E+06
L7 0.0000000000E+00  0.4730872972E+04  0.1295408278E+05  0.2031116355E+05
L8 0.5735511608E+04  0.5755211399E+05  0.0000000000E+00  0.0000000000E+00
L9 0.0000000000E+00  0.0000000000E+00  0.0000000000E+00  0.1043384719E+01  0.0000000000E+00
L0    17000  0.1440000000E+03  -.3115458616E+06  0.8320993990E+05
L1 0.2993354074E+03  0.2993354074E+03  -.3947558015E+12  0.1000000000E+01
L2 0.1000000000E+01  0.1198114751E+03  0.1198114751E+03  0.1198114751E+03
L3 0.1323964520E+07  -.2849484683E+03  0.1589094187E+03  -.1006900784E+03
L4 -.7557637602E+02  0.1090771567E+05  0.1094307443E+05  0.1098121430E+05
L5 0.3283200441E+05  0.1362289960E+05  0.9428876790E+04  0.1194065825E+05
L6 0.3499243464E+05  -.3947558015E+06  0.3649334490E+05  -.5326207499E+06
L7 0.0000000000E+00  0.4687607225E+04  0.1295644937E+05  0.2029168523E+05
L8 0.5831564480E+04  0.5760429716E+05  0.0000000000E+00  0.0000000000E+00
L9 0.0000000000E+00  0.0000000000E+00  0.0000000000E+00  0.1042092750E+01  0.0000000000E+00
L0    18000  0.1460000000E+03  -.3115861928E+06  0.8349220165E+05
L1 0.3003508021E+03  0.3003508021E+03  -.3950783944E+12  0.1000000000E+01
L2 0.1000000000E+01  0.1198001765E+03  0.1198001765E+03  0.1198001765E+03
L3 0.1323592526E+07  -.7085577044E+02  -.8758907502E+02  -.1326120888E+03
L4 -.9701897809E+02  0.1101680584E+05  0.1086794037E+05  0.1087939373E+05
L5 0.3276413994E+05  0.1169177839E+05  0.1170231450E+05  0.1214265738E+05
L6 0.3553675027E+05  -.3950783944E+06  0.3712845382E+05  -.5334653731E+06
L7 0.0000000000E+00  0.4888508415E+04  0.1294597403E+05  0.2026045852E+05
L8 0.5732947757E+04  0.5743063616E+05  0.0000000000E+00  0.0000000000E+00
L9 0.0000000000E+00  0.0000000000E+00  0.0000000000E+00  0.1042385629E+01  0.0000000000E+00
L0    19000  0.1480000000E+03  -.3115830505E+06  0.8304090528E+05
L1 0.2987273304E+03  0.2987273304E+03  -.3946239558E+12  0.1000000000E+01
L2 0.1000000000E+01  0.1197542219E+03  0.1197542219E+03  0.1197542219E+03
L3 0.1322063864E+07  -.2918842971E+03  0.2034499134E+03  -.4791680711E+02
L4 -.4545039697E+02  0.1075599746E+05  0.1074544727E+05  0.1103476441E+05
L5 0.3253620915E+05  0.1353327797E+05  0.8809620357E+04  0.1149069307E+05
L6 0.3383359139E+05  -.3946239558E+06  0.3643735327E+05  -.5326185587E+06
L7 0.0000000000E+00  0.4777934328E+04  0.1313274257E+05  0.2032838671E+05
L8 0.5749373786E+04  0.5756881225E+05  0.0000000000E+00  0.0000000000E+00
L9 0.0000000000E+00  0.0000000000E+00  0.0000000000E+00  0.1043590908E+01  0.0000000000E+00
L0    20000  0.1500000000E+03  -.3124851054E+06  0.8294309662E+05
L1 0.2983754783E+03  0.2983754783E+03  -.3954282020E+12  0.1000000000E+01
L2 0.1000000000E+01  0.1198151178E+03  0.1198151178E+03  0.1198151178E+03
L3 0.1324073613E+07  -.1309755775E+03  0.1399611734E+03  0.6077853543E+02
L4 0.2325471043E+02  0.1095300976E+05  0.1080603946E+05  0.1083044909E+05
L5 0.3258949831E+05  0.1220113749E+05  0.9472283772E+04  0.1025126191E+05
L6 0.3192468317E+05  -.3954282020E+06  0.3673366747E+05  -.5333386251E+06
L7 0.0000000000E+00  0.4686949214E+04  0.1290275396E+05  0.2021761695E+05
L8 0.5797025909E+04  0.5757240953E+05  0.0000000000E+00  0.0000000000E+00
L9 0.0000000000E+00  0.0000000000E+00  0.0000000000E+00  0.1042006891E+01  0.0000000000E+00
L0    21000  0.1520000000E+03  -.3115921031E+06  0.8344384171E+05
L1 0.3001768344E+03  0.3001768344E+03  -.3950359448E+12  0.1000000000E+01
L2 0.1000000000E+01  0.1197809083E+03  0.1197809083E+03  0.1197809083E+03
L3 0.1322946191E+07  -.8587003926E+02  0.1132022639E+03  -.1202754785E+03
L4 -.3098108461E+02  0.1101656335E+05  0.1089791464E+05  0.1087391852E+05
L5 0.3278839651E+05  0.1183416248E+05  0.9820075693E+04  0.1201910406E+05
L6 0.3367334223E+05  -.3950359448E+06  0.3693716134E+05  -.5334475851E+06
L7 0.0000000000E+00  0.4711121046E+04  0.1303668506E+05  0.2030747313E+05
L8 0.5766429608E+04  0.5765277013E+05  0.0000000000E+00  0.0000000000E+00
L9 0.0000000000E+00  0.0000000000E+00  0.0000000000E+00  0.1042894894E+01  0.0000000000E+00
L0    22000  0.1540000000E+03  -.3115073331E+06  0.8380062794E+05
L1 0.3014603199E+03  0.3014603199E+03  -.3953079610E+12  0.1000000000E+01
L2 0.1000000000E+01  0.1198013911E+03  0.1198013911E+03  0.1198013911E+03
L3 0.1323632906E+07  -.1367458398E+03  -.2595462672E+02  -.1314171861E+03
L4 -.9803921753E+02  0.1100454961E+05  0.1100513234E+05  0.1090071611E+05
L5 0.3291039806E+05  0.1230723115E+05  0.1125238383E+05  0.1215263531E+05
L6 0.3571225029E+05  -.3953079610E+06  0.3682897463E+05  -.5336017391E+06
L7 0.0000000000E+00  0.4680894459E+04  0.1287890429E+05  0.2032212104E+05
L8 0.5844288219E+04  0.5773859538E+05  0.0000000000E+00  0.0000000000E+00
L9 0.0000000000E+00  0.0000000000E+00  0.0000000000E+00  0.1042353829E+01  0.0000000000E+00
L0    23000  0.1560000000E+03  -.3119939038E+06  0.8311775535E+05
L1 0.2990037872E+03  0.2990037872E+03  -.3951116591E+12  0.1000000000E+01
L2 0.1000000000E+01  0.1197539666E+03  0.1197539666E+03  0.1197539666E+03
L3 0.1322041521E+07  0.2605504303E+03  -.1679812256E+03  0.1243996386E+03
L4 0.7232294776E+02  0.1091091131E+05  0.1083370098E+05  0.1074754821E+05
L5 0.3249216049E+05  0.8431814594E+04  0.1243201614E+05  0.9563905042E+04
L6 0.3042773578E+05  -.3951116591E+06  0.3678821973E+05  -.5331155883E+06
L7 0.0000000000E+00  0.4750509641E+04  0.1286834637E+05  0.2030339615E+05
L8 0.5727830539E+04  0.5756562678E+05  0.0000000000E+00  0.0000000000E+00
L9 0.0000000000E+00  0.0000000000E+00  0.0000000000E+00  0.1043608545E+01  0.0000000000E+00
L0    24000  0.1580000000E+03  -.3123568581E+06  0.8291021906E+05
L1 0.2982572062E+03  0.2982572062E+03  -.3952670772E+12  0.1000000000E+01
L2 0.1000000000E+01  0.1198007721E+03  0.1198007721E+03  0.1198007721E+03
L3 0.1323601083E+07  -.1090924678E+03  0.6082633249E+01  0.9615780520E+02
L4 -.2284009797E+01  0.1083900714E+05  0.1090180899E+05  0.1080495295E+05
L5 0.3254576908E+05  0.1187822945E+05  0.1084386541E+05  0.9888947121E+04
L6 0.3261104198E+05  -.3952670772E+06  0.3674098915E+05  -.5333083031E+06
L7 0.0000000000E+00  0.4792209127E+04  0.1288139637E+05  0.2021995719E+05
L8 0.5818282576E+04  0.5758839154E+05  0.0000000000E+00  0.0000000000E+00
L9 0.0000000000E+00  0.0000000000E+00  0.0000000000E+00  0.1042378890E+01  0.0000000000E+00
L0    25000  0.1600000000E+03  -.3109400357E+06  0.8364492449E+05
L1 0.3009001999E+03  0.3009001999E+03  -.3945849602E+12  0.1000000000E+01
L2 0.1000000000E+01  0.1197942604E+03  0.1197942604E+03  0.1197942604E+03
L3 0.1323380332E+07  0.2558936277E+03  -.3139363952E+02  -.1060303052E+03
L4 0.3948989431E+02  0.1094875076E+05  0.1084755122E+05  0.1083725154E+05
L5 0.3263355352E+05  0.8511497124E+04  0.1114655930E+05  0.1184713502E+05
L6 0.3150519144E+05  -.3945849602E+06  0.3672861228E+05  -.5327431209E+06
L7 0.0000000000E+00  0.4754010946E+04  0.1304794059E+05  0.2033734966E+05
L8 0.5759070385E+04  0.5753117684E+05  0.0000000000E+00  0.0000000000E+00
L9 0.0000000000E+00  0.0000000000E+00  0.0000000000E+00  0.1042552767E+01  0.0000000000E+00
L0    26000  0.1620000000E+03  -.3113650085E+06  0.8358519882E+05
L1 0.3006853457E+03  0.3006853457E+03  -.3949502073E+12  0.1000000000E+01
L2 0.1000000000E+01  0.1198150606E+03  0.1198150606E+03  0.1198150606E+03
L3 0.1324069806E+07  0.8539297188E+02  -.9912069482E+02  0.1320437745E+03
L4 0.3943868387E+02  0.1097772568E+05  0.1091202048E+05  0.1090772767E+05
L5 0.3279747383E+05  0.1016397832E+05  0.1185658538E+05  0.9649424201E+04
L6 0.3166998790E+05  -.3949502073E+06  0.3698876498E+05  -.5334430408E+06
L7 0.0000000000E+00  0.4748498117E+04  0.1304544053E+05  0.2035696433E+05
L8 0.5798892188E+04  0.5755427334E+05  0.0000000000E+00  0.0000000000E+00
L9 0.0000000000E+00  0.0000000000E+00  0.0000000000E+00  0.1042009886E+01  0.0000000000E+00
L0    27000  0.1640000000E+03  -.3113226322E+06  0.8366397817E+05
L1 0.3009687427E+03  0.3009687427E+03  -.3949866103E+12  0.1000000000E+01
L2 0.1000000000E+01  0.1197562069E+03  0.1197562069E+03  0.1197562069E+03
L3 0.1322120741E+07  -.2401797054E+02  0.3469736809E+03  -.2337368669E+03
L4 0.2973961449E+02  0.1082142856E+05  0.1086841480E+05  0.1087245173E+05
L5 0.3256229509E+05  0.1104996950E+05  0.7566816503E+04  0.1309655484E+05
L6 0.3171334084E+05  -.3949866103E+06  0.3694681102E+05  -.5334019373E+06
L7 0.0000000000E+00  0.4729248476E+04  0.1305694028E+05  0.2035247072E+05
L8 0.5753734326E+04  0.5757612216E+05  0.0000000000E+00  0.0000000000E+00
L9 0.0000000000E+00  0.0000000000E+00  0.0000000000E+00  0.1043546013E+01  0.0000000000E+00
L0    28000  0.1660000000E+03  -.3123634262E+06  0.8302447653E+05
L1 0.2986682304E+03  0.2986682304E+03  -.3953879028E+12  0.1000000000E+01
L2 0.1000000000E+01  0.1198018806E+03  0.1198018806E+03  0.1198018806E+03
L3 0.1323633219E+07  0.3901249105E+02  0.1637001635E+03  -.9250606848E+02
L4 0.3673552868E+02  0.1097903311E+05  0.1087140170E+05  0.1088283009E+05
L5 0.3273326489E+05  0.1060738843E+05  0.9311944886E+04  0.1176407061E+05
L6 0.3168340393E+05  -.3953879028E+06  0.3659761267E+05  -.5331596446E+06
L7 0.0000000000E+00  0.4748132866E+04  0.1292725347E+05  0.2026724717E+05
L8 0.5768860866E+04  0.5746263475E+05  0.0000000000E+00  0.0000000000E+00
L9 0.0000000000E+00  0.0000000000E+00  0.0000000000E+00  0.1042353582E+01  0.0000000000E+00
L0    29000  0.1680000000E+03  -.3126727386E+06  0.8289625669E+05
L1 0.2982069786E+03  0.2982069786E+03  -.3955689953E+12  0.1000000000E+01
L2 0.1000000000E+01  0.1197376712E+03  0.1197376712E+03  0.1197376712E+03
L3 0.1321505362E+07  0.6722601550E+02  -.1806600951E+03  0.2424903391E+03
L4 0.4301875317E+02  0.1092842742E+05  0.1081547019E+05  0.1081053214E+05
L5 0.3255442976E+05  0.1028904178E+05  0.1253372570E+05  0.8504210097E+04
L6 0.3132697757E+05  -.3955689953E+06  0.3722940698E+05  -.5339589891E+06
L7 0.0000000000E+00  0.4714736424E+04  0.1290122740E+05  0.2023783111E+05
L8 0.5749176548E+04  0.5755761539E+05  0.0000000000E+00  0.0000000000E+00
L9 0.0000000000E+00  0.0000000000E+00  0.0000000000E+00  0.1044031956E+01  0.0000000000E+00
L0    30000  0.1700000000E+03  -.3121996667E+06  0.8322615205E+05
L1 0.2993937282E+03  0.2993937282E+03  -.3954258187E+12  0.1000000000E+01
L2 0.1000000000E+01  0.1197323936E+03  0.1197323936E+03  0.1197323936E+03
L3 0.1321326546E+07  0.6851729205E+02  -.4708030822E+02  0.2115133296E+03
L4 0.7765010448E+02  0.1076757041E+05  0.1095297038E+05  0.1077907123E+05
L5 0.3249961202E+05  0.1011599163E+05  0.1140068991E+05  0.8767643272E+04
L6 0.3028432481E+05  -.3954258187E+06  0.3691869901E+05  -.5335153470E+06
L7 0.0000000000E+00  0.4636184955E+04  0.1286533282E+05  0.2031343734E+05
L8 0.5793638930E+04  0.5756223521E+05  0.0000000000E+00  0.0000000000E+00
L9 0.0000000000E+00  0.0000000000E+00  0.0000000000E+00  0.1044173246E+01  0.0000000000E+00
L0    31000  0.1720000000E+03  -.3124310490E+06  0.8335723510E+05
L1 0.2998652800E+03  0.2998652800E+03  -.3957882841E+12  0.1000000000E+01
L2 0.1000000000E+01  0.1197242211E+03  0.1197242211E+03  0.1197242211E+03
L3 0.1321073810E+07  -.2747856076E+03  0.7903212306E+02  -.2477849220E+02
L4 -.7351065893E+02  0.1089548334E+05  0.1081817903E+05  0.1084054794E+05
L5 0.3255421031E+05  0.1350811175E+05  0.1006675113E+05  0.1107613886E+05
L6 0.3465100175E+05  -.3957882841E+06  0.3641848232E+05  -.5335911326E+06
L7 0.0000000000E+00  0.4850511536E+04  0.1289747936E+05  0.2036706698E+05
L8 0.5784137916E+04  0.5748517042E+05  0.0000000000E+00  0.0000000000E+00
L9 0.0000000000E+00  0.0000000000E+00  0.0000000000E+00  0.1044373007E+01  0.0000000000E+00
L0    32000  0.1740000000E+03  -.3116383885E+06  0.8343290968E+05
L1 0.3001375081E+03  0.3001375081E+03  -.3950712982E+12  0.1000000000E+01
L2 0.1000000000E+01  0.1197554334E+03  0.1197554334E+03  0.1197554334E+03
L3 0.1322098773E+07  0.4106175747E+01  0.1943141622E+02  -.2722529070E+02
L4 -.1229232913E+01  0.1095149824E+05  0.1092088090E+05  0.1086018744E+05
L5 0.3273256658E+05  0.1091242693E+05  0.1073598600E+05  0.1111924305E+05
L6 0.3276765598E+05  -.3950712982E+06  0.3701749824E+05  -.5334606525E+06
L7 0.0000000000E+00  0.4798254374E+04  0.1307962650E+05  0.2037067208E+05
L8 0.5719115440E+04  0.5740418772E+05  0.0000000000E+00  0.0000000000E+00
L9 0.0000000000E+00  0.0000000000E+00  0.0000000000E+00  0.1043563352E+01  0.0000000000E+00
L0    33000  0.1760000000E+03  -.3111587625E+06  0.8361862358E+05
L1 0.3008055863E+03  0.3008055863E+03  -.3947773861E+12  0.1000000000E+01
L2 0.1000000000E+01  0.1197977913E+03  0.1197977913E+03  0.1197977913E+03
L3 0.1323499278E+07  -.3941128940E+02  0.3148926144E+02  0.7752691889E+02
L4 0.2320163031E+02  0.1108641060E+05  0.1091680601E+05  0.1099557730E+05
L5 0.3299879391E+05  0.1146181636E+05  0.1061686022E+05  0.1025710737E+05
L6 0.3233578396E+05  -.3947773861E+06  0.3682744373E+05  -.5330985463E+06
L7 0.0000000000E+00  0.4745362206E+04  0.1319532822E+05  0.2033806155E+05
L8 0.5773494490E+04  0.5744146995E+05  0.0000000000E+00  0.0000000000E+00
L9 0.0000000000E+00  0.0000000000E+00  0.0000000000E+00  0.1042459072E+01  0.0000000000E+00
L0    34000  0.1780000000E+03  -.3115354086E+06  0.8319949489E+05
L1 0.2992978330E+03  0.2992978330E+03  -.3947349035E+12  0.1000000000E+01
L2 0.1000000000E+01  0.1197798643E+03  0.1197798643E+03  0.1197798643E+03
L3 0.1322902700E+07  0.2519084296E+02  -.4754950287E+02  0.1556547413E+03
L4 0.4443202712E+02  0.1085221612E+05  0.1089127868E+05  0.1091436628E+05
L5 0.3265786109E+05  0.1061237305E+05  0.1134399950E+05  0.9432370948E+04
L6 0.3138874349E+05  -.3947349035E+06  0.3656285208E+05  -.5326932659E+06
L7 0.0000000000E+00  0.4761702439E+04  0.1301447359E+05  0.2034624689E+05
L8 0.5712273575E+04  0.5756081383E+05  0.0000000000E+00  0.0000000000E+00
L9 0.0000000000E+00  0.0000000000E+00  0.0000000000E+00  0.1042929180E+01  0.0000000000E+00
L0    35000  0.1800000000E+03  -.3120431905E+06  0.8334070514E+05
L1 0.2998058159E+03  0.2998058159E+03  -.3953838956E+12  0.1000000000E+01
L2 0.1000000000E+01  0.1197838323E+03  0.1197838323E+03  0.1197838323E+03
L3 0.1323022119E+07  0.7123443676E+02  0.3629146489E+03  0.5696476266E+01
L4 0.1466151873E+03  0.1089426230E+05  0.1092669259E+05  0.1084337491E+05
L5 0.3266432980E+05  0.1021597501E+05  0.7471055049E+04  0.1078913362E+05
L6 0.2847616368E+05  -.3953838956E+06  0.3708300933E+05  -.5339256882E+06
L7 0.0000000000E+00  0.4839287747E+04  0.1294442245E+05  0.2032307286E+05
L8 0.5790327363E+04  0.5756167283E+05  0.0000000000E+00  0.0000000000E+00
L9 0.0000000000E+00  0.0000000000E+00  0.0000000000E+00  0.1042835043E+01  0.0000000000E+00
L0    36000  0.1820000000E+03  -.3122703331E+06  0.8308839019E+05
L1 0.2988981503E+03  0.2988981503E+03  -.3953587233E+12  0.1000000000E+01
L2 0.1000000000E+01  0.1197275955E+03  0.1197275955E+03  0.1197275955E+03
L3 0.1321163416E+07  0.1431599968E+03  0.9868489467E+02  0.1002121898E+03
L4 0.1140190271E+03  0.1091139453E+05  0.1100387453E+05  0.1086525832E+05
L5 0.3278052738E+05  0.9550154226E+04  0.1006552681E+05  0.9912388285E+04
L6 0.2952806932E+05  -.3953587233E+06  0.3717424783E+05  -.5339397156E+06
L7 0.0000000000E+00  0.4692251824E+04  0.1297024371E+05  0.2028876949E+05
L8 0.5783332767E+04  0.5767214661E+05  0.0000000000E+00  0.0000000000E+00
L9 0.0000000000E+00  0.0000000000E+00  0.0000000000E+00  0.1044302174E+01  0.0000000000E+00
L0    37000  0.1840000000E+03  -.3116984732E+06  0.8342167180E+05
L1 0.3000970815E+03  0.3000970815E+03  -.3951201450E+12  0.1000000000E+01
L2 0.1000000000E+01  0.1197633387E+03  0.1197633387E+03  0.1197633387E+03
L3 0.1322363540E+07  -.4012687359E+02  0.2073403758E+02  -.5869480773E+02
L4 -.2602921458E+02  0.1096064666E+05  0.1085607119E+05  0.1082087890E+05
L5 0.3263759675E+05  0.1134254061E+05  0.1065874200E+05  0.1137948688E+05
L6 0.3338076948E+05  -.3951201450E+06  0.3654726282E+05  -.5329127544E+06
L7 0.0000000000E+00  0.4852951336E+04  0.1277085237E+05  0.2028278109E+05
L8 0.5749526959E+04  0.5758923482E+05  0.0000000000E+00  0.0000000000E+00
L9 0.0000000000E+00  0.0000000000E+00  0.0000000000E+00  0.1043354407E+01  0.0000000000E+00
L0    38000  0.1860000000E+03  -.3116604476E+06  0.8348696082E+05
L1 0.3003319490E+03  0.3003319490E+03  -.3951474085E+12  0.1000000000E+01
L2 0.1000000000E+01  0.1197785595E+03  0.1197785595E+03  0.1197785595E+03
L3 0.1322860672E+07  0.1608062062E+03  0.1301706682E+03  -.1882635527E+03
L4 0.3423777389E+02  0.1104196010E+05  0.1081787056E+05  0.1108210395E+05
L5 0.3294193462E+05  0.9510966095E+04  0.9578549530E+04  0.1287451221E+05
L6 0.3196402783E+05  -.3951474085E+06  0.3687868562E+05  -.5333731351E+06
L7 0.0000000000E+00  0.4675516634E+04  0.1306859685E+05  0.2025453693E+05
L8 0.5808653540E+04  0.5753973707E+05  0.0000000000E+00  0.0000000000E+00
L9 0.0000000000E+00  0.0000000000E+00  0.0000000000E+00  0.1042962314E+01  0.0000000000E+00
L0    39000  0.1880000000E+03  -.3120680063E+06  0.8296989634E+05
L1 0.2984718863E+03  0.2984718863E+03  -.3950379027E+12  0.1000000000E+01
L2 0.1000000000E+01  0.1197818028E+03  0.1197818028E+03  0.1197818028E+03
L3 0.1322966440E+07  0.1082339349E+03  -.1250543536E+03  0.1625830077E+03
L4 0.4858752969E+02  0.1078681357E+05  0.1079413270E+05  0.1094185347E+05
L5 0.3252279974E+05  0.9756264076E+04  0.1198483782E+05  0.9393819240E+04
L6 0.3113492114E+05  -.3950379027E+06  0.3660459651E+05  -.5328547377E+06
L7 0.0000000000E+00  0.4804475239E+04  0.1284151518E+05  0.2039065983E+05
L8 0.5758732310E+04  0.5741685596E+05  0.0000000000E+00  0.0000000000E+00
L9 0.0000000000E+00  0.0000000000E+00  0.0000000000E+00  0.1042878932E+01  0.0000000000E+00
L0    40000  0.1900000000E+03  -.3118263357E+06  0.8322601836E+05
L1 0.2993932472E+03  0.2993932472E+03  -.3950523540E+12  0.1000000000E+01
L2 0.1000000000E+01  0.1197173204E+03  0.1197173204E+03  0.1197173204E+03
L3 0.1320838141E+07  0.5694357056E+02  -.1412618022E+03  0.4838401305E+02
L4 -.1197807285E+02  0.1105958876E+05  0.1079775006E+05  0.1092711002E+05
L5 0.3278444885E+05  0.1051827275E+05  0.1214061064E+05  0.1046716273E+05
L6 0.3312604611E+05  -.3950523540E+06  0.3673097603E+05  -.5332954135E+06
L7 0.0000000000E+00  0.4784059273E+04  0.1303686501E+05  0.2031669933E+05
L8 0.5754509412E+04  0.5761995037E+05  0.0000000000E+00  0.0000000000E+00
L9 0.0000000000E+00  0.0000000000E+00  0.0000000000E+00  0.1044559349E+01  0.0000000000E+00
L0    41000  0.1920000000E+03  -.3119352192E+06  0.8363255923E+05
L1 0.3008557177E+03  0.3008557177E+03  -.3955677784E+12  0.1000000000E+01
L2 0.1000000000E+01  0.1197448562E+03  0.1197448562E+03  0.1197448562E+03
L3 0.1321747131E+07  0.1806395405E+03  0.8939181432E+02  -.2392202800E+03
L4 0.1027035828E+02  0.1098207676E+05  0.1085730668E+05  0.1098802470E+05
L5 0.3282740814E+05  0.9263702434E+04  0.1000694690E+05  0.1326366151E+05
L6 0.3253431085E+05  -.3955677784E+06  0.3687699660E+05  -.5336814219E+06
L7 0.0000000000E+00  0.4728974335E+04  0.1300248411E+05  0.2036446387E+05
L8 0.5708322733E+04  0.5743240182E+05  0.0000000000E+00  0.0000000000E+00
L9 0.0000000000E+00  0.0000000000E+00  0.0000000000E+00  0.1043840985E+01  0.0000000000E+00
L0    42000  0.1940000000E+03  -.3115562573E+06  0.8353197089E+05
L1 0.3004938661E+03  0.3004938661E+03  -.3950882282E+12  0.1000000000E+01
L2 0.1000000000E+01  0.1197625279E+03  0.1197625279E+03  0.1197625279E+03
L3 0.1322333245E+07  -.5140242259E+02  -.1908523059E+01  0.6260277345E+02
L4 0.3097275932E+01  0.1085923214E+05  0.1088643772E+05  0.1095589096E+05
L5 0.3270156083E+05  0.1134842610E+05  0.1090460103E+05  0.1036010390E+05
L6 0.3261313103E+05  -.3950882282E+06  0.3677278055E+05  -.5330610877E+06
L7 0.0000000000E+00  0.4818376798E+04  0.1288579533E+05  0.2027539948E+05
L8 0.5769588240E+04  0.5745091911E+05  0.0000000000E+00  0.0000000000E+00
L9 0.0000000000E+00  0.0000000000E+00  0.0000000000E+00  0.1043378311E+01  0.0000000000E+00
L0    43000  0.1960000000E+03  -.3120669649E+06  0.8326114191E+05
L1 0.2995195990E+03  0.2995195990E+03  -.3953281068E+12  0.1000000000E+01
L2 0.1000000000E+01  0.1197422152E+03  0.1197422152E+03  0.1197422152E+03
L3 0.1321674166E+07  -.9275963078E+02  -.1510903775E+03  -.9398374967E+02
L4 -.1126112527E+03  0.1092645990E+05  0.1088801542E+05  0.1087990808E+05
L5 0.3269438340E+05  0.1180880808E+05  0.1232521734E+05  0.1177390032E+05
L6 0.3590792573E+05  -.3953281068E+06  0.3680778153E+05  -.5334630779E+06
L7 0.0000000000E+00  0.4758777856E+04  0.1301377599E+05  0.2028097829E+05
L8 0.5760357130E+04  0.5751330030E+05  0.0000000000E+00  0.0000000000E+00
L9 0.0000000000E+00  0.0000000000E+00  0.0000000000E+00  0.1043898612E+01  0.0000000000E+00
L0    44000  0.1980000000E+03  -.3119012252E+06  0.8307833630E+05
L1 0.2988619830E+03  0.2988619830E+03  -.3949795615E+12  0.1000000000E+01
L2 0.1000000000E+01  0.1197483866E+03  0.1197483866E+03  0.1197483866E+03
L3 0.1321851602E+07  0.9923273814E+02  -.1684564952E+02  0.2649189651E+03
L4 0.1157686846E+03  0.1078794382E+05  0.1097642202E+05  0.1097982725E+05
L5 0.3274419309E+05  0.9843895425E+04  0.1113668273E+05  0.8459526718E+04
L6 0.2944010487E+05  -.3949795615E+06  0.3644475760E+05  -.5326315064E+06
L7 0.0000000000E+00  0.4792704423E+04  0.1288931713E+05  0.2035950083E+05
L8 0.5726322651E+04  0.5743934223E+05  0.0000000000E+00  0.0000000000E+00
L9 0.0000000000E+00  0.0000000000E+00  0.0000000000E+00  0.1043758487E+01  0.0000000000E+00
L0    45000  0.2000000000E+03  -.3117834949E+06  0.8351953080E+05
L1 0.3004491147E+03  0.3004491147E+03  -.3953030257E+12  0.1000000000E+01
L2 0.1000000000E+01  0.1197762026E+03  0.1197762026E+03  0.1197762026E+03
L3 0.1322789158E+07  0.6046430531E+02  0.2633601290E+02  -.1512809127E+03
L4 -.2149353149E+02  0.1107154850E+05  0.1091300518E+05  0.1096929057E+05
L5 0.3295384425E+05  0.1049591472E+05  0.1066228041E+05  0.1240951888E+05
L6 0.3356771401E+05  -.3953030257E+06  0.3642531580E+05  -.5330056288E+06
L7 0.0000000000E+00  0.4699610530E+04  0.1286657620E+05  0.2035176828E+05
L8 0.5781150134E+04  0.5757818208E+05  0.0000000000E+00  0.0000000000E+00
L9 0.0000000000E+00  0.0000000000E+00  0.0000000000E+00  0.1043018700E+01  0.0000000000E+00
L0    46000  0.2020000000E+03  -.3120833038E+06  0.8306977245E+05
L1 0.2988311758E+03  0.2988311758E+03  -.3951530762E+12  0.1000000000E+01
L2 0.1000000000E+01  0.1197432488E+03  0.1197432488E+03  0.1197432488E+03
L3 0.1321684831E+07  -.1463282439E+03  0.2270126813E+03  0.1810333668E+03
L4 0.8723926807E+02  0.1075806228E+05  0.1079154281E+05  0.1084146397E+05
L5 0.3239106907E+05  0.1214997706E+05  0.8632135320E+04  0.9119424455E+04
L6 0.2990153684E+05  -.3951530762E+06  0.3694652893E+05  -.5333417300E+06
L7 0.0000000000E+00  0.4643724615E+04  0.1295729286E+05  0.2035257201E+05
L8 0.5814150764E+04  0.5747438463E+05  0.0000000000E+00  0.0000000000E+00
L9 0.0000000000E+00  0.0000000000E+00  0.0000000000E+00  0.1043890189E+01  0.0000000000E+00
L0    47000  0.2040000000E+03  -.3117721924E+06  0.8365533269E+05
L1 0.3009376418E+03  0.3009376418E+03  -.3954275251E+12  0.1000000000E+01
L2 0.1000000000E+01  0.1197599539E+03  0.1197599539E+03  0.1197599539E+03
L3 0.1322236919E+07  -.2246260690E+01  0.2651068672E+03  0.2797198334E+02
L4 0.9694419662E+02  0.1078388457E+05  0.1099234628E+05  0.1080842469E+05
L5 0.3258465554E+05  0.1080526055E+05  0.8469522962E+04  0.1054223629E+05
L6 0.2981701980E+05  -.3954275251E+06  0.3675321941E+05  -.5333995552E+06
L7 0.0000000000E+00  0.4672420396E+04  0.1302337407E+05  0.2022803374E+05
L8 0.5819262468E+04  0.5747572002E+05  0.0000000000E+00  0.0000000000E+00
L9 0.0000000000E+00  0.0000000000E+00  0.0000000000E+00  0.1043454322E+01  0.0000000000E+00
L0    48000  0.2060000000E+03  -.3112501155E+06  0.8352985216E+05
L1 0.3004862442E+03  0.3004862442E+03  -.3947799676E+12  0.1000000000E+01
L2 0.1000000000E+01  0.1197846358E+03  0.1197846358E+03  0.1197846358E+03
L3 0.1323068809E+07  -.4932340736E+02  -.2477445082E+03  0.2268996016E+03
L4 -.2338943796E+02  0.1093492228E+05  0.1083078837E+05  0.1094078173E+05
L5 0.3270649239E+05  0.1140459149E+05  0.1318987042E+05  0.8780189828E+04
L6 0.3337465174E+05  -.3947799676E+06  0.3700809281E+05  -.5332981437E+06
L7 0.0000000000E+00  0.4714565650E+04  0.1308077361E+05  0.2032751312E+05
L8 0.5797374323E+04  0.5758985654E+05  0.0000000000E+00  0.0000000000E+00
L9 0.0000000000E+00  0.0000000000E+00  0.0000000000E+00  0.1042798242E+01  0.0000000000E+00
L0    49000  0.2080000000E+03  -.3120550848E+06  0.8295036659E+05
L1 0.2984016310E+03  0.2984016310E+03  -.3950054514E+12  0.1000000000E+01
L2 0.1000000000E+01  0.1197889198E+03  0.1197889198E+03  0.1197889198E+03
L3 0.1323202028E+07  0.1129238770E+03  -.1668847203E+02  0.5573534601E+02
L4 0.5065691700E+02  0.1082331567E+05  0.1087797760E+05  0.1081439928E+05
L5 0.3251569255E+05  0.9747919417E+04  0.1103690519E+05  0.1028362064E+05
L6 0.3106844525E+05  -.3950054514E+06  0.3690732662E+05  -.5332235499E+06
L7 0.0000000000E+00  0.4698518752E+04  0.1297448751E+05  0.2035153590E+05
L8 0.5775186194E+04  0.5751104361E+05  0.0000000000E+00  0.0000000000E+00
L9 0.0000000000E+00  0.0000000000E+00  0.0000000000E+00  0.1042693254E+01  0.0000000000E+00
L0    50000  0.2100000000E+03  -.3114207467E+06  0.8356846979E+05
L1 0.3006251654E+03  0.3006251654E+03  -.3949892165E+12  0.1000000000E+01
L2 0.1000000000E+01  0.1197685814E+03  0.1197685814E+03  0.1197685814E+03
L3 0.1322528695E+07  0.2577857632E+03  -.2334304922E+03  0.1140529094E+03
L4 0.4613606013E+02  0.1100436485E+05  0.1080385262E+05  0.1081816425E+05
L5 0.3262638172E+05  0.8550669656E+04  0.1302572581E+05  0.9732568703E+04
L6 0.3130896417E+05  -.3949892165E+06  0.3681359572E+05  -.5329562764E+06
L7 0.0000000000E+00  0.4767397703E+04  0.1290484287E+05  0.2024806402E+05
L8 0.5750824756E+04  0.5748233480E+05  0.0000000000E+00  0.0000000000E+00
L9 0.0000000000E+00  0.0000000000E+00  0.0000000000E+00  0.1043224115E+01  0.0000000000E+00
L0    51000  0.2120000000E+03  -.3123998968E+06  0.8308311529E+05
L1 0.2988791747E+03  0.2988791747E+03  -.3954830120E+12  0.1000000000E+01
L2 0.1000000000E+01  0.1197769187E+03  0.1197769187E+03  0.1197769187E+03
L3 0.1322814237E+07  0.4137720522E+02  -.5214852989E+01  -.1349847662E+03
L4 -.3294080466E+02  0.1084021609E+05  0.1084684014E+05  0.1091641401E+05
L5 0.3260347024E+05  0.1044628832E+05  0.1089648765E+05  0.1220152370E+05
L6 0.3354429968E+05  -.3954830120E+06  0.3672918390E+05  -.5334280703E+06
L7 0.0000000000E+00  0.4670721375E+04  0.1298726070E+05  0.2024734818E+05
L8 0.5762518020E+04  0.5754802611E+05  0.0000000000E+00  0.0000000000E+00
L9 0.0000000000E+00  0.0000000000E+00  0.0000000000E+00  0.1042998926E+01  0.0000000000E+00
L0    52000  0.2140000000E+03  -.3118959419E+06  0.8335023668E+05
L1 0.2998401042E+03  0.2998401042E+03  -.3952461785E+12  0.1000000000E+01
L2 0.1000000000E+01  0.1197797877E+03  0.1197797877E+03  0.1197797877E+03
L3 0.1322893154E+07  -.3328957983E+02  0.2315271665E+03  0.1132634138E+03
L4 0.1038336668E+03  0.1086356257E+05  0.1086008454E+05  0.1080461980E+05
L5 0.3252826691E+05  0.1118051177E+05  0.8655720558E+04  0.9726241861E+04
L6 0.2956247419E+05  -.3952461785E+06  0.3656594671E+05  -.5328773939E+06
L7 0.0000000000E+00  0.4802138611E+04  0.1293187496E+05  0.2031225096E+05
L8 0.5706928841E+04  0.5731207525E+05  0.0000000000E+00  0.0000000000E+00
L9 0.0000000000E+00  0.0000000000E+00  0.0000000000E+00  0.1042936706E+01  0.0000000000E+00
L0    53000  0.2160000000E+03  -.3118576637E+06  0.8323071277E+05
L1 0.2994101347E+03  0.2994101347E+03  -.3950883765E+12  0.1000000000E+01
L2 0.1000000000E+01  0.1197631189E+03  0.1197631189E+03  0.1197631189E+03
L3 0.1322347427E+07  0.9620489840E+02  0.1221326277E+03  -.7180338440E+02
L4 0.4884471389E+02  0.1080461959E+05  0.1085175650E+05  0.1092875086E+05
L5 0.3258512694E+05  0.9889033173E+04  0.9689414701E+04  0.1161210695E+05
L6 0.3119055482E+05  -.3950883765E+06  0.3714433578E+05  -.5334893303E+06
L7 0.0000000000E+00  0.4788858827E+04  0.1294457732E+05  0.2030429042E+05
L8 0.5790817456E+04  0.5742807399E+05  0.0000000000E+00  0.0000000000E+00
L9 0.0000000000E+00  0.0000000000E+00  0.0000000000E+00  0.1043367121E+01  0.0000000000E+00
L0    54000  0.2180000000E+03  -.3115975308E+06  0.8363403099E+05
L1 0.3008610121E+03  0.3008610121E+03  -.3952315618E+12  0.1000000000E+01
L2 0.1000000000E+01  0.1197435583E+03  0.1197435583E+03  0.1197435583E+03
L3 0.1321704811E+07  -.5923736698E+02  -.7616540814E+02  0.1495315490E+03
L4 0.4709591286E+01  0.1094857323E+05  0.1100658435E+05  0.1085670035E+05
L5 0.3281185793E+05  0.1151206399E+05  0.1173110176E+05  0.9434293343E+04
L6 0.3267745909E+05  -.3952315618E+06  0.3653433859E+05  -.5328659747E+06
L7 0.0000000000E+00  0.4697826900E+04  0.1281511925E+05  0.2031929634E+05
L8 0.5761805508E+04  0.5750602639E+05  0.0000000000E+00  0.0000000000E+00
L9 0.0000000000E+00  0.0000000000E+00  0.0000000000E+00  0.1043874409E+01  0.0000000000E+00
L0    55000  0.2200000000E+03  -.3118362495E+06  0.8326879484E+05
L1 0.2995471293E+03  0.2995471293E+03  -.3951050444E+12  0.1000000000E+01
L2 0.1000000000E+01  0.1197951207E+03  0.1197951207E+03  0.1197951207E+03
L3 0.1323404189E+07  0.2372251658E+03  -.4282953856E+01  0.3857550473E+01
L4 0.7893325413E+02  0.1099081674E+05  0.1075670357E+05  0.1096240097E+05
L5 0.3270992128E+05  0.8731329758E+04  0.1079749721E+05  0.1092565915E+05
L6 0.3045448612E+05  -.3951050444E+06  0.3672024115E+05  -.5329487213E+06
L7 0.0000000000E+00  0.4726567127E+04  0.1289166028E+05  0.2035258120E+05
L8 0.5756686320E+04  0.5739594084E+05  0.0000000000E+00  0.0000000000E+00
L9 0.0000000000E+00  0.0000000000E+00  0.0000000000E+00  0.1042533974E+01  0.0000000000E+00
L0    56000  0.2220000000E+03  -.3119413211E+06  0.8353903349E+05
L1 0.3005192727E+03  0.3005192727E+03  -.3954803546E+12  0.1000000000E+01
L2 0.1000000000E+01  0.1197470864E+03  0.1197470864E+03  0.1197470864E+03
L3 0.1321820449E+07  0.2377646461E+03  -.2064815821E+03  0.1319582118E+02
L4 0.1482629508E+02  0.1085878464E+05  0.1088908963E+05  0.1089060802E+05
L5 0.3263848228E+05  0.8596869407E+04  0.1285340115E+05  0.1076507284E+05
L6 0.3221534340E+05  -.3954803546E+06  0.3692091857E+05  -.5336196639E+06
L7 0.0000000000E+00  0.4628409921E+04  0.1300799381E+05  0.2028713281E+05
L8 0.5761520349E+04  0.5753333381E+05  0.0000000000E+00  0.0000000000E+00
L9 0.0000000000E+00  0.0000000000E+00  0.0000000000E+00  0.1043783086E+01  0.0000000000E+00
L0    57000  0.2240000000E+03  -.3121734852E+06  0.8325260646E+05
L1 0.2994888940E+03  0.2994888940E+03  -.3954260916E+12  0.1000000000E+01
L2 0.1000000000E+01  0.1197537597E+03  0.1197537597E+03  0.1197537597E+03
L3 0.1322043914E+07  0.1194735989E+03  -.1277019933E+03  -.1005022214E+02
L4 -.6092872171E+01  0.1096518697E+05  0.1091234595E+05  0.1086392084E+05
L5 0.3274145375E+05  0.9828412246E+04  0.1212741270E+05  0.1095954731E+05
L6 0.3291537225E+05  -.3954260916E+06  0.3738546835E+05  -.5341416380E+06
L7 0.0000000000E+00  0.4707938012E+04  0.1293023206E+05  0.2030410159E+05
L8 0.5782661441E+04  0.5760514492E+05  0.0000000000E+00  0.0000000000E+00
L9 0.0000000000E+00  0.0000000000E+00  0.0000000000E+00  0.1043606656E+01  0.0000000000E+00
L0    58000  0.2260000000E+03  -.3130039133E+06  0.8294185522E+05
L1 0.2983710125E+03  0.2983710125E+03  -.3959457685E+12  0.1000000000E+01
L2 0.1000000000E+01  0.1197215646E+03  0.1197215646E+03  0.1197215646E+03
L3 0.1320967677E+07  0.1424859439E+03  0.3780693127E+01  0.9646209403E+02
L4 0.8090957704E+02  0.1082252409E+05  0.1079636453E+05  0.1096521205E+05
L5 0.3258410067E+05  0.9467893762E+04  0.1076042104E+05  0.1004813578E+05
L6 0.3027645059E+05  -.3959457685E+06  0.3675968373E+05  -.5338521457E+06
L7 0.0000000000E+00  0.4694050381E+04  0.1299460234E+05  0.2024945646E+05
L8 0.5779170823E+04  0.5742941351E+05  0.0000000000E+00  0.0000000000E+00
L9 0.0000000000E+00  0.0000000000E+00  0.0000000000E+00  0.1044456917E+01  0.0000000000E+00
L0    59000  0.2280000000E+03  -.3118346257E+06  0.8313899796E+05
L1 0.2990802043E+03  0.2990802043E+03  -.3949736237E+12  0.1000000000E+01
L2 0.1000000000E+01  0.1197050737E+03  0.1197050737E+03  0.1197050737E+03
L3 0.1320425386E+07  0.7641343464E+02  -.2072038365E+03  0.2844322072E+03
L4 0.5121393513E+02  0.1089358395E+05  0.1094654864E+05  0.1080903189E+05
L5 0.3264916448E+05  0.1016741083E+05  0.1291565075E+05  0.8106012156E+04
L6 0.3118907374E+05  -.3949736237E+06  0.3668212775E+05  -.5330545152E+06
L7 0.0000000000E+00  0.4728289062E+04  0.1296827368E+05  0.2031515540E+05
L8 0.5777284103E+04  0.5760976158E+05  0.0000000000E+00  0.0000000000E+00
L9 0.0000000000E+00  0.0000000000E+00  0.0000000000E+00  0.1044885870E+01  0.0000000000E+00
L0    60000  0.2300000000E+03  -.3121049198E+06  0.8315189281E+05
L1 0.2991265916E+03  0.2991265916E+03  -.3952568126E+12  0.1000000000E+01
L2 0.1000000000E+01  0.1196714658E+03  0.1196714658E+03  0.1196714658E+03
L3 0.1319303644E+07  0.1518980542E+03  0.8820250269E+01  0.2453509452E+03
L4 0.1353564166E+03  0.1101115974E+05  0.1083778214E+05  0.1094606207E+05
L5 0.3279500395E+05  0.9568866555E+04  0.1075403264E+05  0.8616420658E+04
L6 0.2893931985E+05  -.3952568126E+06  0.3688473998E+05  -.5333850941E+06
L7 0.0000000000E+00  0.4749117705E+04  0.1303106926E+05  0.2031428272E+05
L8 0.5750541595E+04  0.5739853031E+05  0.0000000000E+00  0.0000000000E+00
L9 0.0000000000E+00  0.0000000000E+00  0.0000000000E+00  0.1045774288E+01  0.0000000000E+00
L0    61000  0.2320000000E+03  -.3120763731E+06  0.8351135685E+05
L1 0.3004197101E+03  0.3004197101E+03  -.3955877300E+12  0.1000000000E+01
L2 0.1000000000E+01  0.1196962165E+03  0.1196962165E+03  0.1196962165E+03
L3 0.1320131044E+07  0.9351033530E+02  0.7917753098E+02  0.1313395379E+02
L4 0.6194060669E+02  0.1095029218E+05  0.1086278047E+05  0.1093087362E+05
L5 0.3274394627E+05  0.1006184167E+05  0.1011050729E+05  0.1080608669E+05
L6 0.3097843565E+05  -.3955877300E+06  0.3698955442E+05  -.5336648227E+06
L7 0.0000000000E+00  0.4793577859E+04  0.1310466012E+05  0.2018998389E+05
L8 0.5719574635E+04  0.5727974177E+05  0.0000000000E+00  0.0000000000E+00
L9 0.0000000000E+00  0.0000000000E+00  0.0000000000E+00  0.1045118842E+01  0.0000000000E+00
L0    62000  0.2340000000E+03  -.3123031114E+06  0.8328775633E+05
L1 0.2996153404E+03  0.2996153404E+03  -.3955908677E+12  0.1000000000E+01
L2 0.1000000000E+01  0.1197264113E+03  0.1197264113E+03  0.1197264113E+03
L3 0.1321137003E+07  0.8777552622E+02  0.1321903385E+03  -.2035102847E+03
L4 0.5485193324E+01  0.1101755770E+05  0.1085266949E+05  0.1103174864E+05
L5 0.3290197583E+05  0.1018295867E+05  0.9595759575E+04  0.1296679243E+05
L6 0.3274551068E+05  -.3955908677E+06  0.3683814798E+05  -.5335693846E+06
L7 0.0000000000E+00  0.4842217502E+04  0.1295193411E+05  0.2020088537E+05
L8 0.5742118183E+04  0.5740321373E+05  0.0000000000E+00  0.0000000000E+00
L9 0.0000000000E+00  0.0000000000E+00  0.0000000000E+00  0.1044323052E+01  0.0000000000E+00
L0    63000  0.2360000000E+03  -.3113919635E+06  0.8348690973E+05
L1 0.3003317653E+03  0.3003317653E+03  -.3948788732E+12  0.1000000000E+01
L2 0.1000000000E+01  0.1197220461E+03  0.1197220461E+03  0.1197220461E+03
L3 0.1320991938E+07  0.1260950979E+02  -.3568743754E+02  0.5394073051E+02
L4 0.1028760092E+02  0.1087842962E+05  0.1077742233E+05  0.1091003549E+05
L5 0.3256588745E+05  0.1075854736E+05  0.1111671316E+05  0.1039720532E+05
L6 0.3227246583E+05  -.3948788732E+06  0.3671535995E+05  -.5328713844E+06
L7 0.0000000000E+00  0.4682098221E+04  0.1291008749E+05  0.2034081673E+05
L8 0.5746950311E+04  0.5759719849E+05  0.0000000000E+00  0.0000000000E+00
L9 0.0000000000E+00  0.0000000000E+00  0.0000000000E+00  0.1044437736E+01  0.0000000000E+00
L0    64000  0.2380000000E+03  -.3112975385E+06  0.8354006847E+05
L1 0.3005229959E+03  0.3005229959E+03  -.3948376070E+12  0.1000000000E+01
L2 0.1000000000E+01  0.1197342740E+03  0.1197342740E+03  0.1197342740E+03
L3 0.1321386298E+07  0.2856809981E+03  -.1304601813E+02  0.2400044037E+02
L4 0.9887847345E+02  0.1103273611E+05  0.1098391781E+05  0.1089099560E+05
L5 0.3290764952E+05  0.8315873142E+04  0.1110798712E+05  0.1066274833E+05
L6 0.3008660859E+05  -.3948376070E+06  0.3655112819E+05  -.5327295152E+06
L7 0.0000000000E+00  0.4807743073E+04  0.1302029216E+05  0.2031055318E+05
L8 0.5714093201E+04  0.5748809838E+05  0.0000000000E+00  0.0000000000E+00
L9 0.0000000000E+00  0.0000000000E+00  0.0000000000E+00  0.1044126029E+01  0.0000000000E+00
L0    65000  0.2400000000E+03  -.3114572265E+06  0.8354440837E+05
L1 0.3005386081E+03  0.3005386081E+03  -.3950016349E+12  0.1000000000E+01
L2 0.1000000000E+01  0.1198000631E+03  0.1198000631E+03  0.1198000631E+03
L3 0.1323579651E+07  -.1255663966E+03  -.1585079484E+03  0.2246942494E+03
L4 -.1979336519E+02  0.1088255977E+05  0.1092330639E+05  0.1090915123E+05
L5 0.3271501740E+05  0.1207869448E+05  0.1243323950E+05  0.8768733106E+04
L6 0.3328066709E+05  -.3950016349E+06  0.3659429026E+05  -.5326668530E+06
L7 0.0000000000E+00  0.4816336589E+04  0.1295015840E+05  0.2026821676E+05
L8 0.5755584772E+04  0.5728063131E+05  0.0000000000E+00  0.0000000000E+00
L9 0.0000000000E+00  0.0000000000E+00  0.0000000000E+00  0.1042395769E+01  0.0000000000E+00
L0    66000  0.2420000000E+03  -.3123420337E+06  0.8329109859E+05
L1 0.2996273637E+03  0.2996273637E+03  -.3956331323E+12  0.1000000000E+01
L2 0.1000000000E+01  0.1197733696E+03  0.1197733696E+03  0.1197733696E+03
L3 0.1322694869E+07  0.3752667896E+03  -.3323364236E+03  -.9646186098E+02
L4 -.1784383168E+02  0.1103680369E+05  0.1087962182E+05  0.1095950163E+05
L5 0.3287592714E+05  0.7464434128E+04  0.1404331378E+05  0.1187777478E+05
L6 0.3338552268E+05  -.3956331323E+06  0.3679797264E+05  -.5334709638E+06
L7 0.0000000000E+00  0.4744585411E+04  0.1290242390E+05  0.2030962939E+05
L8 0.5767237159E+04  0.5731598301E+05  0.0000000000E+00  0.0000000000E+00
L9 0.0000000000E+00  0.0000000000E+00  0.0000000000E+00  0.1043093052E+01  0.0000000000E+00
L0    67000  0.2440000000E+03  -.3123051032E+06  0.8322859216E+05
L1 0.2994025061E+03  0.2994025061E+03  -.3955336954E+12  0.1000000000E+01
L2 0.1000000000E+01  0.1197272991E+03  0.1197272991E+03  0.1197272991E+03
L3 0.1321182260E+07  0.9437559010E+02  -.2473513342E+03  -.2344837113E+03
L4 -.1291531518E+03  0.1083761761E+05  0.1072452273E+05  0.1092579095E+05
L5 0.3248793129E+05  0.9940232224E+04  0.1307650244E+05  0.1315541681E+05
L6 0.3617215148E+05  -.3955336954E+06  0.3679185280E+05  -.5334736661E+06
L7 0.0000000000E+00  0.4760750283E+04  0.1294676725E+05  0.2018774925E+05
L8 0.5762568113E+04  0.5749028303E+05  0.0000000000E+00  0.0000000000E+00
L9 0.0000000000E+00  0.0000000000E+00  0.0000000000E+00  0.1044287279E+01  0.0000000000E+00
L0    68000  0.2460000000E+03  -.3121888325E+06  0.8320701655E+05
L1 0.2993248911E+03  0.2993248911E+03  -.3953958491E+12  0.1000000000E+01
L2 0.1000000000E+01  0.1197113860E+03  0.1197113860E+03  0.1197113860E+03
L3 0.1320634837E+07  0.5133716187E+02  -.2538382253E+02  0.1135438149E+03
L4 0.4649905143E+02  0.1100778928E+05  0.1089347779E+05  0.1093800331E+05
L5 0.3283927037E+05  0.1051984392E+05  0.1113474392E+05  0.9858801133E+04
L6 0.3151338898E+05  -.3953958491E+06  0.3716333508E+05  -.5336811534E+06
L7 0.0000000000E+00  0.4714590987E+04  0.1302490034E+05  0.2027175433E+05
L8 0.5770240953E+04  0.5734048259E+05  0.0000000000E+00  0.0000000000E+00
L9 0.0000000000E+00  0.0000000000E+00  0.0000000000E+00  0.1044720152E+01  0.0000000000E+00
L0    69000  0.2480000000E+03  -.3122530642E+06  0.8313689025E+05
L1 0.2990726221E+03  0.2990726221E+03  -.3953899545E+12  0.1000000000E+01
L2 0.1000000000E+01  0.1197299191E+03  0.1197299191E+03  0.1197299191E+03
L3 0.1321239273E+07  0.1890031721E+03  0.8200489644E+02  0.9816359610E+02
L4 0.1230572215E+03  0.1089231984E+05  0.1092073978E+05  0.1080648776E+05
L5 0.3261954738E+05  0.9095075401E+04  0.1014094946E+05  0.9873043235E+04
L6 0.2910906810E+05  -.3953899545E+06  0.3688715841E+05  -.5335160403E+06
L7 0.0000000000E+00  0.4795127258E+04  0.1294826494E+05  0.2024727613E+05
L8 0.5752622475E+04  0.5749563658E+05  0.0000000000E+00  0.0000000000E+00
L9 0.0000000000E+00  0.0000000000E+00  0.0000000000E+00  0.1044242217E+01  0.0000000000E+00
L0    70000  0.2500000000E+03  -.3116806047E+06  0.8326138776E+05
L1 0.2995204834E+03  0.2995204834E+03  -.3949419925E+12  0.1000000000E+01
L2 0.1000000000E+01  0.1197271752E+03  0.1197271752E+03  0.1197271752E+03
L3 0.1321145418E+07  0.1221212021E+03  0.3212645769E+03  0.2683199994E+01
L4 0.1486896597E+03  0.1079574510E+05  0.1096652173E+05  0.1088813440E+05
L5 0.3265040122E+05  0.9634568501E+04  0.7911811319E+04  0.1086262147E+05
L6 0.2840900129E+05  -.3949419925E+06  0.3646116876E+05  -.5325674932E+06
L7 0.0000000000E+00  0.4656554027E+04  0.1306682310E+05  0.2030372903E+05
L8 0.5732918767E+04  0.5740430697E+05  0.0000000000E+00  0.0000000000E+00
L9 0.0000000000E+00  0.0000000000E+00  0.0000000000E+00  0.1044316401E+01  0.0000000000E+00
L0    71000  0.2520000000E+03  -.3113173907E+06  0.8362665971E+05
L1 0.3008344951E+03  0.3008344951E+03  -.3949440505E+12  0.1000000000E+01
L2 0.1000000000E+01  0.1197015974E+03  0.1197015974E+03  0.1197015974E+03
L3 0.1320312424E+07  -.1215750512E+03  0.2625450993E+03  -.4012513317E+02
L4 0.3361497163E+02  0.1086827505E+05  0.1093784398E+05  0.1092673354E+05
L5 0.3273285257E+05  0.1202352977E+05  0.8443035535E+04  0.1130801859E+05
L6 0.3177458389E+05  -.3949440505E+06  0.3671372544E+05  -.5328905287E+06
L7 0.0000000000E+00  0.4767975960E+04  0.1302210401E+05  0.2028778749E+05
L8 0.5727692580E+04  0.5742719276E+05  0.0000000000E+00  0.0000000000E+00
L9 0.0000000000E+00  0.0000000000E+00  0.0000000000E+00  0.1044975267E+01  0.0000000000E+00
L0    72000  0.2540000000E+03  -.3116390872E+06  0.8360180203E+05
L1 0.3007450732E+03  0.3007450732E+03  -.3952408892E+12  0.1000000000E+01
L2 0.1000000000E+01  0.1197377263E+03  0.1197377263E+03  0.1197377263E+03
L3 0.1321510551E+07  -.1766691708E+03  0.5904206905E+02  0.1609947194E+03
L4 0.1445587254E+02  0.1092366474E+05  0.1102601446E+05  0.1096917063E+05
L5 0.3291884983E+05  0.1260396922E+05  0.1046446401E+05  0.9437946206E+04
L6 0.3250637943E+05  -.3952408892E+06  0.3653261741E+05  -.5330056212E+06
L7 0.0000000000E+00  0.4777045574E+04  0.1295095578E+05  0.2023974109E+05
L8 0.5786201018E+04  0.5747817116E+05  0.0000000000E+00  0.0000000000E+00
L9 0.0000000000E+00  0.0000000000E+00  0.0000000000E+00  0.1044027856E+01  0.0000000000E+00
L0    73000  0.2560000000E+03  -.3113761322E+06  0.8351330390E+05
L1 0.3004267143E+03  0.3004267143E+03  -.3948894361E+12  0.1000000000E+01
L2 0.1000000000E+01  0.1197473591E+03  0.1197473591E+03  0.1197473591E+03
L3 0.1321821225E+07  0.1533196645E+03  0.4329373645E+02  0.5789955644E+02
L4 0.8483765246E+02  0.1100486723E+05  0.1102186285E+05  0.1095710514E+05
L5 0.3298383522E+05  0.9546297613E+04  0.1060999835E+05  0.1040629169E+05
L6 0.3056258765E+05  -.3948894361E+06  0.3719708555E+05  -.5336068756E+06
L7 0.0000000000E+00  0.4823222691E+04  0.1307112969E+05  0.2037244328E+05
L8 0.5792549518E+04  0.5746100877E+05  0.0000000000E+00  0.0000000000E+00
L9 0.0000000000E+00  0.0000000000E+00  0.0000000000E+00  0.1043782474E+01  0.0000000000E+00
L0    74000  0.2580000000E+03  -.3117572659E+06  0.8355627738E+05
L1 0.3005813051E+03  0.3005813051E+03  -.3953135432E+12  0.1000000000E+01
L2 0.1000000000E+01  0.1197103477E+03  0.1197103477E+03  0.1197103477E+03
L3 0.1320597743E+07  0.1550528744E+03  -.9953709180E+02  0.1535835714E+03
L4 0.6969978467E+02  0.1096632589E+05  0.1083006996E+05  0.1103260798E+05
L5 0.3282900383E+05  0.9492633122E+04  0.1177611558E+05  0.9572880136E+04
L6 0.3084162884E+05  -.3953135432E+06  0.3729548893E+05  -.5340533213E+06
L7 0.0000000000E+00  0.4706941708E+04  0.1297400460E+05  0.2028218496E+05
L8 0.5785722869E+04  0.5769543498E+05  0.0000000000E+00  0.0000000000E+00
L9 0.0000000000E+00  0.0000000000E+00  0.0000000000E+00  0.1044749498E+01  0.0000000000E+00
L0    75000  0.2600000000E+03  -.3127566257E+06  0.8319468919E+05
L1 0.2992805452E+03  0.2992805452E+03  -.3959513149E+12  0.1000000000E+01
L2 0.1000000000E+01  0.1197370955E+03  0.1197370955E+03  0.1197370955E+03
L3 0.1321473628E+07  0.3516468290E+03  0.1467657145E+02  0.8523792617E+02
L4 0.1505204422E+03  0.1080601889E+05  0.1086366034E+05  0.1101000963E+05
L5 0.3267968886E+05  0.7461591390E+04  0.1072407504E+05  0.1019933244E+05
L6 0.2838499886E+05  -.3959513149E+06  0.3733087437E+05  -.5344404535E+06
L7 0.0000000000E+00  0.4718715057E+04  0.1303071677E+05  0.2030327672E+05
L8 0.5750138199E+04  0.5735541743E+05  0.0000000000E+00  0.0000000000E+00
L9 0.0000000000E+00  0.0000000000E+00  0.0000000000E+00  0.1044057028E+01  0.0000000000E+00
L0    76000  0.2620000000E+03  -.3117956283E+06  0.8362958005E+05
L1 0.3008450005E+03  0.3008450005E+03  -.3954252084E+12  0.1000000000E+01
L2 0.1000000000E+01  0.1197891772E+03  0.1197891772E+03  0.1197891772E+03
L3 0.1323214671E+07  0.1060404398E+03  -.2774722537E+02  -.3089843588E+02
L4 0.1579825951E+02  0.1098091904E+05  0.1096938748E+05  0.1087391137E+05
L5 0.3282421789E+05  0.9971065463E+04  0.1123363228E+05  0.1116816605E+05
L6 0.3237286380E+05  -.3954252084E+06  0.3670853000E+05  -.5331286699E+06
L7 0.0000000000E+00  0.4800620658E+04  0.1286930471E+05  0.2030492712E+05
L8 0.5748142814E+04  0.5727193619E+05  0.0000000000E+00  0.0000000000E+00
L9 0.0000000000E+00  0.0000000000E+00  0.0000000000E+00  0.1042683291E+01  0.0000000000E+00
L0    77000  0.2640000000E+03  -.3115677721E+06  0.8348993412E+05
L1 0.3003426450E+03  0.3003426450E+03  -.3950577062E+12  0.1000000000E+01
L2 0.1000000000E+01  0.1197197482E+03  0.1197197482E+03  0.1197197482E+03
L3 0.1320928523E+07  -.3739667363E+02  -.8471541879E+02  -.1690304114E+03
L4 -.9704750128E+02  0.1084038204E+05  0.1096493177E+05  0.1093674535E+05
L5 0.3274205917E+05  0.1119590600E+05  0.1177030717E+05  0.1254368937E+05
L6 0.3550990254E+05  -.3950577062E+06  0.3673093467E+05  -.5330798593E+06
L7 0.0000000000E+00  0.4739406720E+04  0.1302373275E+05  0.2031764896E+05
L8 0.5783119992E+04  0.5742731001E+05  0.0000000000E+00  0.0000000000E+00
L9 0.0000000000E+00  0.0000000000E+00  0.0000000000E+00  0.1044487876E+01  0.0000000000E+00
L0    78000  0.2660000000E+03  -.3121161983E+06  0.8338447310E+05
L1 0.2999632647E+03  0.2999632647E+03  -.3955006714E+12  0.1000000000E+01
L2 0.1000000000E+01  0.1196947834E+03  0.1196947834E+03  0.1196947834E+03
L3 0.1320100849E+07  0.4631316262E+02  -.1952707934E+03  -.1040129903E+03
L4 -.8432354035E+02  0.1088542372E+05  0.1091208570E+05  0.1092788707E+05
L5 0.3272539648E+05  0.1044540806E+05  0.1276732946E+05  0.1191610168E+05
L6 0.3512883921E+05  -.3955006714E+06  0.3729372089E+05  -.5339745112E+06
L7 0.0000000000E+00  0.4746044114E+04  0.1286012244E+05  0.2027710691E+05
L8 0.5729262734E+04  0.5756758267E+05  0.0000000000E+00  0.0000000000E+00
L9 0.0000000000E+00  0.0000000000E+00  0.0000000000E+00  0.1045142747E+01  0.0000000000E+00
L0    79000  0.2680000000E+03  -.3112888774E+06  0.8391168178E+05
L1 0.3018598196E+03  0.3018598196E+03  -.3952005592E+12  0.1000000000E+01
L2 0.1000000000E+01  0.1197348111E+03  0.1197348111E+03  0.1197348111E+03
L3 0.1321441198E+07  -.2949074798E+03  -.9856294437E+02  -.2545334878E+03
L4 -.2160013040E+03  0.1097401408E+05  0.1101032575E+05  0.1089828146E+05
L5 0.3288262129E+05  0.1377873859E+05  0.1194771095E+05  0.1331902818E+05
L6 0.3904547772E+05  -.3952005592E+06  0.3683008997E+05  -.5331506199E+06
L7 0.0000000000E+00  0.4749499270E+04  0.1294304633E+05  0.2027222302E+05
L8 0.5745318956E+04  0.5740988315E+05  0.0000000000E+00  0.0000000000E+00
L9 0.0000000000E+00  0.0000000000E+00  0.0000000000E+00  0.1044082650E+01  0.0000000000E+00
L0    80000  0.2700000000E+03  -.3120996379E+06  0.8334763217E+05
L1 0.2998307349E+03  0.2998307349E+03  -.3954472701E+12  0.1000000000E+01
L2 0.1000000000E+01  0.1196942872E+03  0.1196942872E+03  0.1196942872E+03
L3 0.1320073289E+07  -.9382451148E+02  0.1315549281E+03  -.6780208856E+01
L4 0.1031673593E+02  0.1080052243E+05  0.1084635399E+05  0.1083264709E+05
L5 0.3247952351E+05  0.1169191895E+05  0.9596492911E+04  0.1089706368E+05
L6 0.3218547554E+05  -.3954472701E+06  0.3683803211E+05  -.5335862124E+06
L7 0.0000000000E+00  0.4796421951E+04  0.1305397422E+05  0.2024429480E+05
L8 0.5758131640E+04  0.5744808758E+05  0.0000000000E+00  0.0000000000E+00
L9 0.0000000000E+00  0.0000000000E+00  0.0000000000E+00  0.1045164568E+01  0.0000000000E+00
L0    81000  0.2720000000E+03  -.3113609991E+06  0.8347301167E+05
L1 0.3002817690E+03  0.3002817690E+03  -.3948340108E+12  0.1000000000E+01
L2 0.1000000000E+01  0.1197483953E+03  0.1197483953E+03  0.1197483953E+03
L3 0.1321856459E+07  0.7844656628E+02  0.6784669790E+02  0.8475316468E+02
L4 0.7701547629E+02  0.1077690422E+05  0.1091792197E+05  0.1095389792E+05
L5 0.3264872411E+05  0.1003060186E+05  0.1027246159E+05  0.1014759766E+05
L6 0.3045066110E+05  -.3948340108E+06  0.3689861972E+05  -.5328550186E+06
L7 0.0000000000E+00  0.4809967293E+04  0.1288051382E+05  0.2018742635E+05
L8 0.5758760787E+04  0.5748571984E+05  0.0000000000E+00  0.0000000000E+00
L9 0.0000000000E+00  0.0000000000E+00  0.0000000000E+00  0.1043754651E+01  0.0000000000E+00
L0    82000  0.2740000000E+03  -.3124548404E+06  0.8324258090E+05
L1 0.2994528285E+03  0.2994528285E+03  -.3956974213E+12  0.1000000000E+01
L2 0.1000000000E+01  0.1197284515E+03  0.1197284515E+03  0.1197284515E+03
L3 0.1321193877E+07  0.3694271790E+03  0.1640341467E+02  -.9782287035E+02
L4 0.9600257444E+02  0.1091972190E+05  0.1083762919E+05  0.1080060578E+05
L5 0.3255795687E+05  0.7406933616E+04  0.1068165332E+05  0.1173077837E+05
L6 0.2981936531E+05  -.3956974213E+06  0.3688579920E+05  -.5336813496E+06
L7 0.0000000000E+00  0.4813841039E+04  0.1283115740E+05  0.2023546617E+05
L8 0.5761897840E+04  0.5745576667E+05  0.0000000000E+00  0.0000000000E+00
L9 0.0000000000E+00  0.0000000000E+00  0.0000000000E+00  0.1044278097E+01  0.0000000000E+00
L0    83000  0.2760000000E+03  -.3119498095E+06  0.8336821537E+05
L1 0.2999047799E+03  0.2999047799E+03  -.3953180249E+12  0.1000000000E+01
L2 0.1000000000E+01  0.1197404749E+03  0.1197404749E+03  0.1197404749E+03
L3 0.1321591450E+07  0.2251263708E+03  -.8306766274E+01  0.8382839995E+02
L4 0.1002160015E+03  0.1089167027E+05  0.1085782652E+05  0.1089355530E+05
L5 0.3264305209E+05  0.8750357188E+04  0.1093683720E+05  0.1009621268E+05
L6 0.2978340707E+05  -.3953180249E+06  0.3693811595E+05  -.5335097616E+06
L7 0.0000000000E+00  0.4734229009E+04  0.1285219924E+05  0.2028280095E+05
L8 0.5797428048E+04  0.5758696348E+05  0.0000000000E+00  0.0000000000E+00
L9 0.0000000000E+00  0.0000000000E+00  0.0000000000E+00  0.1043963948E+01  0.0000000000E+00
L0    84000  0.2780000000E+03  -.3117991919E+06  0.8328757659E+05
L1 0.2996146939E+03  0.2996146939E+03  -.3950867685E+12  0.1000000000E+01
L2 0.1000000000E+01  0.1197847097E+03  0.1197847097E+03  0.1197847097E+03
L3 0.1323074473E+07  -.1515455919E+02  0.8069080530E+02  -.2174457875E+03
L4 -.5063651381E+02  0.1094785577E+05  0.1079774180E+05  0.1080208647E+05
L5 0.3254768405E+05  0.1109216170E+05  0.1002938150E+05  0.1287266578E+05
L6 0.3399420898E+05  -.3950867685E+06  0.3655747274E+05  -.5329334590E+06
L7 0.0000000000E+00  0.4718268250E+04  0.1296096564E+05  0.2037332455E+05
L8 0.5785034330E+04  0.5745162496E+05  0.0000000000E+00  0.0000000000E+00
L9 0.0000000000E+00  0.0000000000E+00  0.0000000000E+00  0.1042793778E+01  0.0000000000E+00
L0    85000  0.2800000000E+03  -.3115769683E+06  0.8335927288E+05
L1 0.2998726106E+03  0.2998726106E+03  -.3949362412E+12  0.1000000000E+01
L2 0.1000000000E+01  0.1197914322E+03  0.1197914322E+03  0.1197914322E+03
L3 0.1323301908E+07  -.1541476447E+03  0.6076370293E+01  -.1223497155E+03
L4 -.9014032995E+02  0.1088463720E+05  0.1093138275E+05  0.1095402772E+05
L5 0.3277004766E+05  0.1235272629E+05  0.1087351191E+05  0.1211927603E+05
L6 0.3534551423E+05  -.3949362412E+06  0.3668983599E+05  -.5330945092E+06
L7 0.0000000000E+00  0.4689563527E+04  0.1304169805E+05  0.2029212378E+05
L8 0.5831275589E+04  0.5761377108E+05  0.0000000000E+00  0.0000000000E+00
L9 0.0000000000E+00  0.0000000000E+00  0.0000000000E+00  0.1042614554E+01  0.0000000000E+00
L0    86000  0.2820000000E+03  -.3118348463E+06  0.8326414899E+05
L1 0.2995304165E+03  0.2995304165E+03  -.3950989953E+12  0.1000000000E+01
L2 0.1000000000E+01  0.1197556919E+03  0.1197556919E+03  0.1197556919E+03
L3 0.1322086561E+07  0.4267710971E+03  -.7060987527E+01  0.1050525553E+03
L4 0.1749208883E+03  0.1085369285E+05  0.1091766116E+05  0.1093105437E+05
L5 0.3270240837E+05  0.6792894066E+04  0.1098484764E+05  0.9931461631E+04
L6 0.2770920334E+05  -.3950989953E+06  0.3668979679E+05  -.5330603306E+06
L7 0.0000000000E+00  0.4839231035E+04  0.1300070284E+05  0.2028770626E+05
L8 0.5764158340E+04  0.5737974003E+05  0.0000000000E+00  0.0000000000E+00
L9 0.0000000000E+00  0.0000000000E+00  0.0000000000E+00  0.1043572992E+01  0.0000000000E+00
L0    87000  0.2840000000E+03  -.3112469429E+06  0.8358845106E+05
L1 0.3006970451E+03  0.3006970451E+03  -.3948353940E+12  0.1000000000E+01
L2 0.1000000000E+01  0.1197602276E+03  0.1197602276E+03  0.1197602276E+03
L3 0.1322277766E+07  -.1702444659E+03  -.1231381023E+03  -.2241357988E+03
L4 -.1725061223E+03  0.1075099792E+05  0.1102845988E+05  0.1096967783E+05
L5 0.3274913562E+05  0.1237113693E+05  0.1220030909E+05  0.1310267609E+05
L6 0.3767412211E+05  -.3948353940E+06  0.3616453373E+05  -.5322177873E+06
L7 0.0000000000E+00  0.4844815510E+04  0.1291479228E+05  0.2030620626E+05
L8 0.5752917646E+04  0.5739912790E+05  0.0000000000E+00  0.0000000000E+00
L9 0.0000000000E+00  0.0000000000E+00  0.0000000000E+00  0.1043422088E+01  0.0000000000E+00
L0    88000  0.2860000000E+03  -.3119788800E+06  0.8327851261E+05
L1 0.2995820875E+03  0.2995820875E+03  -.3952573926E+12  0.1000000000E+01
L2 0.1000000000E+01  0.1197337932E+03  0.1197337932E+03  0.1197337932E+03
L3 0.1321385712E+07  0.1083285705E+02  0.1258113461E+03  -.2302091061E+03
L4 -.3118830096E+02  0.1113864468E+05  0.1096965537E+05  0.1085416788E+05
L5 0.3296246793E+05  0.1103562287E+05  0.9773173845E+04  0.1304348506E+05
L6 0.3385228178E+05  -.3952573926E+06  0.3640691214E+05  -.5328855483E+06
L7 0.0000000000E+00  0.4825404421E+04  0.1294783229E+05  0.2027829473E+05
L8 0.5756874450E+04  0.5741283760E+05  0.0000000000E+00  0.0000000000E+00
L9 0.0000000000E+00  0.0000000000E+00  0.0000000000E+00  0.1044126492E+01  0.0000000000E+00
L0    89000  0.2880000000E+03  -.3123216263E+06  0.8323313480E+05
L1 0.2994188476E+03  0.2994188476E+03  -.3955547611E+12  0.1000000000E+01
L2 0.1000000000E+01  0.1197273115E+03  0.1197273115E+03  0.1197273115E+03
L3 0.1321159551E+07  0.2733507910E+02  0.2377197214E+03  -.6392554214E+02
L4 0.6704308611E+02  0.1089041870E+05  0.1085563170E+05  0.1100597273E+05
L5 0.3275202312E+05  0.1063050320E+05  0.8595274567E+04  0.1161380852E+05
L6 0.3083958628E+05  -.3955547611E+06  0.3707103052E+05  -.5338359945E+06
L7 0.0000000000E+00  0.4774949560E+04  0.1294316226E+05  0.2028670768E+05
L8 0.5776557181E+04  0.5742882623E+05  0.0000000000E+00  0.0000000000E+00
L9 0.0000000000E+00  0.0000000000E+00  0.0000000000E+00  0.1044305229E+01  0.0000000000E+00
L0    90000  0.2900000000E+03  -.3113553437E+06  0.8337686632E+05
L1 0.2999359004E+03  0.2999359004E+03  -.3947322101E+12  0.1000000000E+01
L2 0.1000000000E+01  0.1197096041E+03  0.1197096041E+03  0.1197096041E+03
L3 0.1320573803E+07  -.1343964561E+02  0.1206236036E+03  0.8487121318E+02
L4 0.6401839038E+02  0.1083490104E+05  0.1086810330E+05  0.1104270258E+05
L5 0.3274570693E+05  0.1096263521E+05  0.9721662707E+04  0.1023606274E+05
L6 0.3092036065E+05  -.3947322101E+06  0.3679940954E+05  -.5327984044E+06
L7 0.0000000000E+00  0.4705304289E+04  0.1301102180E+05  0.2027702363E+05
L8 0.5789125161E+04  0.5748430992E+05  0.0000000000E+00  0.0000000000E+00
L9 0.0000000000E+00  0.0000000000E+00  0.0000000000E+00  0.1044768437E+01  0.0000000000E+00
L0    91000  0.2920000000E+03  -.3118355002E+06  0.8278450161E+05
L1 0.2978049563E+03  0.2978049563E+03  -.3946200019E+12  0.1000000000E+01
L2 0.1000000000E+01  0.1197789966E+03  0.1197789966E+03  0.1197789966E+03
L3 0.1322877380E+07  -.7310218881E+02  0.7885338479E+02  0.4032889871E+02
L4 0.1536003156E+02  0.1091255987E+05  0.1081116975E+05  0.1091478426E+05
L5 0.3263851389E+05  0.1160855556E+05  0.1006041773E+05  0.1053081847E+05
L6 0.3219979176E+05  -.3946200019E+06  0.3643345640E+05  -.5320251497E+06
L7 0.0000000000E+00  0.4742691124E+04  0.1283902673E+05  0.2019668927E+05
L8 0.5704308060E+04  0.5748897623E+05  0.0000000000E+00  0.0000000000E+00
L9 0.0000000000E+00  0.0000000000E+00  0.0000000000E+00  0.1042949141E+01  0.0000000000E+00
L0    92000  0.2940000000E+03  -.3121018977E+06  0.8347498733E+05
L1 0.3002888762E+03  0.3002888762E+03  -.3955768850E+12  0.1000000000E+01
L2 0.1000000000E+01  0.1197727387E+03  0.1197727387E+03  0.1197727387E+03
L3 0.1322695675E+07  -.2602658582E+03  -.8786213154E+02  -.2573802694E+03
L4 -.2018360864E+03  0.1087249962E+05  0.1093081814E+05  0.1089263054E+05
L5 0.3269594831E+05  0.1335011401E+05  0.1176722628E+05  0.1334277542E+05
L6 0.3846011571E+05  -.3955768850E+06  0.3640824674E+05  -.5330922752E+06
L7 0.0000000000E+00  0.4763740230E+04  0.1294423735E+05  0.2025936531E+05
L8 0.5765775799E+04  0.5737402479E+05  0.0000000000E+00  0.0000000000E+00
L9 0.0000000000E+00  0.0000000000E+00  0.0000000000E+00  0.1043092417E+01  0.0000000000E+00
L0    93000  0.2960000000E+03  -.3121190686E+06  0.8330473376E+05
L1 0.2996764142E+03  0.2996764142E+03  -.3954238024E+12  0.1000000000E+01
L2 0.1000000000E+01  0.1197396327E+03  0.1197396327E+03  0.1197396327E+03
L3 0.1321579151E+07  -.2317745378E+03  0.2418871982E+03  -.1061257152E+03
L4 -.3200435160E+02  0.1086044274E+05  0.1093809217E+05  0.1087497409E+05
L5 0.3267350900E+05  0.1306497005E+05  0.8637378129E+04  0.1188439056E+05
L6 0.3358673874E+05  -.3954238024E+06  0.3657462697E+05  -.5334256105E+06
L7 0.0000000000E+00  0.4769428302E+04  0.1294147306E+05  0.2037199268E+05
L8 0.5822733284E+04  0.5752155385E+05  0.0000000000E+00  0.0000000000E+00
L9 0.0000000000E+00  0.0000000000E+00  0.0000000000E+00  0.1043973664E+01  0.0000000000E+00
L0    94000  0.2980000000E+03  -.3118325204E+06  0.8316597371E+05
L1 0.2991772455E+03  0.2991772455E+03  -.3949984942E+12  0.1000000000E+01
L2 0.1000000000E+01  0.1197968472E+03  0.1197968472E+03  0.1197968472E+03
L3 0.1323471449E+07  0.1233448480E+03  0.1006896465E+03  -.2423839222E+03
L4 -.6116475906E+01  0.1090567645E+05  0.1078136286E+05  0.1083923228E+05
L5 0.3252627159E+05  0.9730800079E+04  0.9822280350E+04  0.1314797195E+05
L6 0.3270105238E+05  -.3949984942E+06  0.3675444557E+05  -.5328742362E+06
L7 0.0000000000E+00  0.4758268219E+04  0.1298857662E+05  0.2023521743E+05
L8 0.5772718001E+04  0.5736651617E+05  0.0000000000E+00  0.0000000000E+00
L9 0.0000000000E+00  0.0000000000E+00  0.0000000000E+00  0.1042480991E+01  0.0000000000E+00
L0    95000  0.3000000000E+03  -.3114265695E+06  0.8324576310E+05
L1 0.2994642760E+03  0.2994642760E+03  -.3946723326E+12  0.1000000000E+01
L2 0.1000000000E+01  0.1197969458E+03  0.1197969458E+03  0.1197969458E+03
L3 0.1323463206E+07  -.1357993162E+03  0.5464001677E+02  0.3553546072E+03
L4 0.9139843590E+02  0.1094217766E+05  0.1082776404E+05  0.1110506654E+05
L5 0.3287500824E+05  0.1223567648E+05  0.1030731372E+05  0.7720286881E+04
L6 0.3026327708E+05  -.3946723326E+06  0.3662925724E+05  -.5323646170E+06
L7 0.0000000000E+00  0.4835756074E+04  0.1293954325E+05  0.2026079891E+05
L8 0.5748333985E+04  0.5727859502E+05  0.0000000000E+00  0.0000000000E+00
L9 0.0000000000E+00  0.0000000000E+00  0.0000000000E+00  0.1042487484E+01  0.0000000000E+00
L0    96000  0.3020000000E+03  -.3114393457E+06  0.8361442981E+05
L1 0.3007904998E+03  0.3007904998E+03  -.3950537755E+12  0.1000000000E+01
L2 0.1000000000E+01  0.1197627242E+03  0.1197627242E+03  0.1197627242E+03
L3 0.1322320090E+07  0.1016931754E+03  0.2499601333E+03  0.1576309854E+03
L4 0.1697614314E+03  0.1092070887E+05  0.1091109295E+05  0.1090165959E+05
L5 0.3273346140E+05  0.9952910280E+04  0.8532260115E+04  0.9401509311E+04
L6 0.2788667971E+05  -.3950537755E+06  0.3651040538E+05  -.5324859417E+06
L7 0.0000000000E+00  0.4686315927E+04  0.1299811194E+05  0.2016643074E+05
L8 0.5757119700E+04  0.5731378249E+05  0.0000000000E+00  0.0000000000E+00
L9 0.0000000000E+00  0.0000000000E+00  0.0000000000E+00  0.1043388691E+01  0.0000000000E+00
L0    97000  0.3040000000E+03  -.3122086441E+06  0.8322922315E+05
L1 0.2994047760E+03  0.2994047760E+03  -.3954378673E+12  0.1000000000E+01
L2 0.1000000000E+01  0.1197294676E+03  0.1197294676E+03  0.1197294676E+03
L3 0.1321240539E+07  -.8982094362E+02  -.2645498821E+03  0.3107987762E+03
L4 -.1452401650E+02  0.1097091523E+05  0.1085633323E+05  0.1073276994E+05
L5 0.3256001840E+05  0.1182502970E+05  0.1337195904E+05  0.7777359725E+04
L6 0.3297434847E+05  -.3954378673E+06  0.3656286537E+05  -.5331286601E+06
L7 0.0000000000E+00  0.4787405918E+04  0.1287328462E+05  0.2022639162E+05
L8 0.5750280738E+04  0.5749056457E+05  0.0000000000E+00  0.0000000000E+00
L9 0.0000000000E+00  0.0000000000E+00  0.0000000000E+00  0.1044241217E+01  0.0000000000E+00
L0    98000  0.3060000000E+03  -.3112197492E+06  0.8350586402E+05
L1 0.3003999505E+03  0.3003999505E+03  -.3947256132E+12  0.1000000000E+01
L2 0.1000000000E+01  0.1197440736E+03  0.1197440736E+03  0.1197440736E+03
L3 0.1321715219E+07  0.2410263551E+03  -.1118999524E+03  0.5429072994E+02
L4 0.6113904421E+02  0.1090286769E+05  0.1088717783E+05  0.1105410679E+05
L5 0.3284415231E+05  0.8610105533E+04  0.1195162564E+05  0.1053766646E+05
L6 0.3109939763E+05  -.3947256132E+06  0.3667653811E+05  -.5324632164E+06
L7 0.0000000000E+00  0.4822020698E+04  0.1299437460E+05  0.2019478078E+05
L8 0.5738889006E+04  0.5731099994E+05  0.0000000000E+00  0.0000000000E+00
L9 0.0000000000E+00  0.0000000000E+00  0.0000000000E+00  0.1043866188E+01  0.0000000000E+00
L0    99000  0.3080000000E+03  -.3116911358E+06  0.8331872605E+05
L1 0.2997267494E+03  0.2997267494E+03  -.3950098619E+12  0.1000000000E+01
L2 0.1000000000E+01  0.1197576695E+03  0.1197576695E+03  0.1197576695E+03
L3 0.1322177897E+07  -.1801161963E+03  0.3537160032E+01  0.4409394852E+02
L4 -.4416169593E+02  0.1086214685E+05  0.1097883169E+05  0.1104197017E+05
L5 0.3288294870E+05  0.1257610115E+05  0.1094517269E+05  0.1062237984E+05
L6 0.3414365368E+05  -.3950098619E+06  0.3651626600E+05  -.5325404801E+06
L7 0.0000000000E+00  0.4681333365E+04  0.1277705459E+05  0.2029075807E+05
L8 0.5763066912E+04  0.5750213933E+05  0.0000000000E+00  0.0000000000E+00
L9 0.0000000000E+00  0.0000000000E+00  0.0000000000E+00  0.1043500902E+01  0.0000000000E+00
L0   100000  0.3100000000E+03  -.3113085577E+06  0.8346381676E+05
L1 0.3002486917E+03  0.3002486917E+03  -.3947723745E+12  0.1000000000E+01
L2 0.1000000000E+01  0.1197931656E+03  0.1197931656E+03  0.1197931656E+03
L3 0.1323339416E+07  0.1560263825E+03  -.6130867629E+02  0.1415291046E+03
L4 0.7874893692E+02  0.1090471841E+05  0.1091704412E+05  0.1096574829E+05
L5 0.3278751082E+05  0.9418694258E+04  0.1150095931E+05  0.9617798895E+04
L6 0.3053745246E+05  -.3947723745E+06  0.3662988378E+05  -.5325056101E+06
L7 0.0000000000E+00  0.4754853051E+04  0.1304730959E+05  0.2026833529E+05
L8 0.5765083290E+04  0.5726777062E+05  0.0000000000E+00  0.0000000000E+00
L9 0.0000000000E+00  0.0000000000E+00  0.0000000000E+00  0.1042585002E+01  0.0000000000E+00
