L0  Nsteps           time(ps)         Etot             EKinetic        
L1  Temp             T_solute         T_solv           Pres_scal_solu  
L2  Pres_scal_solv   BoxX             BoxY             BoxZ            
L3  volume           pres_X           pres_Y           pres_Z          
L4  Pressure         EKCoM_x          EKCoM_y          EKCoM_z         
L5  EKComTot         VIRIAL_x         VIRIAL_y         VIRIAL_z        
L6  VIRIAL_tot       E_pot            E_vdw            E_el            
L7  E_hbon           E_bon            E_angle          E_dih           
L8  E_14vdw          E_14el           E_const          E_pol           
L9  AV_permMoment    AV_indMoment     AV_totMoment     Density          dV/dlambda      
L0     1000  0.1120000000E+03  -.3508172951E+06  0.9249464658E+05
L1 0.2992119277E+03  0.2992119277E+03  -.4433119416E+12  0.1000000000E+01
L2 0.1000000000E+01  0.1244628619E+03  0.1244628619E+03  0.1244628619E+03
L3 0.1484230003E+07  -.3510999615E+01  -.1218963874E+03  -.1598505064E+03
L4 -.9508596446E+02  0.1226253724E+05  0.1251775379E+05  0.1244177478E+05
L5 0.3722206581E+05  0.1230004219E+05  0.1381986663E+05  0.1414931838E+05
L6 0.4026922720E+05  -.4433119416E+06  0.4449241206E+05  -.5899300526E+06
L7 0.0000000000E+00  0.4817125764E+04  0.1307561421E+05  0.2050079229E+05
L8 0.5842034647E+04  0.5789013200E+05  0.0000000000E+00  0.0000000000E+00
L9 0.0000000000E+00  0.0000000000E+00  0.0000000000E+00  0.1034764363E+01  0.0000000000E+00
L0     2000  0.1140000000E+03  -.3509325220E+06  0.9273774260E+05
L1 0.2999983216E+03  0.2999983216E+03  -.4436702646E+12  0.1000000000E+01
L2 0.1000000000E+01  0.1244262121E+03  0.1244262121E+03  0.1244262121E+03
L3 0.1482913473E+07  -.8274463194E+02  -.3790629431E+02  -.3398151645E+02
L4 -.5154414757E+02  0.1228677374E+05  0.1254559195E+05  0.1245484576E+05
L5 0.3728721146E+05  0.1316987849E+05  0.1295015268E+05  0.1281751870E+05
L6 0.3893754987E+05  -.4436702646E+06  0.4438022313E+05  -.5902487860E+06
L7 0.0000000000E+00  0.4808910735E+04  0.1311691361E+05  0.2050243426E+05
L8 0.5781722121E+04  0.5798831757E+05  0.0000000000E+00  0.0000000000E+00
L9 0.0000000000E+00  0.0000000000E+00  0.0000000000E+00  0.1035683026E+01  0.0000000000E+00
L0     3000  0.1160000000E+03  -.3504573922E+06  0.9333203559E+05
L1 0.3019208064E+03  0.3019208064E+03  -.4437894278E+12  0.1000000000E+01
L2 0.1000000000E+01  0.1244398329E+03  0.1244398329E+03  0.1244398329E+03
L3 0.1483373210E+07  0.2623927824E+03  0.1699038514E+03  0.3242064308E+02
L4 0.1549057590E+03  0.1246943930E+05  0.1253314441E+05  0.1253574540E+05
L5 0.3753832912E+05  0.9668143981E+04  0.1071925738E+05  0.1218962386E+05
L6 0.3257702522E+05  -.4437894278E+06  0.4447561900E+05  -.5904370599E+06
L7 0.0000000000E+00  0.4751337328E+04  0.1315154276E+05  0.2056930892E+05
L8 0.5777893705E+04  0.5792193042E+05  0.0000000000E+00  0.0000000000E+00
L9 0.0000000000E+00  0.0000000000E+00  0.0000000000E+00  0.1035362041E+01  0.0000000000E+00
L0     4000  0.1180000000E+03  -.3504344494E+06  0.9269531467E+05
L1 0.2998610710E+03  0.2998610710E+03  -.4431297641E+12  0.1000000000E+01
L2 0.1000000000E+01  0.1244441815E+03  0.1244441815E+03  0.1244441815E+03
L3 0.1483553909E+07  -.8658504029E+02  -.4524790944E+02  0.2566607708E+02
L4 -.3538895755E+02  0.1250359830E+05  0.1234234152E+05  0.1249594032E+05
L5 0.3734188013E+05  0.1342808948E+05  0.1282546532E+05  0.1222189688E+05
L6 0.3847545168E+05  -.4431297641E+06  0.4422685768E+05  -.5895754796E+06
L7 0.0000000000E+00  0.4773730889E+04  0.1304143676E+05  0.2061406951E+05
L8 0.5780283521E+04  0.5800933716E+05  0.0000000000E+00  0.0000000000E+00
L9 0.0000000000E+00  0.0000000000E+00  0.0000000000E+00  0.1035235932E+01  0.0000000000E+00
L0     5000  0.1200000000E+03  -.3509081834E+06  0.9273710805E+05
L1 0.2999962689E+03  0.2999962689E+03  -.4436452914E+12  0.1000000000E+01
L2 0.1000000000E+01  0.1244440620E+03  0.1244440620E+03  0.1244440620E+03
L3 0.1483553133E+07  -.3371005667E+03  -.1124985245E+03  0.2640856617E+03
L4 -.6183780984E+02  0.1242870526E+05  0.1257164785E+05  0.1233045865E+05
L5 0.3733081176E+05  0.1602801456E+05  0.1377282347E+05  0.9510748240E+04
L6 0.3931158627E+05  -.4436452914E+06  0.4382891333E+05  -.5896572719E+06
L7 0.0000000000E+00  0.4750199692E+04  0.1312040619E+05  0.2045001159E+05
L8 0.5777046910E+04  0.5808540277E+05  0.0000000000E+00  0.0000000000E+00
L9 0.0000000000E+00  0.0000000000E+00  0.0000000000E+00  0.1035236473E+01  0.0000000000E+00
L0     6000  0.1220000000E+03  -.3509309331E+06  0.9276025071E+05
L1 0.3000711333E+03  0.3000711333E+03  -.4436911839E+12  0.1000000000E+01
L2 0.1000000000E+01  0.1244055413E+03  0.1244055413E+03  0.1244055413E+03
L3 0.1482150537E+07  0.1923893834E+03  -.2996245970E+02  0.2274150605E+03
L4 0.1299473281E+03  0.1234081179E+05  0.1247713165E+05  0.1251062321E+05
L5 0.3732856665E+05  0.1028856304E+05  0.1279674607E+05  0.1008474989E+05
L6 0.3317005900E+05  -.4436911839E+06  0.4401642990E+05  -.5897810435E+06
L7 0.0000000000E+00  0.4784905325E+04  0.1302644578E+05  0.2062187913E+05
L8 0.5739304474E+04  0.5790089501E+05  0.0000000000E+00  0.0000000000E+00
L9 0.0000000000E+00  0.0000000000E+00  0.0000000000E+00  0.1036216144E+01  0.0000000000E+00
L0     7000  0.1240000000E+03  -.3513170831E+06  0.9261205201E+05
L1 0.2995917238E+03  0.2995917238E+03  -.4439291351E+12  0.1000000000E+01
L2 0.1000000000E+01  0.1244301046E+03  0.1244301046E+03  0.1244301046E+03
L3 0.1483039703E+07  0.9704675225E+02  0.1133275508E+03  -.7132623386E+02
L4 0.4634935640E+02  0.1237392405E+05  0.1243436089E+05  0.1236805823E+05
L5 0.3717634317E+05  0.1133808957E+05  0.1122475230E+05  0.1312936318E+05
L6 0.3569220505E+05  -.4439291351E+06  0.4418040832E+05  -.5902265383E+06
L7 0.0000000000E+00  0.4655631694E+04  0.1314796790E+05  0.2052308702E+05
L8 0.5823670762E+04  0.5796663748E+05  0.0000000000E+00  0.0000000000E+00
L9 0.0000000000E+00  0.0000000000E+00  0.0000000000E+00  0.1035594874E+01  0.0000000000E+00
L0     8000  0.1260000000E+03  -.3510977260E+06  0.9246032442E+05
L1 0.2991008985E+03  0.2991008985E+03  -.4435580505E+12  0.1000000000E+01
L2 0.1000000000E+01  0.1244594424E+03  0.1244594424E+03  0.1244594424E+03
L3 0.1484105668E+07  -.3710208765E+02  -.1110439638E+03  -.9168840398E+02
L4 -.7994481846E+02  0.1241013759E+05  0.1240541137E+05  0.1255022693E+05
L5 0.3736577589E+05  0.1280643365E+05  0.1359149786E+05  0.1352957217E+05
L6 0.3992750368E+05  -.4435580505E+06  0.4399059993E+05  -.5898048383E+06
L7 0.0000000000E+00  0.4827960100E+04  0.1311767558E+05  0.2044354181E+05
L8 0.5812781858E+04  0.5805422859E+05  0.0000000000E+00  0.0000000000E+00
L9 0.0000000000E+00  0.0000000000E+00  0.0000000000E+00  0.1034851054E+01  0.0000000000E+00
L0     9000  0.1280000000E+03  -.3508347911E+06  0.9280071560E+05
L1 0.3002020336E+03  0.3002020336E+03  -.4436355067E+12  0.1000000000E+01
L2 0.1000000000E+01  0.1244412826E+03  0.1244412826E+03  0.1244412826E+03
L3 0.1483449769E+07  -.2541526092E+03  0.1475121236E+03  0.1102863027E+02
L4 -.3187061844E+02  0.1251976590E+05  0.1240768916E+05  0.1246272045E+05
L5 0.3739017551E+05  0.1523322949E+05  0.1083277408E+05  0.1234497314E+05
L6 0.3841097671E+05  -.4436355067E+06  0.4448240581E+05  -.5901452634E+06
L7 0.0000000000E+00  0.4754814237E+04  0.1306685791E+05  0.2045493252E+05
L8 0.5756438943E+04  0.5799430725E+05  0.0000000000E+00  0.0000000000E+00
L9 0.0000000000E+00  0.0000000000E+00  0.0000000000E+00  0.1035308607E+01  0.0000000000E+00
L0    10000  0.1300000000E+03  -.3505612705E+06  0.9315378730E+05
L1 0.3013441891E+03  0.3013441891E+03  -.4437150578E+12  0.1000000000E+01
L2 0.1000000000E+01  0.1244266330E+03  0.1244266330E+03  0.1244266330E+03
L3 0.1482922968E+07  0.1034090686E+03  -.5070618063E+02  -.8136630672E+02
L4 -.9554472901E+01  0.1237953340E+05  0.1252862106E+05  0.1264189226E+05
L5 0.3755004672E+05  0.1127587722E+05  0.1306979400E+05  0.1351029218E+05
L6 0.3785596340E+05  -.4437150578E+06  0.4382398100E+05  -.5897218095E+06
L7 0.0000000000E+00  0.4796333219E+04  0.1309334710E+05  0.2051275743E+05
L8 0.5774258436E+04  0.5800607444E+05  0.0000000000E+00  0.0000000000E+00
L9 0.0000000000E+00  0.0000000000E+00  0.0000000000E+00  0.1035676395E+01  0.0000000000E+00
L0    11000  0.1320000000E+03  -.3507969828E+06  0.9299016643E+05
L1 0.3008148902E+03  0.3008148902E+03  -.4437871492E+12  0.1000000000E+01
L2 0.1000000000E+01  0.1244618170E+03  0.1244618170E+03  0.1244618170E+03
L3 0.1484171992E+07  -.1368470320E+03  0.2719354786E+03  0.4718132022E+02
L4 0.6075658894E+02  0.1246504759E+05  0.1231353878E+05  0.1260909478E+05
L5 0.3738768116E+05  0.1392680800E+05  0.9408802671E+04  0.1210511757E+05
L6 0.3544072824E+05  -.4437871492E+06  0.4399907542E+05  -.5898941678E+06
L7 0.0000000000E+00  0.4736600940E+04  0.1308791137E+05  0.2054314839E+05
L8 0.5797249014E+04  0.5794303349E+05  0.0000000000E+00  0.0000000000E+00
L9 0.0000000000E+00  0.0000000000E+00  0.0000000000E+00  0.1034804808E+01  0.0000000000E+00
L0    12000  0.1340000000E+03  -.3515883029E+06  0.9265863490E+05
L1 0.2997424153E+03  0.2997424153E+03  -.4442469378E+12  0.1000000000E+01
L2 0.1000000000E+01  0.1243865573E+03  0.1243865573E+03  0.1243865573E+03
L3 0.1481481298E+07  0.1834495480E+03  0.4566022302E+02  -.4759720699E+02
L4 0.6050418802E+02  0.1242672068E+05  0.1260677635E+05  0.1241006803E+05
L5 0.3744356507E+05  0.1047071821E+05  0.1211993128E+05  0.1291756590E+05
L6 0.3550821539E+05  -.4442469378E+06  0.4432142619E+05  -.5905578078E+06
L7 0.0000000000E+00  0.4870959321E+04  0.1307962175E+05  0.2044200847E+05
L8 0.5749692101E+04  0.5784716223E+05  0.0000000000E+00  0.0000000000E+00
L9 0.0000000000E+00  0.0000000000E+00  0.0000000000E+00  0.1036684240E+01  0.0000000000E+00
L0    13000  0.1360000000E+03  -.3516087022E+06  0.9263291385E+05
L1 0.2996592099E+03  0.2996592099E+03  -.4442416160E+12  0.1000000000E+01
L2 0.1000000000E+01  0.1243876440E+03  0.1243876440E+03  0.1243876440E+03
L3 0.1481520157E+07  0.9803425023E+02  0.3826411960E+01  0.7903366693E+02
L4 0.6029810971E+02  0.1238378874E+05  0.1234136593E+05  0.1244515345E+05
L5 0.3717030812E+05  0.1133848627E+05  0.1230056633E+05  0.1160244708E+05
L6 0.3524149968E+05  -.4442416160E+06  0.4450702935E+05  -.5911179127E+06
L7 0.0000000000E+00  0.4765013455E+04  0.1324656118E+05  0.2048270318E+05
L8 0.5799979774E+04  0.5807500975E+05  0.0000000000E+00  0.0000000000E+00
L9 0.0000000000E+00  0.0000000000E+00  0.0000000000E+00  0.1036657049E+01  0.0000000000E+00
L0    14000  0.1380000000E+03  -.3515570119E+06  0.9271449684E+05
L1 0.2999231236E+03  0.2999231236E+03  -.4442715088E+12  0.1000000000E+01
L2 0.1000000000E+01  0.1244277877E+03  0.1244277877E+03  0.1244277877E+03
L3 0.1482961310E+07  0.3812413305E+02  -.5761830824E+02  0.5765568440E+02
L4 0.1272050307E+02  0.1247618027E+05  0.1251122710E+05  0.1250283936E+05
L5 0.3749024673E+05  0.1206928150E+05  0.1312618715E+05  0.1188748039E+05
L6 0.3708294905E+05  -.4442715088E+06  0.4442673323E+05  -.5906221497E+06
L7 0.0000000000E+00  0.4700070087E+04  0.1306277182E+05  0.2046256041E+05
L8 0.5762694868E+04  0.5793581052E+05  0.0000000000E+00  0.0000000000E+00
L9 0.0000000000E+00  0.0000000000E+00  0.0000000000E+00  0.1035649618E+01  0.0000000000E+00
L0    15000  0.1400000000E+03  -.3508372424E+06  0.9277984127E+05
L1 0.3001345070E+03  0.3001345070E+03  -.4436170837E+12  0.1000000000E+01
L2 0.1000000000E+01  0.1244045363E+03  0.1244045363E+03  0.1244045363E+03
L3 0.1482124298E+07  0.1422991794E+03  0.6435301255E-01  0.2786076575E+02
L4 0.5674143272E+02  0.1249929899E+05  0.1257253713E+05  0.1244953373E+05
L5 0.3752136985E+05  0.1098139745E+05  0.1257185068E+05  0.1215234368E+05
L6 0.3570559181E+05  -.4436170837E+06  0.4466770449E+05  -.5903532069E+06
L7 0.0000000000E+00  0.4773112213E+04  0.1298493119E+05  0.2055282401E+05
L8 0.5780313763E+04  0.5797723752E+05  0.0000000000E+00  0.0000000000E+00
L9 0.0000000000E+00  0.0000000000E+00  0.0000000000E+00  0.1036234489E+01  0.0000000000E+00
L0    16000  0.1420000000E+03  -.3511772411E+06  0.9289068589E+05
L1 0.3004930795E+03  0.3004930795E+03  -.4440679270E+12  0.1000000000E+01
L2 0.1000000000E+01  0.1244086627E+03  0.1244086627E+03  0.1244086627E+03
L3 0.1482272545E+07  0.1357891439E+03  -.5214513831E+02  0.6930774068E+02
L4 0.5098391543E+02  0.1254220381E+05  0.1237695544E+05  0.1248526669E+05
L5 0.3740442594E+05  0.1109359976E+05  0.1293324187E+05  0.1174588893E+05
L6 0.3577273056E+05  -.4440679270E+06  0.4447520619E+05  -.5908634097E+06
L7 0.0000000000E+00  0.4795355579E+04  0.1311603510E+05  0.2053361550E+05
L8 0.5789482483E+04  0.5808578779E+05  0.0000000000E+00  0.0000000000E+00
L9 0.0000000000E+00  0.0000000000E+00  0.0000000000E+00  0.1036130851E+01  0.0000000000E+00
L0    17000  0.1440000000E+03  -.3508086656E+06  0.9301157364E+05
L1 0.3008841406E+03  0.3008841406E+03  -.4438202392E+12  0.1000000000E+01
L2 0.1000000000E+01  0.1243961005E+03  0.1243961005E+03  0.1243961005E+03
L3 0.1481808404E+07  0.3419049500E+03  -.6217591601E+02  0.2175027490E+03
L4 0.1657439277E+03  0.1260379059E+05  0.1245198458E+05  0.1245248319E+05
L5 0.3750825835E+05  0.8957476946E+04  0.1311507206E+05  0.1013288167E+05
L6 0.3220543068E+05  -.4438202392E+06  0.4408381545E+05  -.5899898476E+06
L7 0.0000000000E+00  0.4743312948E+04  0.1310920693E+05  0.2044142748E+05
L8 0.5802439700E+04  0.5798940593E+05  0.0000000000E+00  0.0000000000E+00
L9 0.0000000000E+00  0.0000000000E+00  0.0000000000E+00  0.1036455395E+01  0.0000000000E+00
L0    18000  0.1460000000E+03  -.3510093019E+06  0.9292790050E+05
L1 0.3006134654E+03  0.3006134654E+03  -.4439372024E+12  0.1000000000E+01
L2 0.1000000000E+01  0.1243981178E+03  0.1243981178E+03  0.1243981178E+03
L3 0.1481895501E+07  0.2325678719E+03  -.7092369292E+02  -.4986507537E+01
L4 0.5221922383E+02  0.1237806312E+05  0.1247729715E+05  0.1248509663E+05
L5 0.3734045690E+05  0.9897650807E+04  0.1323372150E+05  0.1253827936E+05
L6 0.3566965167E+05  -.4439372024E+06  0.4381307185E+05  -.5898280679E+06
L7 0.0000000000E+00  0.4832586981E+04  0.1303097939E+05  0.2048535098E+05
L8 0.5770812673E+04  0.5795806365E+05  0.0000000000E+00  0.0000000000E+00
L9 0.0000000000E+00  0.0000000000E+00  0.0000000000E+00  0.1036394478E+01  0.0000000000E+00
L0    19000  0.1480000000E+03  -.3511102231E+06  0.9320398808E+05
L1 0.3015065841E+03  0.3015065841E+03  -.4443142112E+12  0.1000000000E+01
L2 0.1000000000E+01  0.1243841770E+03  0.1243841770E+03  0.1243841770E+03
L3 0.1481396915E+07  -.2949844771E+02  0.1302859037E+03  0.6565637387E+02
L4 0.5548127663E+02  0.1245452578E+05  0.1260402875E+05  0.1259118531E+05
L5 0.3764973984E+05  0.1276903051E+05  0.1121495455E+05  0.1189117424E+05
L6 0.3587515929E+05  -.4443142112E+06  0.4381728093E+05  -.5902154094E+06
L7 0.0000000000E+00  0.4779134784E+04  0.1308961640E+05  0.2046417536E+05
L8 0.5739152036E+04  0.5801183867E+05  0.0000000000E+00  0.0000000000E+00
L9 0.0000000000E+00  0.0000000000E+00  0.0000000000E+00  0.1036743292E+01  0.0000000000E+00
L0    20000  0.1500000000E+03  -.3514021018E+06  0.9303943887E+05
L1 0.3009742821E+03  0.3009742821E+03  -.4444415407E+12  0.1000000000E+01
L2 0.1000000000E+01  0.1243833146E+03  0.1243833146E+03  0.1243833146E+03
L3 0.1481367414E+07  -.5305574273E+02  0.1520819768E+02  0.1745332128E+03
L4 0.4556188926E+02  0.1251589167E+05  0.1252968472E+05  0.1234673566E+05
L5 0.3739231205E+05  0.1308154685E+05  0.1236754212E+05  0.1048594529E+05
L6 0.3593503426E+05  -.4444415407E+06  0.4441705375E+05  -.5909041491E+06
L7 0.0000000000E+00  0.4816842365E+04  0.1302504505E+05  0.2046048355E+05
L8 0.5773743791E+04  0.5796943992E+05  0.0000000000E+00  0.0000000000E+00
L9 0.0000000000E+00  0.0000000000E+00  0.0000000000E+00  0.1036763938E+01  0.0000000000E+00
L0    21000  0.1520000000E+03  -.3518824914E+06  0.9268123723E+05
L1 0.2998155318E+03  0.2998155318E+03  -.4445637286E+12  0.1000000000E+01
L2 0.1000000000E+01  0.1244011529E+03  0.1244011529E+03  0.1244011529E+03
L3 0.1482011694E+07  -.1354055443E+03  0.9202082881E+02  0.2478277423E+02
L4 -.6200647100E+01  0.1238699804E+05  0.1238811337E+05  0.1251671707E+05
L5 0.3729182848E+05  0.1383125563E+05  0.1140660422E+05  0.1225237997E+05
L6 0.3749023981E+05  -.4445637286E+06  0.4413055860E+05  -.5907630613E+06
L7 0.0000000000E+00  0.4821931720E+04  0.1296853269E+05  0.2052365968E+05
L8 0.5780897296E+04  0.5797375267E+05  0.0000000000E+00  0.0000000000E+00
L9 0.0000000000E+00  0.0000000000E+00  0.0000000000E+00  0.1036313222E+01  0.0000000000E+00
L0    22000  0.1540000000E+03  -.3515442096E+06  0.9293973280E+05
L1 0.3006517418E+03  0.3006517418E+03  -.4444839424E+12  0.1000000000E+01
L2 0.1000000000E+01  0.1244191677E+03  0.1244191677E+03  0.1244191677E+03
L3 0.1482673938E+07  0.2190154842E+02  -.3584646854E+03  -.9737562861E+02
L4 -.1446462552E+03  0.1239056195E+05  0.1254100334E+05  0.1244916034E+05
L5 0.3738072563E+05  0.1215685208E+05  0.1636615458E+05  0.1348824877E+05
L6 0.4201125542E+05  -.4444839424E+06  0.4396852557E+05  -.5904172767E+06
L7 0.0000000000E+00  0.4757520521E+04  0.1303649317E+05  0.2048952031E+05
L8 0.5760987035E+04  0.5792028773E+05  0.0000000000E+00  0.0000000000E+00
L9 0.0000000000E+00  0.0000000000E+00  0.0000000000E+00  0.1035850348E+01  0.0000000000E+00
L0    23000  0.1560000000E+03  -.3511250172E+06  0.9270704420E+05
L1 0.2998990150E+03  0.2998990150E+03  -.4438320614E+12  0.1000000000E+01
L2 0.1000000000E+01  0.1244345117E+03  0.1244345117E+03  0.1244345117E+03
L3 0.1483214808E+07  0.1025310730E+02  -.2007072444E+03  -.6778612479E+02
L4 -.8608008730E+02  0.1252763376E+05  0.1247347123E+05  0.1250320675E+05
L5 0.3750431174E+05  0.1241818367E+05  0.1461598529E+05  0.1322681155E+05
L6 0.4026098051E+05  -.4438320614E+06  0.4362539727E+05  -.5897572468E+06
L7 0.0000000000E+00  0.4824852964E+04  0.1313576644E+05  0.2042021967E+05
L8 0.5779374836E+04  0.5813957424E+05  0.0000000000E+00  0.0000000000E+00
L9 0.0000000000E+00  0.0000000000E+00  0.0000000000E+00  0.1035472613E+01  0.0000000000E+00
L0    24000  0.1580000000E+03  -.3510450526E+06  0.9279799041E+05
L1 0.3001932179E+03  0.3001932179E+03  -.4438430430E+12  0.1000000000E+01
L2 0.1000000000E+01  0.1244104167E+03  0.1244104167E+03  0.1244104167E+03
L3 0.1482339118E+07  0.6818592296E+02  -.4127396694E+02  0.3806382404E+02
L4 0.2165859335E+02  0.1231759503E+05  0.1238766299E+05  0.1249775247E+05
L5 0.3720301049E+05  0.1159015219E+05  0.1282799511E+05  0.1209166783E+05
L6 0.3650981512E+05  -.4438430430E+06  0.4406039090E+05  -.5900244090E+06
L7 0.0000000000E+00  0.4839639412E+04  0.1316548389E+05  0.2037179649E+05
L8 0.5800445584E+04  0.5794360980E+05  0.0000000000E+00  0.0000000000E+00
L9 0.0000000000E+00  0.0000000000E+00  0.0000000000E+00  0.1036084318E+01  0.0000000000E+00
L0    25000  0.1600000000E+03  -.3510990331E+06  0.9306492950E+05
L1 0.3010567420E+03  0.3010567420E+03  -.4441639626E+12  0.1000000000E+01
L2 0.1000000000E+01  0.1243994645E+03  0.1243994645E+03  0.1243994645E+03
L3 0.1481956785E+07  0.1574941082E+03  -.2700173314E+03  -.2936670730E+02
L4 -.4729664348E+02  0.1252473529E+05  0.1230599246E+05  0.1266057674E+05
L5 0.3749130450E+05  0.1084493973E+05  0.1518593459E+05  0.1297379521E+05
L6 0.3900466953E+05  -.4441639626E+06  0.4426125732E+05  -.5904668018E+06
L7 0.0000000000E+00  0.4791566859E+04  0.1297649026E+05  0.2039674282E+05
L8 0.5791323317E+04  0.5808545869E+05  0.0000000000E+00  0.0000000000E+00
L9 0.0000000000E+00  0.0000000000E+00  0.0000000000E+00  0.1036351619E+01  0.0000000000E+00
L0    26000  0.1620000000E+03  -.3514936028E+06  0.9220416714E+05
L1 0.2982722526E+03  0.2982722526E+03  -.4436977699E+12  0.1000000000E+01
L2 0.1000000000E+01  0.1244080134E+03  0.1244080134E+03  0.1244080134E+03
L3 0.1482242257E+07  -.7359179499E+02  0.3563995139E+03  0.3073405828E+02
L4 0.1045139257E+03  0.1249524365E+05  0.1243833955E+05  0.1228402769E+05
L5 0.3721761089E+05  0.1328030784E+05  0.8636332886E+04  0.1195616222E+05
L6 0.3387280295E+05  -.4436977699E+06  0.4440297360E+05  -.5902462002E+06
L7 0.0000000000E+00  0.4712706081E+04  0.1307450808E+05  0.2050320334E+05
L8 0.5778907388E+04  0.5807613185E+05  0.0000000000E+00  0.0000000000E+00
L9 0.0000000000E+00  0.0000000000E+00  0.0000000000E+00  0.1036152023E+01  0.0000000000E+00
L0    27000  0.1640000000E+03  -.3515652662E+06  0.9246805559E+05
L1 0.2991259082E+03  0.2991259082E+03  -.4440333218E+12  0.1000000000E+01
L2 0.1000000000E+01  0.1244341985E+03  0.1244341985E+03  0.1244341985E+03
L3 0.1483186143E+07  -.8012826084E+02  0.1228501592E+03  0.9505675660E+02
L4 0.4592621833E+02  0.1235758250E+05  0.1246901266E+05  0.1250345810E+05
L5 0.3733005325E+05  0.1321292087E+05  0.1115763445E+05  0.1148876378E+05
L6 0.3585931909E+05  -.4440333218E+06  0.4424774522E+05  -.5905438231E+06
L7 0.0000000000E+00  0.4933036810E+04  0.1305796870E+05  0.2053038055E+05
L8 0.5715359528E+04  0.5802601044E+05  0.0000000000E+00  0.0000000000E+00
L9 0.0000000000E+00  0.0000000000E+00  0.0000000000E+00  0.1035492626E+01  0.0000000000E+00
L0    28000  0.1660000000E+03  -.3512238737E+06  0.9275946101E+05
L1 0.3000685787E+03  0.3000685787E+03  -.4439833348E+12  0.1000000000E+01
L2 0.1000000000E+01  0.1243726121E+03  0.1243726121E+03  0.1243726121E+03
L3 0.1481004315E+07  0.4960082714E+02  -.4326559100E+02  -.3070172055E+03
L4 -.1002273231E+03  0.1246414319E+05  0.1235946699E+05  0.1250697878E+05
L5 0.3733058897E+05  0.1193545231E+05  0.1282063115E+05  0.1577944837E+05
L6 0.4053553182E+05  -.4439833348E+06  0.4383143427E+05  -.5900774997E+06
L7 0.0000000000E+00  0.4768132272E+04  0.1326106759E+05  0.2049593918E+05
L8 0.5725166941E+04  0.5801242473E+05  0.0000000000E+00  0.0000000000E+00
L9 0.0000000000E+00  0.0000000000E+00  0.0000000000E+00  0.1037018122E+01  0.0000000000E+00
L0    29000  0.1680000000E+03  -.3514190316E+06  0.9283269708E+05
L1 0.3003054909E+03  0.3003054909E+03  -.4442517287E+12  0.1000000000E+01
L2 0.1000000000E+01  0.1243968131E+03  0.1243968131E+03  0.1243968131E+03
L3 0.1481860976E+07  -.3132487094E+02  -.1037528167E+03  0.1710014345E+02
L4 -.3932584805E+02  0.1229632530E+05  0.1249092587E+05  0.1232167963E+05
L5 0.3710893080E+05  0.1263040750E+05  0.1359745777E+05  0.1213930526E+05
L6 0.3836717053E+05  -.4442517287E+06  0.4375299181E+05  -.5898063527E+06
L7 0.0000000000E+00  0.4754392787E+04  0.1297317407E+05  0.2040476594E+05
L8 0.5729806432E+04  0.5793949296E+05  0.0000000000E+00  0.0000000000E+00
L9 0.0000000000E+00  0.0000000000E+00  0.0000000000E+00  0.1036418624E+01  0.0000000000E+00
L0    30000  0.1700000000E+03  -.3516507646E+06  0.9267467041E+05
L1 0.2997942887E+03  0.2997942887E+03  -.4443254350E+12  0.1000000000E+01
L2 0.1000000000E+01  0.1243865915E+03  0.1243865915E+03  0.1243865915E+03
L3 0.1481487336E+07  -.1027725255E+03  0.6941307328E+02  0.1056247913E+03
L4 0.2408844635E+02  0.1238742364E+05  0.1247186067E+05  0.1237259812E+05
L5 0.3723188243E+05  0.1348322429E+05  0.1173175148E+05  0.1124638550E+05
L6 0.3646136127E+05  -.4443254350E+06  0.4469102198E+05  -.5910113132E+06
L7 0.0000000000E+00  0.4924272133E+04  0.1297889640E+05  0.2038127083E+05
L8 0.5767986074E+04  0.5794243069E+05  0.0000000000E+00  0.0000000000E+00
L9 0.0000000000E+00  0.0000000000E+00  0.0000000000E+00  0.1036680015E+01  0.0000000000E+00
L0    31000  0.1720000000E+03  -.3514055788E+06  0.9291440168E+05
L1 0.3005697979E+03  0.3005697979E+03  -.4443199805E+12  0.1000000000E+01
L2 0.1000000000E+01  0.1243869184E+03  0.1243869184E+03  0.1243869184E+03
L3 0.1481505418E+07  -.1308561019E+03  0.1685914040E+03  -.1108543701E+03
L4 -.2437302266E+02  0.1248421989E+05  0.1256615529E+05  0.1236980830E+05
L5 0.3742018348E+05  0.1387947558E+05  0.1076854622E+05  0.1355179514E+05
L6 0.3819981694E+05  -.4443199805E+06  0.4417212395E+05  -.5907144883E+06
L7 0.0000000000E+00  0.4764194979E+04  0.1322560141E+05  0.2043147837E+05
L8 0.5789799837E+04  0.5801130929E+05  0.0000000000E+00  0.0000000000E+00
L9 0.0000000000E+00  0.0000000000E+00  0.0000000000E+00  0.1036667362E+01  0.0000000000E+00
L0    32000  0.1740000000E+03  -.3511346982E+06  0.9281111985E+05
L1 0.3002356904E+03  0.3002356904E+03  -.4439458181E+12  0.1000000000E+01
L2 0.1000000000E+01  0.1243970001E+03  0.1243970001E+03  0.1243970001E+03
L3 0.1481857336E+07  0.7870312434E+02  -.1442974601E+03  0.1818826577E+03
L4 0.3876277398E+02  0.1239782865E+05  0.1246576833E+05  0.1254057157E+05
L5 0.3740416855E+05  0.1155845574E+05  0.1400470823E+05  0.1060078358E+05
L6 0.3616394756E+05  -.4439458181E+06  0.4415596832E+05  -.5901736505E+06
L7 0.0000000000E+00  0.4728120872E+04  0.1310912714E+05  0.2044546848E+05
L8 0.5793636803E+04  0.5799551083E+05  0.0000000000E+00  0.0000000000E+00
L9 0.0000000000E+00  0.0000000000E+00  0.0000000000E+00  0.1036421170E+01  0.0000000000E+00
L0    33000  0.1760000000E+03  -.3516954918E+06  0.9254833901E+05
L1 0.2993856179E+03  0.2993856179E+03  -.4442438309E+12  0.1000000000E+01
L2 0.1000000000E+01  0.1243734211E+03  0.1243734211E+03  0.1243734211E+03
L3 0.1481014399E+07  -.1418689625E+03  0.1392364579E+02  0.2545416301E+03
L4 0.4219877112E+02  0.1259215122E+05  0.1237258286E+05  0.1236877678E+05
L5 0.3733351087E+05  0.1410433040E+05  0.1222417093E+05  0.9655621303E+04
L6 0.3598412263E+05  -.4442438309E+06  0.4448414686E+05  -.5909259876E+06
L7 0.0000000000E+00  0.4793200864E+04  0.1306548395E+05  0.2050990896E+05
L8 0.5770325496E+04  0.5805909065E+05  0.0000000000E+00  0.0000000000E+00
L9 0.0000000000E+00  0.0000000000E+00  0.0000000000E+00  0.1037011062E+01  0.0000000000E+00
L0    34000  0.1780000000E+03  -.3511976262E+06  0.9270910711E+05
L1 0.2999056883E+03  0.2999056883E+03  -.4439067333E+12  0.1000000000E+01
L2 0.1000000000E+01  0.1243879439E+03  0.1243879439E+03  0.1243879439E+03
L3 0.1481535938E+07  0.9868837147E+02  -.2295402751E+02  -.9846735496E+01
L4 0.2196253615E+02  0.1250657043E+05  0.1235679994E+05  0.1237816939E+05
L5 0.3724153975E+05  0.1145428210E+05  0.1260155274E+05  0.1248316256E+05
L6 0.3653899739E+05  -.4439067333E+06  0.4433944757E+05  -.5902250514E+06
L7 0.0000000000E+00  0.4879645941E+04  0.1300126181E+05  0.2043647625E+05
L8 0.5726674616E+04  0.5793481189E+05  0.0000000000E+00  0.0000000000E+00
L9 0.0000000000E+00  0.0000000000E+00  0.0000000000E+00  0.1036646007E+01  0.0000000000E+00
L0    35000  0.1800000000E+03  -.3520403833E+06  0.9257656667E+05
L1 0.2994769318E+03  0.2994769318E+03  -.4446169500E+12  0.1000000000E+01
L2 0.1000000000E+01  0.1243480817E+03  0.1243480817E+03  0.1243480817E+03
L3 0.1480119201E+07  0.1073379931E+03  -.2097099025E+03  0.5663229556E+01
L4 -.3223622659E+02  0.1241036191E+05  0.1234505848E+05  0.1241183739E+05
L5 0.3716725778E+05  0.1126693939E+05  0.1457900211E+05  0.1235150959E+05
L6 0.3819745109E+05  -.4446169500E+06  0.4433083581E+05  -.5910435332E+06
L7 0.0000000000E+00  0.4821580289E+04  0.1300556701E+05  0.2039140193E+05
L8 0.5802648517E+04  0.5807454974E+05  0.0000000000E+00  0.0000000000E+00
L9 0.0000000000E+00  0.0000000000E+00  0.0000000000E+00  0.1037638261E+01  0.0000000000E+00
L0    36000  0.1820000000E+03  -.3509232191E+06  0.9278715729E+05
L1 0.3001581737E+03  0.3001581737E+03  -.4437103764E+12  0.1000000000E+01
L2 0.1000000000E+01  0.1244504120E+03  0.1244504120E+03  0.1244504120E+03
L3 0.1483766928E+07  0.5368422758E+02  -.2039257869E+03  0.2666944166E+03
L4 0.3881761908E+02  0.1249023626E+05  0.1247290143E+05  0.1259402289E+05
L5 0.3755716059E+05  0.1191695338E+05  0.1465058319E+05  0.9746047775E+04
L6 0.3631358435E+05  -.4437103764E+06  0.4370962423E+05  -.5892569907E+06
L7 0.0000000000E+00  0.4773117610E+04  0.1299836553E+05  0.2044539055E+05
L8 0.5745715695E+04  0.5787440073E+05  0.0000000000E+00  0.0000000000E+00
L9 0.0000000000E+00  0.0000000000E+00  0.0000000000E+00  0.1035087307E+01  0.0000000000E+00
L0    37000  0.1840000000E+03  -.3514787845E+06  0.9248005544E+05
L1 0.2991647266E+03  0.2991647266E+03  -.4439588399E+12  0.1000000000E+01
L2 0.1000000000E+01  0.1243787117E+03  0.1243787117E+03  0.1243787117E+03
L3 0.1481212408E+07  -.2865417482E+02  0.1821671058E+03  -.2313536168E+03
L4 -.2594689525E+02  0.1249887856E+05  0.1241947753E+05  0.1243493006E+05
L5 0.3735328615E+05  0.1280434382E+05  0.1047750143E+05  0.1490125455E+05
L6 0.3818309980E+05  -.4439588399E+06  0.4365970148E+05  -.5897326506E+06
L7 0.0000000000E+00  0.4738707342E+04  0.1315151096E+05  0.2036707545E+05
L8 0.5785300448E+04  0.5807151495E+05  0.0000000000E+00  0.0000000000E+00
L9 0.0000000000E+00  0.0000000000E+00  0.0000000000E+00  0.1036872434E+01  0.0000000000E+00
L0    38000  0.1860000000E+03  -.3514808482E+06  0.9298260342E+05
L1 0.3007904245E+03  0.3007904245E+03  -.4444634517E+12  0.1000000000E+01
L2 0.1000000000E+01  0.1243781794E+03  0.1243781794E+03  0.1243781794E+03
L3 0.1481194939E+07  -.2662543437E+03  0.8084267807E+02  0.7248417293E+02
L4 -.3764249758E+02  0.1238110015E+05  0.1268170163E+05  0.1241096801E+05
L5 0.3747376978E+05  0.1521944723E+05  0.1181989567E+05  0.1163826610E+05
L6 0.3867760899E+05  -.4444634517E+06  0.4442977378E+05  -.5908220896E+06
L7 0.0000000000E+00  0.4840206288E+04  0.1300292112E+05  0.2040694965E+05
L8 0.5747401796E+04  0.5793138536E+05  0.0000000000E+00  0.0000000000E+00
L9 0.0000000000E+00  0.0000000000E+00  0.0000000000E+00  0.1036884662E+01  0.0000000000E+00
L0    39000  0.1880000000E+03  -.3517870222E+06  0.9249988743E+05
L1 0.2992288813E+03  0.2992288813E+03  -.4442869097E+12  0.1000000000E+01
L2 0.1000000000E+01  0.1243705442E+03  0.1243705442E+03  0.1243705442E+03
L3 0.1480926069E+07  0.5381696426E+02  -.2147902357E+03  -.4040266157E+02
L4 -.6712531100E+02  0.1231504344E+05  0.1245399680E+05  0.1238794833E+05
L5 0.3715698857E+05  0.1174144343E+05  0.1474330620E+05  0.1281857402E+05
L6 0.3930332365E+05  -.4442869097E+06  0.4356575430E+05  -.5897763065E+06
L7 0.0000000000E+00  0.4666315225E+04  0.1295287506E+05  0.2042462224E+05
L8 0.5760734455E+04  0.5811909559E+05  0.0000000000E+00  0.0000000000E+00
L9 0.0000000000E+00  0.0000000000E+00  0.0000000000E+00  0.1037072914E+01  0.0000000000E+00
L0    40000  0.1900000000E+03  -.3520345533E+06  0.9269604079E+05
L1 0.2998634200E+03  0.2998634200E+03  -.4447305941E+12  0.1000000000E+01
L2 0.1000000000E+01  0.1243729308E+03  0.1243729308E+03  0.1243729308E+03
L3 0.1480990310E+07  -.6438671763E+02  0.9817207702E+02  0.2421249901E+03
L4 0.9197011650E+02  0.1246638685E+05  0.1249148447E+05  0.1263423101E+05
L5 0.3759210233E+05  0.1315267276E+05  0.1144508677E+05  0.1005346629E+05
L6 0.3465122582E+05  -.4447305941E+06  0.4416592866E+05  -.5911249598E+06
L7 0.0000000000E+00  0.4790163274E+04  0.1301288772E+05  0.2044430050E+05
L8 0.5798659613E+04  0.5818242587E+05  0.0000000000E+00  0.0000000000E+00
L9 0.0000000000E+00  0.0000000000E+00  0.0000000000E+00  0.1037027929E+01  0.0000000000E+00
L0    41000  0.1920000000E+03  -.3517789005E+06  0.9264959599E+05
L1 0.2997131752E+03  0.2997131752E+03  -.4444284965E+12  0.1000000000E+01
L2 0.1000000000E+01  0.1243554979E+03  0.1243554979E+03  0.1243554979E+03
L3 0.1480380271E+07  -.6294831271E-01  0.2224327135E+03  -.2333929145E+03
L4 -.3674383096E+01  0.1240687951E+05  0.1254173452E+05  0.1237245478E+05
L5 0.3732106881E+05  0.1240755019E+05  0.1017184267E+05  0.1485912123E+05
L6 0.3743851409E+05  -.4444284965E+06  0.4434754384E+05  -.5908884660E+06
L7 0.0000000000E+00  0.4819114891E+04  0.1311513634E+05  0.2039542634E+05
L8 0.5762066369E+04  0.5802068174E+05  0.0000000000E+00  0.0000000000E+00
L9 0.0000000000E+00  0.0000000000E+00  0.0000000000E+00  0.1037455270E+01  0.0000000000E+00
L0    42000  0.1940000000E+03  -.3511181416E+06  0.9286059495E+05
L1 0.3003957380E+03  0.3003957380E+03  -.4439787366E+12  0.1000000000E+01
L2 0.1000000000E+01  0.1243688330E+03  0.1243688330E+03  0.1243688330E+03
L3 0.1480860182E+07  -.1575410771E+03  -.2299244371E+02  0.8732999642E+02
L4 -.3106784145E+02  0.1244982843E+05  0.1244554182E+05  0.1245413598E+05
L5 0.3734950623E+05  0.1412888159E+05  0.1269059242E+05  0.1152338377E+05
L6 0.3834285777E+05  -.4439787366E+06  0.4402106206E+05  -.5899791883E+06
L7 0.0000000000E+00  0.4765610325E+04  0.1308964201E+05  0.2035839926E+05
L8 0.5768518273E+04  0.5799721985E+05  0.0000000000E+00  0.0000000000E+00
L9 0.0000000000E+00  0.0000000000E+00  0.0000000000E+00  0.1037119056E+01  0.0000000000E+00
L0    43000  0.1960000000E+03  -.3515067840E+06  0.9249340383E+05
L1 0.2992079075E+03  0.2992079075E+03  -.4440001878E+12  0.1000000000E+01
L2 0.1000000000E+01  0.1243885523E+03  0.1243885523E+03  0.1243885523E+03
L3 0.1481546049E+07  0.1417903542E+03  0.6861794875E+02  0.1194453816E+03
L4 0.1099512282E+03  0.1245421442E+05  0.1238705484E+05  0.1237102203E+05
L5 0.3721229129E+05  0.1094233059E+05  0.1165539459E+05  0.1109739843E+05
L6 0.3369512361E+05  -.4440001878E+06  0.4419595292E+05  -.5901631578E+06
L7 0.0000000000E+00  0.4777834929E+04  0.1293102567E+05  0.2044279538E+05
L8 0.5761212218E+04  0.5805414884E+05  0.0000000000E+00  0.0000000000E+00
L9 0.0000000000E+00  0.0000000000E+00  0.0000000000E+00  0.1036638932E+01  0.0000000000E+00
L0    44000  0.1980000000E+03  -.3518205641E+06  0.9251801257E+05
L1 0.2992875145E+03  0.2992875145E+03  -.4443385767E+12  0.1000000000E+01
L2 0.1000000000E+01  0.1243307140E+03  0.1243307140E+03  0.1243307140E+03
L3 0.1479489550E+07  0.7893365390E+02  0.9153900449E+02  -.5001872854E+02
L4 0.4015130995E+02  0.1240326390E+05  0.1240802396E+05  0.1243538448E+05
L5 0.3724667234E+05  0.1156277750E+05  0.1143331566E+05  0.1296798444E+05
L6 0.3596407759E+05  -.4443385767E+06  0.4381123624E+05  -.5902555386E+06
L7 0.0000000000E+00  0.4827488764E+04  0.1308133030E+05  0.2040304175E+05
L8 0.5808028569E+04  0.5798583631E+05  0.0000000000E+00  0.0000000000E+00
L9 0.0000000000E+00  0.0000000000E+00  0.0000000000E+00  0.1038079866E+01  0.0000000000E+00
L0    45000  0.2000000000E+03  -.3515654204E+06  0.9269747893E+05
L1 0.2998680722E+03  0.2998680722E+03  -.4442628993E+12  0.1000000000E+01
L2 0.1000000000E+01  0.1243176205E+03  0.1243176205E+03  0.1243176205E+03
L3 0.1479026669E+07  -.1762992668E+03  -.6540101011E+01  0.2011241904E+03
L4 0.6094940885E+01  0.1227674005E+05  0.1228915790E+05  0.1239578156E+05
L5 0.3696167951E+05  0.1415338922E+05  0.1235877518E+05  0.1025487904E+05
L6 0.3676704343E+05  -.4442628993E+06  0.4420322798E+05  -.5904298060E+06
L7 0.0000000000E+00  0.4753753621E+04  0.1311652849E+05  0.2043939129E+05
L8 0.5724745965E+04  0.5792925930E+05  0.0000000000E+00  0.0000000000E+00
L9 0.0000000000E+00  0.0000000000E+00  0.0000000000E+00  0.1038404747E+01  0.0000000000E+00
L0    46000  0.2020000000E+03  -.3517429943E+06  0.9254785922E+05
L1 0.2993840658E+03  0.2993840658E+03  -.4442908535E+12  0.1000000000E+01
L2 0.1000000000E+01  0.1243459504E+03  0.1243459504E+03  0.1243459504E+03
L3 0.1480025230E+07  0.1096625274E+03  0.2172283685E+03  -.1761096057E+02
L4 0.1030933118E+03  0.1243448739E+05  0.1246132769E+05  0.1249945870E+05
L5 0.3739527378E+05  0.1126637683E+05  0.1014744019E+05  0.1268704829E+05
L6 0.3410086531E+05  -.4442908535E+06  0.4374820768E+05  -.5900954089E+06
L7 0.0000000000E+00  0.4753868629E+04  0.1315446609E+05  0.2036291531E+05
L8 0.5784802261E+04  0.5800029540E+05  0.0000000000E+00  0.0000000000E+00
L9 0.0000000000E+00  0.0000000000E+00  0.0000000000E+00  0.1037704143E+01  0.0000000000E+00
L0    47000  0.2040000000E+03  -.3517040873E+06  0.9266135851E+05
L1 0.2997512259E+03  0.2997512259E+03  -.4443654458E+12  0.1000000000E+01
L2 0.1000000000E+01  0.1243829229E+03  0.1243829229E+03  0.1243829229E+03
L3 0.1481354278E+07  0.1405233464E+03  0.8854443073E+02  -.1119237344E+03
L4 0.3904801425E+02  0.1248094181E+05  0.1253053918E+05  0.1243575499E+05
L5 0.3744723598E+05  0.1098276180E+05  0.1158652881E+05  0.1362902220E+05
L6 0.3619831281E+05  -.4443654458E+06  0.4406032933E+05  -.5904490682E+06
L7 0.0000000000E+00  0.4806170817E+04  0.1300660912E+05  0.2041001468E+05
L8 0.5762212907E+04  0.5803828556E+05  0.0000000000E+00  0.0000000000E+00
L9 0.0000000000E+00  0.0000000000E+00  0.0000000000E+00  0.1036773132E+01  0.0000000000E+00
L0    48000  0.2060000000E+03  -.3508020364E+06  0.9296858642E+05
L1 0.3007450808E+03  0.3007450808E+03  -.4437706229E+12  0.1000000000E+01
L2 0.1000000000E+01  0.1244238573E+03  0.1244238573E+03  0.1244238573E+03
L3 0.1482812065E+07  -.1804849739E+02  0.1565316455E+02  0.2383234812E+03
L4 0.7864271613E+02  0.1248940160E+05  0.1258640451E+05  0.1233079793E+05
L5 0.3740660404E+05  0.1268201378E+05  0.1241935514E+05  0.9787428045E+04
L6 0.3488879696E+05  -.4437706229E+06  0.4438191280E+05  -.5901341485E+06
L7 0.0000000000E+00  0.4726089364E+04  0.1307513462E+05  0.2043747745E+05
L8 0.5799111826E+04  0.5794379956E+05  0.0000000000E+00  0.0000000000E+00
L9 0.0000000000E+00  0.0000000000E+00  0.0000000000E+00  0.1035753856E+01  0.0000000000E+00
L0    49000  0.2080000000E+03  -.3510060394E+06  0.9263027219E+05
L1 0.2996506644E+03  0.2996506644E+03  -.4436363116E+12  0.1000000000E+01
L2 0.1000000000E+01  0.1243625839E+03  0.1243625839E+03  0.1243625839E+03
L3 0.1480627303E+07  0.2853380293E+02  0.7045668276E+02  0.2733281650E+02
L4 0.4210776740E+02  0.1241149192E+05  0.1226944779E+05  0.1255205789E+05
L5 0.3723299760E+05  0.1210743003E+05  0.1151864734E+05  0.1226079395E+05
L6 0.3588687131E+05  -.4436363116E+06  0.4393351595E+05  -.5896851857E+06
L7 0.0000000000E+00  0.4861580752E+04  0.1306215108E+05  0.2041473556E+05
L8 0.5808146190E+04  0.5796874458E+05  0.0000000000E+00  0.0000000000E+00
L9 0.0000000000E+00  0.0000000000E+00  0.0000000000E+00  0.1037282178E+01  0.0000000000E+00
L0    50000  0.2100000000E+03  -.3517144071E+06  0.9261933422E+05
L1 0.2996152810E+03  0.2996152810E+03  -.4443337413E+12  0.1000000000E+01
L2 0.1000000000E+01  0.1243700774E+03  0.1243700774E+03  0.1243700774E+03
L3 0.1480890717E+07  0.1051307657E+03  0.2192895120E+03  -.1015734095E+03
L4 0.7428228939E+02  0.1246139637E+05  0.1259741459E+05  0.1225125851E+05
L5 0.3731006947E+05  0.1134090268E+05  0.1026020611E+05  0.1333383757E+05
L6 0.3493494636E+05  -.4443337413E+06  0.4471865336E+05  -.5910122110E+06
L7 0.0000000000E+00  0.4667319251E+04  0.1314460809E+05  0.2048010619E+05
L8 0.5741644891E+04  0.5792613790E+05  0.0000000000E+00  0.0000000000E+00
L9 0.0000000000E+00  0.0000000000E+00  0.0000000000E+00  0.1037097671E+01  0.0000000000E+00
L0    51000  0.2120000000E+03  -.3519822127E+06  0.9258527871E+05
L1 0.2995051145E+03  0.2995051145E+03  -.4445674914E+12  0.1000000000E+01
L2 0.1000000000E+01  0.1243305744E+03  0.1243305744E+03  0.1243305744E+03
L3 0.1479498009E+07  -.2396369307E+03  -.4787882039E+02  0.1023911480E+03
L4 -.6170820101E+02  0.1240725838E+05  0.1238715733E+05  0.1264508845E+05
L5 0.3743950416E+05  0.1495892959E+05  0.1289697444E+05  0.1155482017E+05
L6 0.3941072420E+05  -.4445674914E+06  0.4380662328E+05  -.5902097854E+06
L7 0.0000000000E+00  0.4816620877E+04  0.1297004294E+05  0.2040867230E+05
L8 0.5743241941E+04  0.5789709264E+05  0.0000000000E+00  0.0000000000E+00
L9 0.0000000000E+00  0.0000000000E+00  0.0000000000E+00  0.1038073931E+01  0.0000000000E+00
L0    52000  0.2140000000E+03  -.3516275808E+06  0.9263704265E+05
L1 0.2996725662E+03  0.2996725662E+03  -.4442646235E+12  0.1000000000E+01
L2 0.1000000000E+01  0.1243733302E+03  0.1243733302E+03  0.1243733302E+03
L3 0.1481017879E+07  0.4599844148E+02  -.6930177343E+02  -.2843619431E+01
L4 -.8715650463E+01  0.1246311100E+05  0.1233170694E+05  0.1242326388E+05
L5 0.3721808182E+05  0.1197281314E+05  0.1307039526E+05  0.1245357405E+05
L6 0.3749678244E+05  -.4442646235E+06  0.4383181124E+05  -.5899987925E+06
L7 0.0000000000E+00  0.4667470425E+04  0.1304688889E+05  0.2040541056E+05
L8 0.5778405589E+04  0.5800418233E+05  0.0000000000E+00  0.0000000000E+00
L9 0.0000000000E+00  0.0000000000E+00  0.0000000000E+00  0.1037008625E+01  0.0000000000E+00
L0    53000  0.2160000000E+03  -.3517126021E+06  0.9263633720E+05
L1 0.2996702842E+03  0.2996702842E+03  -.4443489393E+12  0.1000000000E+01
L2 0.1000000000E+01  0.1244360642E+03  0.1244360642E+03  0.1244360642E+03
L3 0.1483250278E+07  0.3018880403E+03  -.1516035921E+03  0.4599625152E+02
L4 0.6542689991E+02  0.1247435685E+05  0.1260009177E+05  0.1239456261E+05
L5 0.3746901124E+05  0.9251678764E+04  0.1421847180E+05  0.1190354908E+05
L6 0.3537369964E+05  -.4443489393E+06  0.4432709208E+05  -.5905201662E+06
L7 0.0000000000E+00  0.4702322241E+04  0.1304715452E+05  0.2041092133E+05
L8 0.5730647224E+04  0.5795308958E+05  0.0000000000E+00  0.0000000000E+00
L9 0.0000000000E+00  0.0000000000E+00  0.0000000000E+00  0.1035447852E+01  0.0000000000E+00
L0    54000  0.2180000000E+03  -.3513854122E+06  0.9278525163E+05
L1 0.3001520090E+03  0.3001520090E+03  -.4441706638E+12  0.1000000000E+01
L2 0.1000000000E+01  0.1244016628E+03  0.1244016628E+03  0.1244016628E+03
L3 0.1482025308E+07  0.5759798428E+02  -.2913342467E+03  0.3197301216E+03
L4 0.2866461972E+02  0.1243028262E+05  0.1262099648E+05  0.1248269395E+05
L5 0.3753397304E+05  0.1181592750E+05  0.1572844355E+05  0.9072369070E+04
L6 0.3661674011E+05  -.4441706638E+06  0.4437202408E+05  -.5907501760E+06
L7 0.0000000000E+00  0.4872425626E+04  0.1304936084E+05  0.2037321865E+05
L8 0.5791569464E+04  0.5812091356E+05  0.0000000000E+00  0.0000000000E+00
L9 0.0000000000E+00  0.0000000000E+00  0.0000000000E+00  0.1036303703E+01  0.0000000000E+00
L0    55000  0.2200000000E+03  -.3518632128E+06  0.9265164183E+05
L1 0.2997197933E+03  0.2997197933E+03  -.4445148546E+12  0.1000000000E+01
L2 0.1000000000E+01  0.1243645712E+03  0.1243645712E+03  0.1243645712E+03
L3 0.1480708428E+07  -.1380108292E+03  -.1273430484E+02  0.4668717164E+02
L4 -.3468598747E+02  0.1241162370E+05  0.1245427498E+05  0.1249559122E+05
L5 0.3736148990E+05  0.1388237518E+05  0.1258998170E+05  0.1199805616E+05
L6 0.3847041304E+05  -.4445148546E+06  0.4392453718E+05  -.5903694623E+06
L7 0.0000000000E+00  0.4932901368E+04  0.1295808229E+05  0.2036166354E+05
L8 0.5743966234E+04  0.5793345700E+05  0.0000000000E+00  0.0000000000E+00
L9 0.0000000000E+00  0.0000000000E+00  0.0000000000E+00  0.1037225348E+01  0.0000000000E+00
L0    56000  0.2220000000E+03  -.3516347787E+06  0.9255682198E+05
L1 0.2994130595E+03  0.2994130595E+03  -.4441916006E+12  0.1000000000E+01
L2 0.1000000000E+01  0.1243323407E+03  0.1243323407E+03  0.1243323407E+03
L3 0.1479534630E+07  0.2300458393E+03  0.7752881093E+01  0.1779672807E+03
L4 0.1385886670E+03  0.1245896430E+05  0.1244631559E+05  0.1245625471E+05
L5 0.3736153460E+05  0.1000935909E+05  0.1236376032E+05  0.1056119945E+05
L6 0.3293431885E+05  -.4441916006E+06  0.4398677727E+05  -.5901295190E+06
L7 0.0000000000E+00  0.4731059947E+04  0.1300182542E+05  0.2044419567E+05
L8 0.5790915133E+04  0.5798314488E+05  0.0000000000E+00  0.0000000000E+00
L9 0.0000000000E+00  0.0000000000E+00  0.0000000000E+00  0.1038048237E+01  0.0000000000E+00
L0    57000  0.2240000000E+03  -.3517823524E+06  0.9249006539E+05
L1 0.2991971079E+03  0.2991971079E+03  -.4442724178E+12  0.1000000000E+01
L2 0.1000000000E+01  0.1243135834E+03  0.1243135834E+03  0.1243135834E+03
L3 0.1478885176E+07  -.2032523970E+03  0.1622225277E+03  0.3344743702E+00
L4 -.1356513163E+02  0.1235267296E+05  0.1247885056E+05  0.1249136688E+05
L5 0.3732289039E+05  0.1451602257E+05  0.1075220896E+05  0.1248780685E+05
L6 0.3775603838E+05  -.4442724178E+06  0.4395795517E+05  -.5904469921E+06
L7 0.0000000000E+00  0.4823578005E+04  0.1311096767E+05  0.2046054208E+05
L8 0.5785771846E+04  0.5803575951E+05  0.0000000000E+00  0.0000000000E+00
L9 0.0000000000E+00  0.0000000000E+00  0.0000000000E+00  0.1038504097E+01  0.0000000000E+00
L0    58000  0.2260000000E+03  -.3524140214E+06  0.9276332584E+05
L1 0.3000810811E+03  0.3000810811E+03  -.4451773473E+12  0.1000000000E+01
L2 0.1000000000E+01  0.1243379368E+03  0.1243379368E+03  0.1243379368E+03
L3 0.1479746596E+07  0.2313762429E+02  -.1180798650E+02  0.1276721341E+03
L4 0.4633392397E+02  0.1245859765E+05  0.1252881190E+05  0.1231702559E+05
L5 0.3730443514E+05  0.1221218517E+05  0.1265456532E+05  0.1095733514E+05
L6 0.3582408562E+05  -.4451773473E+06  0.4444862186E+05  -.5914142574E+06
L7 0.0000000000E+00  0.4739288179E+04  0.1291086246E+05  0.2042518109E+05
L8 0.5725600359E+04  0.5798735620E+05  0.0000000000E+00  0.0000000000E+00
L9 0.0000000000E+00  0.0000000000E+00  0.0000000000E+00  0.1037899542E+01  0.0000000000E+00
L0    59000  0.2280000000E+03  -.3522935292E+06  0.9270867389E+05
L1 0.2999042869E+03  0.2999042869E+03  -.4450022031E+12  0.1000000000E+01
L2 0.1000000000E+01  0.1243507570E+03  0.1243507570E+03  0.1243507570E+03
L3 0.1480211830E+07  0.4882633371E+02  -.1572270598E+03  0.7771547463E+02
L4 -.1022841717E+02  0.1250516458E+05  0.1249697680E+05  0.1240880688E+05
L5 0.3741094827E+05  0.1198500744E+05  0.1417194954E+05  0.1158088768E+05
L6 0.3773784467E+05  -.4450022031E+06  0.4408980335E+05  -.5910963810E+06
L7 0.0000000000E+00  0.4707806640E+04  0.1316066547E+05  0.2036689987E+05
L8 0.5788657154E+04  0.5798034540E+05  0.0000000000E+00  0.0000000000E+00
L9 0.0000000000E+00  0.0000000000E+00  0.0000000000E+00  0.1037573328E+01  0.0000000000E+00
L0    60000  0.2300000000E+03  -.3520185487E+06  0.9244849503E+05
L1 0.2990626315E+03  0.2990626315E+03  -.4444670437E+12  0.1000000000E+01
L2 0.1000000000E+01  0.1243685589E+03  0.1243685589E+03  0.1243685589E+03
L3 0.1480853766E+07  0.6037298470E+02  -.1323761529E+03  -.9790489261E+02
L4 -.5663602025E+02  0.1238679018E+05  0.1246392763E+05  0.1244889878E+05
L5 0.3729961660E+05  0.1174334523E+05  0.1387477005E+05  0.1349235240E+05
L6 0.3911046768E+05  -.4444670437E+06  0.4449243780E+05  -.5910354615E+06
L7 0.0000000000E+00  0.4829073387E+04  0.1293641330E+05  0.2037121682E+05
L8 0.5721047557E+04  0.5821822889E+05  0.0000000000E+00  0.0000000000E+00
L9 0.0000000000E+00  0.0000000000E+00  0.0000000000E+00  0.1037123550E+01  0.0000000000E+00
L0    61000  0.2320000000E+03  -.3515636650E+06  0.9258779383E+05
L1 0.2995132507E+03  0.2995132507E+03  -.4441514588E+12  0.1000000000E+01
L2 0.1000000000E+01  0.1243958157E+03  0.1243958157E+03  0.1243958157E+03
L3 0.1481829356E+07  -.2049858534E+03  0.2319482960E+03  -.2363174459E+03
L4 -.6978500108E+02  0.1247436254E+05  0.1248655094E+05  0.1235062530E+05
L5 0.3731153878E+05  0.1466050604E+05  0.1001285702E+05  0.1487091554E+05
L6 0.3954427861E+05  -.4441514588E+06  0.4419336030E+05  -.5904627233E+06
L7 0.0000000000E+00  0.4678734537E+04  0.1308506737E+05  0.2051382597E+05
L8 0.5779623226E+04  0.5806065305E+05  0.0000000000E+00  0.0000000000E+00
L9 0.0000000000E+00  0.0000000000E+00  0.0000000000E+00  0.1036440740E+01  0.0000000000E+00
L0    62000  0.2340000000E+03  -.3518944000E+06  0.9258275090E+05
L1 0.2994969373E+03  0.2994969373E+03  -.4444771509E+12  0.1000000000E+01
L2 0.1000000000E+01  0.1243449183E+03  0.1243449183E+03  0.1243449183E+03
L3 0.1479998304E+07  -.8455194316E+02  -.4919414144E+02  0.2173957400E+03
L4 0.2788321847E+02  0.1235353048E+05  0.1237550131E+05  0.1241353011E+05
L5 0.3714256190E+05  0.1325415007E+05  0.1289950118E+05  0.1009790192E+05
L6 0.3625155318E+05  -.4444771509E+06  0.4413490621E+05  -.5907176321E+06
L7 0.0000000000E+00  0.4755368907E+04  0.1316436311E+05  0.2040742447E+05
L8 0.5774012134E+04  0.5800440637E+05  0.0000000000E+00  0.0000000000E+00
L9 0.0000000000E+00  0.0000000000E+00  0.0000000000E+00  0.1037723023E+01  0.0000000000E+00
L0    63000  0.2360000000E+03  -.3518854160E+06  0.9260245243E+05
L1 0.2995606700E+03  0.2995606700E+03  -.4444878685E+12  0.1000000000E+01
L2 0.1000000000E+01  0.1243365388E+03  0.1243365388E+03  0.1243365388E+03
L3 0.1479689295E+07  0.3257857406E+03  -.1090939998E+03  0.9021919253E+02
L4 0.1023036445E+03  0.1252678240E+05  0.1234038507E+05  0.1256512388E+05
L5 0.3743229136E+05  0.9057343984E+04  0.1350217599E+05  0.1160433925E+05
L6 0.3416385922E+05  -.4444878685E+06  0.4372827280E+05  -.5904252529E+06
L7 0.0000000000E+00  0.4740856468E+04  0.1323028473E+05  0.2041486416E+05
L8 0.5759070716E+04  0.5806403552E+05  0.0000000000E+00  0.0000000000E+00
L9 0.0000000000E+00  0.0000000000E+00  0.0000000000E+00  0.1037939734E+01  0.0000000000E+00
L0    64000  0.2380000000E+03  -.3515827850E+06  0.9261447174E+05
L1 0.2995995513E+03  0.2995995513E+03  -.4441972567E+12  0.1000000000E+01
L2 0.1000000000E+01  0.1243683078E+03  0.1243683078E+03  0.1243683078E+03
L3 0.1480844264E+07  0.5212170281E+01  0.2537510575E+02  -.1884138880E+03
L4 -.5260887067E+02  0.1246260186E+05  0.1241388923E+05  0.1249157630E+05
L5 0.3736806739E+05  0.1240705180E+05  0.1214344742E+05  0.1449964644E+05
L6 0.3905014567E+05  -.4441972567E+06  0.4371730020E+05  -.5900830567E+06
L7 0.0000000000E+00  0.4677994740E+04  0.1315122734E+05  0.2040583075E+05
L8 0.5794635941E+04  0.5813881107E+05  0.0000000000E+00  0.0000000000E+00
L9 0.0000000000E+00  0.0000000000E+00  0.0000000000E+00  0.1037130204E+01  0.0000000000E+00
L0    65000  0.2400000000E+03  -.3514930665E+06  0.9278878115E+05
L1 0.3001634267E+03  0.3001634267E+03  -.4442818477E+12  0.1000000000E+01
L2 0.1000000000E+01  0.1243270595E+03  0.1243270595E+03  0.1243270595E+03
L3 0.1479364871E+07  -.1153826691E+03  0.1270860911E+03  -.2261380385E+02
L4 -.3636793957E+01  0.1258512744E+05  0.1247322777E+05  0.1234509504E+05
L5 0.3740345025E+05  0.1381361981E+05  0.1112012774E+05  0.1258586677E+05
L6 0.3751961433E+05  -.4442818477E+06  0.4356959733E+05  -.5899369820E+06
L7 0.0000000000E+00  0.4790999900E+04  0.1297865463E+05  0.2032072302E+05
L8 0.5830260420E+04  0.5816489904E+05  0.0000000000E+00  0.0000000000E+00
L9 0.0000000000E+00  0.0000000000E+00  0.0000000000E+00  0.1038167354E+01  0.0000000000E+00
L0    66000  0.2420000000E+03  -.3517613655E+06  0.9241417809E+05
L1 0.2989516193E+03  0.2989516193E+03  -.4441755436E+12  0.1000000000E+01
L2 0.1000000000E+01  0.1243394851E+03  0.1243394851E+03  0.1243394851E+03
L3 0.1479802085E+07  -.2123640739E+03  0.3680029348E+03  -.2141566601E+02
L4 0.4474106497E+02  0.1239620779E+05  0.1251255690E+05  0.1235725647E+05
L5 0.3726602116E+05  0.1465794042E+05  0.8593229922E+04  0.1258533888E+05
L6 0.3583650922E+05  -.4441755436E+06  0.4399937022E+05  -.5900937204E+06
L7 0.0000000000E+00  0.4748285366E+04  0.1292818187E+05  0.2034287582E+05
L8 0.5767325292E+04  0.5813213824E+05  0.0000000000E+00  0.0000000000E+00
L9 0.0000000000E+00  0.0000000000E+00  0.0000000000E+00  0.1037860623E+01  0.0000000000E+00
L0    67000  0.2440000000E+03  -.3509999976E+06  0.9291266614E+05
L1 0.3005641836E+03  0.3005641836E+03  -.4439126637E+12  0.1000000000E+01
L2 0.1000000000E+01  0.1244143652E+03  0.1244143652E+03  0.1244143652E+03
L3 0.1482464092E+07  0.7121164045E+01  -.9070880042E+02  0.5153944592E+03
L4 0.1439356076E+03  0.1261824908E+05  0.1244691921E+05  0.1243982577E+05
L5 0.3750499406E+05  0.1254227040E+05  0.1341472939E+05  0.6940866437E+04
L6 0.3289786622E+05  -.4439126637E+06  0.4421043896E+05  -.5901242000E+06
L7 0.0000000000E+00  0.4669236360E+04  0.1320103539E+05  0.2031422103E+05
L8 0.5821053735E+04  0.5799555073E+05  0.0000000000E+00  0.0000000000E+00
L9 0.0000000000E+00  0.0000000000E+00  0.0000000000E+00  0.1035996974E+01  0.0000000000E+00
L0    68000  0.2460000000E+03  -.3519350899E+06  0.9261052511E+05
L1 0.2995867844E+03  0.2995867844E+03  -.4445456150E+12  0.1000000000E+01
L2 0.1000000000E+01  0.1243918803E+03  0.1243918803E+03  0.1243918803E+03
L3 0.1481678423E+07  -.1319517750E+03  -.1584556978E+03  0.3148448190E+03
L4 0.8145782031E+01  0.1230974575E+05  0.1236150279E+05  0.1243939440E+05
L5 0.3711064294E+05  0.1371684837E+05  0.1405123700E+05  0.9081963467E+04
L6 0.3685004884E+05  -.4445456150E+06  0.4402956639E+05  -.5903052619E+06
L7 0.0000000000E+00  0.4647860009E+04  0.1292578358E+05  0.2038112882E+05
L8 0.5727442226E+04  0.5804786593E+05  0.0000000000E+00  0.0000000000E+00
L9 0.0000000000E+00  0.0000000000E+00  0.0000000000E+00  0.1036546318E+01  0.0000000000E+00
L0    69000  0.2480000000E+03  -.3513798537E+06  0.9275583418E+05
L1 0.3000568462E+03  0.3000568462E+03  -.4441356879E+12  0.1000000000E+01
L2 0.1000000000E+01  0.1244083331E+03  0.1244083331E+03  0.1244083331E+03
L3 0.1482248287E+07  0.3771040212E+03  0.1003737732E+03  -.4147665734E+02
L4 0.1453337124E+03  0.1231391094E+05  0.1255398785E+05  0.1245694898E+05
L5 0.3732484777E+05  0.8291015908E+04  0.1148321392E+05  0.1289941639E+05
L6 0.3267364622E+05  -.4441356879E+06  0.4429250700E+05  -.5902091983E+06
L7 0.0000000000E+00  0.4752882083E+04  0.1301292540E+05  0.2035600399E+05
L8 0.5753405949E+04  0.5790578603E+05  0.0000000000E+00  0.0000000000E+00
L9 0.0000000000E+00  0.0000000000E+00  0.0000000000E+00  0.1036147808E+01  0.0000000000E+00
L0    70000  0.2500000000E+03  -.3515596457E+06  0.9263021349E+05
L1 0.2996504745E+03  0.2996504745E+03  -.4441898591E+12  0.1000000000E+01
L2 0.1000000000E+01  0.1244449497E+03  0.1244449497E+03  0.1244449497E+03
L3 0.1483566999E+07  -.2428652644E+02  0.1906529496E+03  0.5353536567E+02
L4 0.7330059629E+02  0.1244217603E+05  0.1243765313E+05  0.1256211917E+05
L5 0.3744194833E+05  0.1270149193E+05  0.1040198361E+05  0.1199050298E+05
L6 0.3509397853E+05  -.4441898591E+06  0.4442601606E+05  -.5905874352E+06
L7 0.0000000000E+00  0.4776472491E+04  0.1303547425E+05  0.2033050099E+05
L8 0.5827340595E+04  0.5800177169E+05  0.0000000000E+00  0.0000000000E+00
L9 0.0000000000E+00  0.0000000000E+00  0.0000000000E+00  0.1035226798E+01  0.0000000000E+00
L0    71000  0.2520000000E+03  -.3505869134E+06  0.9317959075E+05
L1 0.3014276609E+03  0.3014276609E+03  -.4437665042E+12  0.1000000000E+01
L2 0.1000000000E+01  0.1243872559E+03  0.1243872559E+03  0.1243872559E+03
L3 0.1481512282E+07  0.1311571150E+03  -.2898902925E+03  0.2035853703E+03
L4 0.1495073091E+02  0.1245737617E+05  0.1253280381E+05  0.1261888107E+05
L5 0.3760906105E+05  0.1105890444E+05  0.1562377892E+05  0.1044813811E+05
L6 0.3713082147E+05  -.4437665042E+06  0.4371997974E+05  -.5895376501E+06
L7 0.0000000000E+00  0.4781490935E+04  0.1312494549E+05  0.2042036480E+05
L8 0.5788636234E+04  0.5793572876E+05  0.0000000000E+00  0.0000000000E+00
L9 0.0000000000E+00  0.0000000000E+00  0.0000000000E+00  0.1036662559E+01  0.0000000000E+00
L0    72000  0.2540000000E+03  -.3507879182E+06  0.9324863240E+05
L1 0.3016510045E+03  0.3016510045E+03  -.4440365506E+12  0.1000000000E+01
L2 0.1000000000E+01  0.1244028001E+03  0.1244028001E+03  0.1244028001E+03
L3 0.1482070294E+07  -.5778439031E+02  0.2206692014E+03  -.1753553160E+03
L4 -.4156834971E+01  0.1248812180E+05  0.1249045989E+05  0.1257042982E+05
L5 0.3754901151E+05  0.1310448389E+05  0.1013667318E+05  0.1444087214E+05
L6 0.3768202921E+05  -.4440365506E+06  0.4390703861E+05  -.5897872532E+06
L7 0.0000000000E+00  0.4754842542E+04  0.1296658626E+05  0.2035288793E+05
L8 0.5757224524E+04  0.5801212274E+05  0.0000000000E+00  0.0000000000E+00
L9 0.0000000000E+00  0.0000000000E+00  0.0000000000E+00  0.1036272247E+01  0.0000000000E+00
L0    73000  0.2560000000E+03  -.3516541506E+06  0.9266405974E+05
L1 0.2997599641E+03  0.2997599641E+03  -.4443182104E+12  0.1000000000E+01
L2 0.1000000000E+01  0.1243749483E+03  0.1243749483E+03  0.1243749483E+03
L3 0.1481068699E+07  -.6128247162E+02  -.1399059925E+02  0.2077396054E+03
L4 0.4415551150E+02  0.1244072585E+05  0.1261701768E+05  0.1234155370E+05
L5 0.3739929723E+05  0.1309395876E+05  0.1276614874E+05  0.1012717913E+05
L6 0.3598728662E+05  -.4443182104E+06  0.4426360704E+05  -.5904761347E+06
L7 0.0000000000E+00  0.4753634133E+04  0.1309237527E+05  0.2036811036E+05
L8 0.5762065195E+04  0.5791813233E+05  0.0000000000E+00  0.0000000000E+00
L9 0.0000000000E+00  0.0000000000E+00  0.0000000000E+00  0.1036973042E+01  0.0000000000E+00
L0    74000  0.2580000000E+03  -.3528077589E+06  0.9217532081E+05
L1 0.2981789373E+03  0.2981789373E+03  -.4449830797E+12  0.1000000000E+01
L2 0.1000000000E+01  0.1243580615E+03  0.1243580615E+03  0.1243580615E+03
L3 0.1480479310E+07  0.2708074982E+02  -.1725966422E+03  -.3551417549E+02
L4 -.6034335594E+02  0.1236737146E+05  0.1230817666E+05  0.1229566543E+05
L5 0.3697121355E+05  0.1207882244E+05  0.1414721704E+05  0.1267407374E+05
L6 0.3890011321E+05  -.4449830797E+06  0.4444945281E+05  -.5913093231E+06
L7 0.0000000000E+00  0.4726425834E+04  0.1292934248E+05  0.2040831915E+05
L8 0.5777766903E+04  0.5803493621E+05  0.0000000000E+00  0.0000000000E+00
L9 0.0000000000E+00  0.0000000000E+00  0.0000000000E+00  0.1037385868E+01  0.0000000000E+00
L0    75000  0.2600000000E+03  -.3517422099E+06  0.9266027719E+05
L1 0.2997477279E+03  0.2997477279E+03  -.4444024871E+12  0.1000000000E+01
L2 0.1000000000E+01  0.1243729457E+03  0.1243729457E+03  0.1243729457E+03
L3 0.1480995352E+07  0.2014622409E+03  0.1632511189E+02  -.4434762522E+02
L4 0.5781324251E+02  0.1243022630E+05  0.1247454029E+05  0.1236929572E+05
L5 0.3727406230E+05  0.1028287086E+05  0.1230053340E+05  0.1284199032E+05
L6 0.3542539458E+05  -.4444024871E+06  0.4437423485E+05  -.5907498502E+06
L7 0.0000000000E+00  0.4735720551E+04  0.1293091898E+05  0.2047224165E+05
L8 0.5768937575E+04  0.5806530944E+05  0.0000000000E+00  0.0000000000E+00
L9 0.0000000000E+00  0.0000000000E+00  0.0000000000E+00  0.1037024398E+01  0.0000000000E+00
L0    76000  0.2620000000E+03  -.3521639628E+06  0.9270343118E+05
L1 0.2998873272E+03  0.2998873272E+03  -.4448673940E+12  0.1000000000E+01
L2 0.1000000000E+01  0.1243372557E+03  0.1243372557E+03  0.1243372557E+03
L3 0.1479736078E+07  0.6626951451E+02  -.2160614788E+03  -.2490019987E+02
L4 -.5823072140E+02  0.1242385754E+05  0.1242812095E+05  0.1244780931E+05
L5 0.3729978779E+05  0.1171810145E+05  0.1472912926E+05  0.1271299108E+05
L6 0.3916022179E+05  -.4448673940E+06  0.4419407701E+05  -.5911904632E+06
L7 0.0000000000E+00  0.4847040841E+04  0.1302141660E+05  0.2037832592E+05
L8 0.5772406016E+04  0.5810980284E+05  0.0000000000E+00  0.0000000000E+00
L9 0.0000000000E+00  0.0000000000E+00  0.0000000000E+00  0.1037906919E+01  0.0000000000E+00
L0    77000  0.2640000000E+03  -.3518256564E+06  0.9227527643E+05
L1 0.2985022848E+03  0.2985022848E+03  -.4441009329E+12  0.1000000000E+01
L2 0.1000000000E+01  0.1243262156E+03  0.1243262156E+03  0.1243262156E+03
L3 0.1479335248E+07  0.2997800901E+02  -.4960290470E+02  -.2720203369E+01
L4 -.7448366352E+01  0.1243229322E+05  0.1215263338E+05  0.1229525679E+05
L5 0.3688018338E+05  0.1211312034E+05  0.1268075056E+05  0.1232421852E+05
L6 0.3711808942E+05  -.4441009329E+06  0.4382714546E+05  -.5899802537E+06
L7 0.0000000000E+00  0.4757223982E+04  0.1307850835E+05  0.2041801107E+05
L8 0.5760079326E+04  0.5803835260E+05  0.0000000000E+00  0.0000000000E+00
L9 0.0000000000E+00  0.0000000000E+00  0.0000000000E+00  0.1038188143E+01  0.0000000000E+00
L0    78000  0.2660000000E+03  -.3508231436E+06  0.9324417533E+05
L1 0.3016365863E+03  0.3016365863E+03  -.4440673190E+12  0.1000000000E+01
L2 0.1000000000E+01  0.1243574258E+03  0.1243574258E+03  0.1243574258E+03
L3 0.1480450050E+07  0.8222594331E+02  0.2354531835E+03  -.3497482398E+03
L4 -.1068970430E+02  0.1245953983E+05  0.1255437139E+05  0.1247339389E+05
L5 0.3748730511E+05  0.1158342868E+05  0.1004563571E+05  0.1619993466E+05
L6 0.3782899906E+05  -.4440673190E+06  0.4402605642E+05  -.5902228757E+06
L7 0.0000000000E+00  0.4801406632E+04  0.1309115314E+05  0.2036453863E+05
L8 0.5759910963E+04  0.5811249093E+05  0.0000000000E+00  0.0000000000E+00
L9 0.0000000000E+00  0.0000000000E+00  0.0000000000E+00  0.1037406371E+01  0.0000000000E+00
L0    79000  0.2680000000E+03  -.3516284828E+06  0.9272573333E+05
L1 0.2999594727E+03  0.2999594727E+03  -.4443542161E+12  0.1000000000E+01
L2 0.1000000000E+01  0.1243770318E+03  0.1243770318E+03  0.1243770318E+03
L3 0.1481157806E+07  -.3009200536E+03  0.1385229349E+02  0.8630404975E+02
L4 -.6692123679E+02  0.1249101277E+05  0.1225591627E+05  0.1248075350E+05
L5 0.3722768255E+05  0.1569882576E+05  0.1210825058E+05  0.1156075084E+05
L6 0.3936782718E+05  -.4443542161E+06  0.4384933423E+05  -.5900878030E+06
L7 0.0000000000E+00  0.4861442997E+04  0.1312267692E+05  0.2028246188E+05
L8 0.5767118284E+04  0.5785055254E+05  0.0000000000E+00  0.0000000000E+00
L9 0.0000000000E+00  0.0000000000E+00  0.0000000000E+00  0.1036910657E+01  0.0000000000E+00
L0    80000  0.2700000000E+03  -.3509456858E+06  0.9312997422E+05
L1 0.3012671559E+03  0.3012671559E+03  -.4440756600E+12  0.1000000000E+01
L2 0.1000000000E+01  0.1243915562E+03  0.1243915562E+03  0.1243915562E+03
L3 0.1481668175E+07  -.9727376121E+02  0.1013572684E+03  -.9864608765E+01
L4 -.1927033875E+01  0.1253499007E+05  0.1252162534E+05  0.1248749761E+05
L5 0.3754411302E+05  0.1357228736E+05  0.1144078280E+05  0.1259269074E+05
L6 0.3760576089E+05  -.4440756600E+06  0.4363436516E+05  -.5897375142E+06
L7 0.0000000000E+00  0.4775062095E+04  0.1300566702E+05  0.2037336524E+05
L8 0.5764426752E+04  0.5810896792E+05  0.0000000000E+00  0.0000000000E+00
L9 0.0000000000E+00  0.0000000000E+00  0.0000000000E+00  0.1036553488E+01  0.0000000000E+00
L0    81000  0.2720000000E+03  -.3510726525E+06  0.9275409812E+05
L1 0.3000512302E+03  0.3000512302E+03  -.4438267507E+12  0.1000000000E+01
L2 0.1000000000E+01  0.1243667452E+03  0.1243667452E+03  0.1243667452E+03
L3 0.1480779746E+07  0.4174439866E+02  -.4672323789E+02  0.4477243020E+02
L4 0.1326453033E+02  0.1242117570E+05  0.1253867267E+05  0.1244928380E+05
L5 0.3740913217E+05  0.1197629327E+05  0.1303661607E+05  0.1197213074E+05
L6 0.3698504008E+05  -.4438267507E+06  0.4461583043E+05  -.5905568205E+06
L7 0.0000000000E+00  0.4799426726E+04  0.1315194096E+05  0.2037629942E+05
L8 0.5747665603E+04  0.5803890667E+05  0.0000000000E+00  0.0000000000E+00
L9 0.0000000000E+00  0.0000000000E+00  0.0000000000E+00  0.1037175392E+01  0.0000000000E+00
L0    82000  0.2740000000E+03  -.3508252998E+06  0.9293225926E+05
L1 0.3006275656E+03  0.3006275656E+03  -.4437575591E+12  0.1000000000E+01
L2 0.1000000000E+01  0.1243627228E+03  0.1243627228E+03  0.1243627228E+03
L3 0.1480652299E+07  -.3507977934E+02  0.1008356682E+03  -.3945354302E+03
L4 -.1095931805E+03  0.1252514729E+05  0.1256201576E+05  0.1251038333E+05
L5 0.3759754638E+05  0.1289897072E+05  0.1148747265E+05  0.1671470247E+05
L6 0.4110114584E+05  -.4437575591E+06  0.4381357857E+05  -.5896573186E+06
L7 0.0000000000E+00  0.4807447439E+04  0.1311605670E+05  0.2039297579E+05
L8 0.5804223208E+04  0.5796547782E+05  0.0000000000E+00  0.0000000000E+00
L9 0.0000000000E+00  0.0000000000E+00  0.0000000000E+00  0.1037264667E+01  0.0000000000E+00
L0    83000  0.2760000000E+03  -.3519935777E+06  0.9262063100E+05
L1 0.2996194760E+03  0.2996194760E+03  -.4446142087E+12  0.1000000000E+01
L2 0.1000000000E+01  0.1243598218E+03  0.1243598218E+03  0.1243598218E+03
L3 0.1480522163E+07  0.2856002985E+03  0.1407050463E+02  -.2597537021E+02
L4 0.9123181096E+02  0.1230333217E+05  0.1240257378E+05  0.1241252611E+05
L5 0.3711843206E+05  0.9260134588E+04  0.1225264633E+05  0.1268930518E+05
L6 0.3420208609E+05  -.4446142087E+06  0.4442868019E+05  -.5908067033E+06
L7 0.0000000000E+00  0.4691299678E+04  0.1301828071E+05  0.2037577983E+05
L8 0.5757135981E+04  0.5792131822E+05  0.0000000000E+00  0.0000000000E+00
L9 0.0000000000E+00  0.0000000000E+00  0.0000000000E+00  0.1037355841E+01  0.0000000000E+00
L0    84000  0.2780000000E+03  -.3519599317E+06  0.9257243250E+05
L1 0.2994635582E+03  0.2994635582E+03  -.4445323642E+12  0.1000000000E+01
L2 0.1000000000E+01  0.1243629281E+03  0.1243629281E+03  0.1243629281E+03
L3 0.1480654447E+07  -.2459684910E+03  0.7960429250E+01  0.2699717381E+02
L4 -.7033696265E+02  0.1237391740E+05  0.1236603130E+05  0.1257228594E+05
L5 0.3731223464E+05  0.1499505471E+05  0.1228120183E+05  0.1228459341E+05
L6 0.3956084994E+05  -.4445323642E+06  0.4381330787E+05  -.5903422449E+06
L7 0.0000000000E+00  0.4764190845E+04  0.1295411107E+05  0.2048456436E+05
L8 0.5753905651E+04  0.5803980089E+05  0.0000000000E+00  0.0000000000E+00
L9 0.0000000000E+00  0.0000000000E+00  0.0000000000E+00  0.1037263162E+01  0.0000000000E+00
L0    85000  0.2800000000E+03  -.3519540057E+06  0.9260219139E+05
L1 0.2995598255E+03  0.2995598255E+03  -.4445561971E+12  0.1000000000E+01
L2 0.1000000000E+01  0.1243946485E+03  0.1243946485E+03  0.1243946485E+03
L3 0.1481786688E+07  0.2030929642E+03  -.2175551384E+03  -.1731944876E+03
L4 -.6255222061E+02  0.1245778872E+05  0.1236540177E+05  0.1254996388E+05
L5 0.3737315437E+05  0.1029189497E+05  0.1468552800E+05  0.1439700403E+05
L6 0.3937442700E+05  -.4445561971E+06  0.4424627967E+05  -.5907395518E+06
L7 0.0000000000E+00  0.4784222452E+04  0.1295916489E+05  0.2046754813E+05
L8 0.5741720489E+04  0.5798441906E+05  0.0000000000E+00  0.0000000000E+00
L9 0.0000000000E+00  0.0000000000E+00  0.0000000000E+00  0.1036470584E+01  0.0000000000E+00
L0    86000  0.2820000000E+03  -.3516199231E+06  0.9281060019E+05
L1 0.3002340094E+03  0.3002340094E+03  -.4444305233E+12  0.1000000000E+01
L2 0.1000000000E+01  0.1243530427E+03  0.1243530427E+03  0.1243530427E+03
L3 0.1480295484E+07  -.5204791599E+02  0.1416773185E+03  -.1664039395E+03
L4 -.2559151231E+02  0.1252731952E+05  0.1247636691E+05  0.1245428392E+05
L5 0.3745797035E+05  0.1308182819E+05  0.1096696351E+05  0.1422712007E+05
L6 0.3827591176E+05  -.4444305233E+06  0.4411064794E+05  -.5906557195E+06
L7 0.0000000000E+00  0.4828072616E+04  0.1304178201E+05  0.2045564953E+05
L8 0.5760124916E+04  0.5802891919E+05  0.0000000000E+00  0.0000000000E+00
L9 0.0000000000E+00  0.0000000000E+00  0.0000000000E+00  0.1037514692E+01  0.0000000000E+00
L0    87000  0.2840000000E+03  -.3515970457E+06  0.9258497365E+05
L1 0.2995041277E+03  0.2995041277E+03  -.4441820194E+12  0.1000000000E+01
L2 0.1000000000E+01  0.1243601837E+03  0.1243601837E+03  0.1243601837E+03
L3 0.1480547046E+07  -.1289218108E+03  -.5558158265E+02  0.1865591234E+03
L4 0.6852433162E+00  0.1248235894E+05  0.1227269636E+05  0.1237906983E+05
L5 0.3713412513E+05  0.1385610098E+05  0.1286495267E+05  0.1039116639E+05
L6 0.3711222005E+05  -.4441820194E+06  0.4421776114E+05  -.5906338015E+06
L7 0.0000000000E+00  0.4740174045E+04  0.1317351132E+05  0.2037764589E+05
L8 0.5790734293E+04  0.5815195548E+05  0.0000000000E+00  0.0000000000E+00
L9 0.0000000000E+00  0.0000000000E+00  0.0000000000E+00  0.1037338407E+01  0.0000000000E+00
L0    88000  0.2860000000E+03  -.3519209687E+06  0.9268764690E+05
L1 0.2998362665E+03  0.2998362665E+03  -.4446086156E+12  0.1000000000E+01
L2 0.1000000000E+01  0.1243287236E+03  0.1243287236E+03  0.1243287236E+03
L3 0.1479397840E+07  0.8244429079E+02  0.1357607288E+03  0.3718481214E+03
L4 0.1966843803E+03  0.1245752741E+05  0.1236701786E+05  0.1235906129E+05
L5 0.3718360657E+05  0.1157971413E+05  0.1092152577E+05  0.8399863923E+04
L6 0.3090110382E+05  -.4446086156E+06  0.4466560197E+05  -.5912975757E+06
L7 0.0000000000E+00  0.4794487784E+04  0.1314906173E+05  0.2036329650E+05
L8 0.5782549016E+04  0.5793396314E+05  0.0000000000E+00  0.0000000000E+00
L9 0.0000000000E+00  0.0000000000E+00  0.0000000000E+00  0.1038144218E+01  0.0000000000E+00
L0    89000  0.2880000000E+03  -.3517325297E+06  0.9295897472E+05
L1 0.3007139877E+03  0.3007139877E+03  -.4446915045E+12  0.1000000000E+01
L2 0.1000000000E+01  0.1243394845E+03  0.1243394845E+03  0.1243394845E+03
L3 0.1479795940E+07  0.1532033799E+03  -.7890528035E+02  0.1990905602E+03
L4 0.9112955326E+02  0.1244050178E+05  0.1246738793E+05  0.1251008196E+05
L5 0.3741797168E+05  0.1080885271E+05  0.1330774620E+05  0.1038972451E+05
L6 0.3450632343E+05  -.4446915045E+06  0.4459407765E+05  -.5912238216E+06
L7 0.0000000000E+00  0.4789747462E+04  0.1295818682E+05  0.2046250662E+05
L8 0.5761452995E+04  0.5796634554E+05  0.0000000000E+00  0.0000000000E+00
L9 0.0000000000E+00  0.0000000000E+00  0.0000000000E+00  0.1037864933E+01  0.0000000000E+00
L0    90000  0.2900000000E+03  -.3515478437E+06  0.9285904725E+05
L1 0.3003907313E+03  0.3003907313E+03  -.4444068910E+12  0.1000000000E+01
L2 0.1000000000E+01  0.1243564514E+03  0.1243564514E+03  0.1243564514E+03
L3 0.1480408915E+07  0.1338600960E+03  0.4238464491E+01  -.2626386642E+02
L4 0.3727823137E+02  0.1240647426E+05  0.1236822626E+05  0.1241605097E+05
L5 0.3719075150E+05  0.1098024480E+05  0.1232306700E+05  0.1269588268E+05
L6 0.3599919449E+05  -.4444068910E+06  0.4471189557E+05  -.5910525439E+06
L7 0.0000000000E+00  0.4795677186E+04  0.1308920173E+05  0.2043343148E+05
L8 0.5747049477E+04  0.5786839752E+05  0.0000000000E+00  0.0000000000E+00
L9 0.0000000000E+00  0.0000000000E+00  0.0000000000E+00  0.1037435197E+01  0.0000000000E+00
L0    91000  0.2920000000E+03  -.3524134694E+06  0.9244064317E+05
L1 0.2990372314E+03  0.2990372314E+03  -.4448541125E+12  0.1000000000E+01
L2 0.1000000000E+01  0.1242848223E+03  0.1242848223E+03  0.1242848223E+03
L3 0.1477859568E+07  0.4350849950E+02  0.7391531181E+02  -.1721034677E+03
L4 -.1822655212E+02  0.1238431571E+05  0.1241218225E+05  0.1245929468E+05
L5 0.3725579264E+05  0.1192154714E+05  0.1162599832E+05  0.1428983529E+05
L6 0.3783738076E+05  -.4448541125E+06  0.4383810475E+05  -.5908371896E+06
L7 0.0000000000E+00  0.4666269688E+04  0.1323222424E+05  0.2048754808E+05
L8 0.5734751551E+04  0.5802417879E+05  0.0000000000E+00  0.0000000000E+00
L9 0.0000000000E+00  0.0000000000E+00  0.0000000000E+00  0.1039224800E+01  0.0000000000E+00
L0    92000  0.2940000000E+03  -.3516747933E+06  0.9257771793E+05
L1 0.2994806561E+03  0.2994806561E+03  -.4442525112E+12  0.1000000000E+01
L2 0.1000000000E+01  0.1243378099E+03  0.1243378099E+03  0.1243378099E+03
L3 0.1479742756E+07  0.2464501767E+03  0.2613804316E+02  -.1493363257E+03
L4 0.4108396471E+02  0.1246491658E+05  0.1235964513E+05  0.1251631769E+05
L5 0.3734087939E+05  0.9840263328E+04  0.1208127933E+05  0.1410672463E+05
L6 0.3602826729E+05  -.4442525112E+06  0.4456534608E+05  -.5908713216E+06
L7 0.0000000000E+00  0.4825665158E+04  0.1299002385E+05  0.2037581660E+05
L8 0.5805501799E+04  0.5805645688E+05  0.0000000000E+00  0.0000000000E+00
L9 0.0000000000E+00  0.0000000000E+00  0.0000000000E+00  0.1037902235E+01  0.0000000000E+00
L0    93000  0.2960000000E+03  -.3514381154E+06  0.9293462188E+05
L1 0.3006352085E+03  0.3006352085E+03  -.4443727373E+12  0.1000000000E+01
L2 0.1000000000E+01  0.1243642570E+03  0.1243642570E+03  0.1243642570E+03
L3 0.1480684739E+07  0.1005459234E+03  0.1499239326E+03  -.7137322464E+02
L4 0.5969887710E+02  0.1254456036E+05  0.1235057371E+05  0.1249679641E+05
L5 0.3739193048E+05  0.1147308140E+05  0.1075289243E+05  0.1325739322E+05
L6 0.3548336705E+05  -.4443727373E+06  0.4411606235E+05  -.5904692186E+06
L7 0.0000000000E+00  0.4708768023E+04  0.1303063621E+05  0.2033576661E+05
L8 0.5763484222E+04  0.5814176395E+05  0.0000000000E+00  0.0000000000E+00
L9 0.0000000000E+00  0.0000000000E+00  0.0000000000E+00  0.1037241942E+01  0.0000000000E+00
L0    94000  0.2980000000E+03  -.3510112479E+06  0.9292045884E+05
L1 0.3005893923E+03  0.3005893923E+03  -.4439317067E+12  0.1000000000E+01
L2 0.1000000000E+01  0.1244002961E+03  0.1244002961E+03  0.1244002961E+03
L3 0.1481960178E+07  0.1433172409E+03  0.1041626395E+02  0.3018179549E+03
L4 0.1518504866E+03  0.1259678110E+05  0.1246291137E+05  0.1257973999E+05
L5 0.3763943246E+05  0.1106818920E+05  0.1235181367E+05  0.9360612431E+04
L6 0.3278061530E+05  -.4439317067E+06  0.4423320153E+05  -.5902478226E+06
L7 0.0000000000E+00  0.4862118278E+04  0.1306514382E+05  0.2046517156E+05
L8 0.5738575697E+04  0.5795190497E+05  0.0000000000E+00  0.0000000000E+00
L9 0.0000000000E+00  0.0000000000E+00  0.0000000000E+00  0.1036349247E+01  0.0000000000E+00
L0    95000  0.3000000000E+03  -.3518694755E+06  0.9315134909E+05
L1 0.3013363017E+03  0.3013363017E+03  -.4450208246E+12  0.1000000000E+01
L2 0.1000000000E+01  0.1243385240E+03  0.1243385240E+03  0.1243385240E+03
L3 0.1479783158E+07  -.5892022637E+02  0.7741515200E+01  -.1643489570E+03
L4 -.7184255604E+02  0.1262054588E+05  0.1256982139E+05  0.1249851456E+05
L5 0.3768888183E+05  0.1324805359E+05  0.1248737329E+05  0.1424885132E+05
L6 0.3998427820E+05  -.4450208246E+06  0.4442326658E+05  -.5915415706E+06
L7 0.0000000000E+00  0.4766841303E+04  0.1309762304E+05  0.2043605818E+05
L8 0.5785650865E+04  0.5801130602E+05  0.0000000000E+00  0.0000000000E+00
L9 0.0000000000E+00  0.0000000000E+00  0.0000000000E+00  0.1037873898E+01  0.0000000000E+00
L0    96000  0.3020000000E+03  -.3519279639E+06  0.9275464673E+05
L1 0.3000530049E+03  0.3000530049E+03  -.4446826106E+12  0.1000000000E+01
L2 0.1000000000E+01  0.1243659483E+03  0.1243659483E+03  0.1243659483E+03
L3 0.1480751127E+07  0.1547157258E+03  0.3717820398E+02  -.1485388566E+03
L4 0.1445169104E+02  0.1237044402E+05  0.1242926293E+05  0.1239757922E+05
L5 0.3719728617E+05  0.1072162454E+05  0.1203305144E+05  0.1398057125E+05
L6 0.3673524723E+05  -.4446826106E+06  0.4398679319E+05  -.5907460342E+06
L7 0.0000000000E+00  0.4836148257E+04  0.1290729897E+05  0.2050588726E+05
L8 0.5832299717E+04  0.5799499620E+05  0.0000000000E+00  0.0000000000E+00
L9 0.0000000000E+00  0.0000000000E+00  0.0000000000E+00  0.1037195438E+01  0.0000000000E+00
L0    97000  0.3040000000E+03  -.3521309492E+06  0.9266434818E+05
L1 0.2997608972E+03  0.2997608972E+03  -.4447952974E+12  0.1000000000E+01
L2 0.1000000000E+01  0.1243414581E+03  0.1243414581E+03  0.1243414581E+03
L3 0.1479881184E+07  -.1688434727E+03  0.1536986255E+02  0.9097178779E+02
L4 -.2083394077E+02  0.1245082839E+05  0.1257830713E+05  0.1245513275E+05
L5 0.3748426827E+05  0.1424915141E+05  0.1241460535E+05  0.1148620776E+05
L6 0.3814996452E+05  -.4447952974E+06  0.4402465007E+05  -.5907576658E+06
L7 0.0000000000E+00  0.4833119767E+04  0.1305040946E+05  0.2038004495E+05
L8 0.5757801605E+04  0.5791634256E+05  0.0000000000E+00  0.0000000000E+00
L9 0.0000000000E+00  0.0000000000E+00  0.0000000000E+00  0.1037805150E+01  0.0000000000E+00
L0    98000  0.3060000000E+03  -.3518985762E+06  0.9269837219E+05
L1 0.2998709618E+03  0.2998709618E+03  -.4445969484E+12  0.1000000000E+01
L2 0.1000000000E+01  0.1243351543E+03  0.1243351543E+03  0.1243351543E+03
L3 0.1479664213E+07  0.4211323010E+02  -.1437878077E+03  -.1448462189E+03
L4 -.8217359884E+02  0.1224233037E+05  0.1242834343E+05  0.1248293852E+05
L5 0.3715361232E+05  0.1179385530E+05  0.1395957831E+05  0.1402544470E+05
L6 0.3977887831E+05  -.4445969484E+06  0.4400480214E+05  -.5905515177E+06
L7 0.0000000000E+00  0.4730350073E+04  0.1310011241E+05  0.2037678938E+05
L8 0.5780754898E+04  0.5796176046E+05  0.0000000000E+00  0.0000000000E+00
L9 0.0000000000E+00  0.0000000000E+00  0.0000000000E+00  0.1037957329E+01  0.0000000000E+00
L0    99000  0.3080000000E+03  -.3519172239E+06  0.9289018352E+05
L1 0.3004914544E+03  0.3004914544E+03  -.4448074074E+12  0.1000000000E+01
L2 0.1000000000E+01  0.1243755340E+03  0.1243755340E+03  0.1243755340E+03
L3 0.1481091084E+07  0.4557829328E+02  0.1287625869E+03  -.7507428833E+02
L4 0.3308886394E+02  0.1251514245E+05  0.1258386558E+05  0.1251246610E+05
L5 0.3761147413E+05  0.1202929894E+05  0.1121131600E+05  0.1331272327E+05
L6 0.3655333821E+05  -.4448074074E+06  0.4418203993E+05  -.5907259550E+06
L7 0.0000000000E+00  0.4814744864E+04  0.1289010578E+05  0.2039499140E+05
L8 0.5733583653E+04  0.5790308199E+05  0.0000000000E+00  0.0000000000E+00
L9 0.0000000000E+00  0.0000000000E+00  0.0000000000E+00  0.1036957369E+01  0.0000000000E+00
L0   100000  0.3100000000E+03  -.3514852253E+06  0.9265788043E+05
L1 0.2997399746E+03  0.2997399746E+03  -.4441431058E+12  0.1000000000E+01
L2 0.1000000000E+01  0.1243990999E+03  0.1243990999E+03  0.1243990999E+03
L3 0.1481931871E+07  0.1702703340E+03  0.5918928323E+02  -.1016988874E+03
L4 0.4258690991E+02  0.1242489932E+05  0.1246130436E+05  0.1249261587E+05
L5 0.3737881955E+05  0.1060886603E+05  0.1183001583E+05  0.1357729434E+05
L6 0.3601617620E+05  -.4441431058E+06  0.4384822738E+05  -.5899294368E+06
L7 0.0000000000E+00  0.4762982850E+04  0.1316033405E+05  0.2038131286E+05
L8 0.5745159290E+04  0.5788831460E+05  0.0000000000E+00  0.0000000000E+00
L9 0.0000000000E+00  0.0000000000E+00  0.0000000000E+00  0.1036369042E+01  0.0000000000E+00
