L0  Nsteps           time(ps)         Etot             EKinetic        
L1  Temp             T_solute         T_solv           Pres_scal_solu  
L2  Pres_scal_solv   BoxX             BoxY             BoxZ            
L3  volume           pres_X           pres_Y           pres_Z          
L4  Pressure         EKCoM_x          EKCoM_y          EKCoM_z         
L5  EKComTot         VIRIAL_x         VIRIAL_y         VIRIAL_z        
L6  VIRIAL_tot       E_pot            E_vdw            E_el            
L7  E_hbon           E_bon            E_angle          E_dih           
L8  E_14vdw          E_14el           E_const          E_pol           
L9  AV_permMoment    AV_indMoment     AV_totMoment     Density          dV/dlambda      
L0     1000  0.1120000000E+03  -.3508321182E+06  0.9306856153E+05
L1 0.3006790157E+03  0.3006790157E+03  -.4439006797E+12  0.1000000000E+01
L2 0.1000000000E+01  0.1238802322E+03  0.9764252979E+02  0.1227480825E+03
L3 0.1484748128E+07  0.2936897157E+03  -.6803412681E+02  0.6853601038E+01
L4 0.7750306330E+02  0.1249696978E+05  0.1236143584E+05  0.1258182499E+05
L5 0.3744023061E+05  0.9358643412E+04  0.1308843881E+05  0.1250858839E+05
L6 0.3495567061E+05  -.4439006797E+06  0.4374232991E+05  -.5899099817E+06
L7 0.0000000000E+00  0.4825903310E+04  0.1313079678E+05  0.2026113567E+05
L8 0.5748970728E+04  0.5830016561E+05  0.0000000000E+00  0.0000000000E+00
L9 0.0000000000E+00  0.0000000000E+00  0.0000000000E+00  0.1035790157E+01  0.0000000000E+00
L0     2000  0.1140000000E+03  -.3519619150E+06  0.9248937705E+05
L1 0.2988078294E+03  0.2988078294E+03  -.4444512921E+12  0.1000000000E+01
L2 0.1000000000E+01  0.1238845756E+03  0.9764595323E+02  0.1227523862E+03
L3 0.1484925502E+07  -.2391411238E+03  0.8402125887E+01  -.1686137045E+02
L4 -.8253345614E+02  0.1249799724E+05  0.1240547295E+05  0.1246102200E+05
L5 0.3736449218E+05  0.1505373042E+05  0.1231567830E+05  0.1264122172E+05
L6 0.4001063044E+05  -.4444512921E+06  0.4402026955E+05  -.5906623783E+06
L7 0.0000000000E+00  0.4731747143E+04  0.1306076264E+05  0.2032492426E+05
L8 0.5799939167E+04  0.5827344340E+05  0.0000000000E+00  0.0000000000E+00
L9 0.0000000000E+00  0.0000000000E+00  0.0000000000E+00  0.1035666432E+01  0.0000000000E+00
L0     3000  0.1160000000E+03  -.3517246748E+06  0.9297027907E+05
L1 0.3003614920E+03  0.3003614920E+03  -.4446949538E+12  0.1000000000E+01
L2 0.1000000000E+01  0.1239308002E+03  0.9768238753E+02  0.1227981883E+03
L3 0.1486575941E+07  -.4256814349E+02  0.1605936129E+03  -.8561883596E+02
L4 0.1080221116E+02  0.1256665528E+05  0.1246925878E+05  0.1255477081E+05
L5 0.3759068486E+05  0.1302209236E+05  0.1075106576E+05  0.1347080777E+05
L6 0.3724396590E+05  -.4446949538E+06  0.4445606880E+05  -.5912536391E+06
L7 0.0000000000E+00  0.4806103674E+04  0.1301289366E+05  0.2033483153E+05
L8 0.5798235274E+04  0.5815055239E+05  0.0000000000E+00  0.0000000000E+00
L9 0.0000000000E+00  0.0000000000E+00  0.0000000000E+00  0.1034516606E+01  0.0000000000E+00
L0     4000  0.1180000000E+03  -.3521102506E+06  0.9277879601E+05
L1 0.2997428627E+03  0.2997428627E+03  -.4448890466E+12  0.1000000000E+01
L2 0.1000000000E+01  0.1239246344E+03  0.9767752763E+02  0.1227920789E+03
L3 0.1486350947E+07  0.9002378522E+02  -.1541086837E+03  0.1671858922E+03
L4 0.3436699789E+02  0.1250274203E+05  0.1234260447E+05  0.1247813659E+05
L5 0.3732348308E+05  0.1153972223E+05  0.1399116559E+05  0.1068968343E+05
L6 0.3622057125E+05  -.4448890466E+06  0.4473001375E+05  -.5918684915E+06
L7 0.0000000000E+00  0.4744537643E+04  0.1314608168E+05  0.2033426390E+05
L8 0.5815846187E+04  0.5820870165E+05  0.0000000000E+00  0.0000000000E+00
L9 0.0000000000E+00  0.0000000000E+00  0.0000000000E+00  0.1034673204E+01  0.0000000000E+00
L0     5000  0.1200000000E+03  -.3519648449E+06  0.9279582662E+05
L1 0.2997978840E+03  0.2997978840E+03  -.4447606716E+12  0.1000000000E+01
L2 0.1000000000E+01  0.1239239576E+03  0.9767699420E+02  0.1227914083E+03
L3 0.1486321993E+07  -.1257724016E+03  0.1747239571E+03  0.1582959366E+03
L4 0.6908249739E+02  0.1244712067E+05  0.1245206885E+05  0.1256962559E+05
L5 0.3746881511E+05  0.1379253125E+05  0.1058301445E+05  0.1087630476E+05
L6 0.3525185046E+05  -.4447606716E+06  0.4484807257E+05  -.5916734355E+06
L7 0.0000000000E+00  0.4846171960E+04  0.1309888775E+05  0.2024407858E+05
L8 0.5782803630E+04  0.5809274949E+05  0.0000000000E+00  0.0000000000E+00
L9 0.0000000000E+00  0.0000000000E+00  0.0000000000E+00  0.1034693360E+01  0.0000000000E+00
L0     6000  0.1220000000E+03  -.3519114159E+06  0.9284143693E+05
L1 0.2999452384E+03  0.2999452384E+03  -.4447528528E+12  0.1000000000E+01
L2 0.1000000000E+01  0.1239000516E+03  0.9765815146E+02  0.1227677207E+03
L3 0.1485470494E+07  -.4889989342E+02  -.5181045050E+02  0.1153080443E+03
L4 0.4865900119E+01  0.1239195722E+05  0.1253963110E+05  0.1255499738E+05
L5 0.3748658570E+05  0.1291474873E+05  0.1309353953E+05  0.1132223261E+05
L6 0.3733052087E+05  -.4447528528E+06  0.4455841333E+05  -.5915399555E+06
L7 0.0000000000E+00  0.4757631774E+04  0.1321174547E+05  0.2034833060E+05
L8 0.5794123561E+04  0.5811685790E+05  0.0000000000E+00  0.0000000000E+00
L9 0.0000000000E+00  0.0000000000E+00  0.0000000000E+00  0.1035286465E+01  0.0000000000E+00
L0     7000  0.1240000000E+03  -.3520211366E+06  0.9292966601E+05
L1 0.3002302824E+03  0.3002302824E+03  -.4449508026E+12  0.1000000000E+01
L2 0.1000000000E+01  0.1238923760E+03  0.9765210152E+02  0.1227601153E+03
L3 0.1485185685E+07  -.1575045024E+03  0.2566046037E+02  0.3446150614E+03
L4 0.7092367310E+02  0.1243487324E+05  0.1250651085E+05  0.1254478770E+05
L5 0.3748617180E+05  0.1411843987E+05  0.1223222603E+05  0.8861195124E+04
L6 0.3521186102E+05  -.4449508026E+06  0.4400038227E+05  -.5910229184E+06
L7 0.0000000000E+00  0.4780169298E+04  0.1307649293E+05  0.2023380200E+05
L8 0.5764295951E+04  0.5821697334E+05  0.0000000000E+00  0.0000000000E+00
L9 0.0000000000E+00  0.0000000000E+00  0.0000000000E+00  0.1035484999E+01  0.0000000000E+00
L0     8000  0.1260000000E+03  -.3517548131E+06  0.9313315533E+05
L1 0.3008877006E+03  0.3008877006E+03  -.4448879684E+12  0.1000000000E+01
L2 0.1000000000E+01  0.1238790837E+03  0.9764162452E+02  0.1227469445E+03
L3 0.1484706895E+07  0.2241494852E+03  0.7644407158E+02  -.6950053633E+02
L4 0.7703100680E+02  0.1245968202E+05  0.1254002218E+05  0.1251518551E+05
L5 0.3751488971E+05  0.1006451915E+05  0.1172317443E+05  0.1325783769E+05
L6 0.3504553128E+05  -.4448879684E+06  0.4439371029E+05  -.5910827177E+06
L7 0.0000000000E+00  0.4729179511E+04  0.1280723960E+05  0.2023906685E+05
L8 0.5833842698E+04  0.5819171038E+05  0.0000000000E+00  0.0000000000E+00
L9 0.0000000000E+00  0.0000000000E+00  0.0000000000E+00  0.1035818923E+01  0.0000000000E+00
L0     9000  0.1280000000E+03  -.3519134116E+06  0.9292555394E+05
L1 0.3002169974E+03  0.3002169974E+03  -.4448389655E+12  0.1000000000E+01
L2 0.1000000000E+01  0.1238559573E+03  0.9762339624E+02  0.1227240294E+03
L3 0.1483863407E+07  0.1017875211E+03  0.2317790502E+03  0.1722938822E+03
L4 0.1686201511E+03  0.1238961591E+05  0.1257781906E+05  0.1251248128E+05
L5 0.3747991626E+05  0.1130257712E+05  0.1010253706E+05  0.1067247052E+05
L6 0.3207758471E+05  -.4448389655E+06  0.4454723109E+05  -.5912876598E+06
L7 0.0000000000E+00  0.4764993618E+04  0.1287619583E+05  0.2021565938E+05
L8 0.5779580633E+04  0.5826503375E+05  0.0000000000E+00  0.0000000000E+00
L9 0.0000000000E+00  0.0000000000E+00  0.0000000000E+00  0.1036407724E+01  0.0000000000E+00
L0    10000  0.1300000000E+03  -.3510422197E+06  0.9325687111E+05
L1 0.3012873924E+03  0.3012873924E+03  -.4442990908E+12  0.1000000000E+01
L2 0.1000000000E+01  0.1238762035E+03  0.9763935434E+02  0.1227440906E+03
L3 0.1484610333E+07  -.1556934172E+02  0.1746890024E+03  -.8648209742E+02
L4 0.2421252107E+02  0.1254958028E+05  0.1256286026E+05  0.1241988811E+05
L5 0.3753232865E+05  0.1271593661E+05  0.1069633177E+05  0.1334393769E+05
L6 0.3675620606E+05  -.4442990908E+06  0.4397641474E+05  -.5904456055E+06
L7 0.0000000000E+00  0.4921055483E+04  0.1304367940E+05  0.2025547432E+05
L8 0.5789254573E+04  0.5816063615E+05  0.0000000000E+00  0.0000000000E+00
L9 0.0000000000E+00  0.0000000000E+00  0.0000000000E+00  0.1035886294E+01  0.0000000000E+00
L0    11000  0.1320000000E+03  -.3516600989E+06  0.9296795538E+05
L1 0.3003539848E+03  0.3003539848E+03  -.4446280542E+12  0.1000000000E+01
L2 0.1000000000E+01  0.1238682375E+03  0.9763307556E+02  0.1227361974E+03
L3 0.1484340940E+07  -.2757346843E+03  0.3131979018E+02  -.6805249572E+02
L4 -.1041557966E+03  0.1254502396E+05  0.1252219638E+05  0.1245634556E+05
L5 0.3752356590E+05  0.1549067737E+05  0.1218760935E+05  0.1318334538E+05
L6 0.4086163210E+05  -.4446280542E+06  0.4394872537E+05  -.5908391268E+06
L7 0.0000000000E+00  0.4824168959E+04  0.1323389064E+05  0.2024354704E+05
L8 0.5761547312E+04  0.5819919325E+05  0.0000000000E+00  0.0000000000E+00
L9 0.0000000000E+00  0.0000000000E+00  0.0000000000E+00  0.1036074297E+01  0.0000000000E+00
L0    12000  0.1340000000E+03  -.3520622794E+06  0.9259497759E+05
L1 0.2991489958E+03  0.2991489958E+03  -.4446572570E+12  0.1000000000E+01
L2 0.1000000000E+01  0.1238882496E+03  0.9764884907E+02  0.1227560266E+03
L3 0.1485052102E+07  -.1798486794E+03  0.7176932916E+02  -.1458177214E+02
L4 -.4088704079E+02  0.1249379835E+05  0.1242233279E+05  0.1239257044E+05
L5 0.3730870158E+05  0.1441602912E+05  0.1165525897E+05  0.1254842108E+05
L6 0.3861970917E+05  -.4446572570E+06  0.4419627820E+05  -.5910766851E+06
L7 0.0000000000E+00  0.4865817574E+04  0.1314673920E+05  0.2018566781E+05
L8 0.5779389796E+04  0.5824553552E+05  0.0000000000E+00  0.0000000000E+00
L9 0.0000000000E+00  0.0000000000E+00  0.0000000000E+00  0.1035578142E+01  0.0000000000E+00
L0    13000  0.1360000000E+03  -.3520154027E+06  0.9281031469E+05
L1 0.2998446909E+03  0.2998446909E+03  -.4448257174E+12  0.1000000000E+01
L2 0.1000000000E+01  0.1239042671E+03  0.9766147409E+02  0.1227718977E+03
L3 0.1485625825E+07  -.8808316124E+02  0.9067782154E+02  -.7186319745E+02
L4 -.2308951238E+02  0.1251609594E+05  0.1253113801E+05  0.1239563043E+05
L5 0.3744286439E+05  0.1345789644E+05  0.1156159496E+05  0.1316400425E+05
L6 0.3818349564E+05  -.4448257174E+06  0.4427566994E+05  -.5912675930E+06
L7 0.0000000000E+00  0.4862935613E+04  0.1302522104E+05  0.2019724524E+05
L8 0.5773487676E+04  0.5830731602E+05  0.0000000000E+00  0.0000000000E+00
L9 0.0000000000E+00  0.0000000000E+00  0.0000000000E+00  0.1035178220E+01  0.0000000000E+00
L0    14000  0.1380000000E+03  -.3521064300E+06  0.9276195987E+05
L1 0.2996884698E+03  0.2996884698E+03  -.4448683898E+12  0.1000000000E+01
L2 0.1000000000E+01  0.1239142115E+03  0.9766931227E+02  0.1227817512E+03
L3 0.1485974250E+07  -.2667134346E+03  0.9447839147E+02  0.3136088596E+03
L4 0.4712460547E+02  0.1241561005E+05  0.1245162382E+05  0.1243680929E+05
L5 0.3730404316E+05  0.1526802534E+05  0.1144120749E+05  0.9082862355E+04
L6 0.3579209519E+05  -.4448683898E+06  0.4388137761E+05  -.5907663406E+06
L7 0.0000000000E+00  0.4691245721E+04  0.1307731778E+05  0.2024676960E+05
L8 0.5815529860E+04  0.5818571022E+05  0.0000000000E+00  0.0000000000E+00
L9 0.0000000000E+00  0.0000000000E+00  0.0000000000E+00  0.1034935495E+01  0.0000000000E+00
L0    15000  0.1400000000E+03  -.3519411135E+06  0.9298212640E+05
L1 0.3003997675E+03  0.3003997675E+03  -.4449232399E+12  0.1000000000E+01
L2 0.1000000000E+01  0.1239046525E+03  0.9766177785E+02  0.1227722795E+03
L3 0.1485631301E+07  0.6800452394E+01  0.1387909414E+03  -.2500422393E+02
L4 0.4019572330E+02  0.1253561451E+05  0.1253817310E+05  0.1257750884E+05
L5 0.3765129644E+05  0.1246290262E+05  0.1105419073E+05  0.1284485934E+05
L6 0.3636195268E+05  -.4449232399E+06  0.4435617607E+05  -.5912433615E+06
L7 0.0000000000E+00  0.4739894437E+04  0.1300651582E+05  0.2029463589E+05
L8 0.5775818835E+04  0.5814708055E+05  0.0000000000E+00  0.0000000000E+00
L9 0.0000000000E+00  0.0000000000E+00  0.0000000000E+00  0.1035174404E+01  0.0000000000E+00
L0    16000  0.1420000000E+03  -.3521311985E+06  0.9292432939E+05
L1 0.3002130412E+03  0.3002130412E+03  -.4450555279E+12  0.1000000000E+01
L2 0.1000000000E+01  0.1238245685E+03  0.9759865559E+02  0.1226929275E+03
L3 0.1482743213E+07  0.4551603919E+03  -.1278072477E+03  0.4221429770E+01
L4 0.1105248580E+03  0.1251649078E+05  0.1247463653E+05  0.1254498425E+05
L5 0.3753611156E+05  0.7659279583E+04  0.1383852233E+05  0.1249993556E+05
L6 0.3399773748E+05  -.4450555279E+06  0.4397577986E+05  -.5912868209E+06
L7 0.0000000000E+00  0.4858025055E+04  0.1306082930E+05  0.2021842441E+05
L8 0.5811212247E+04  0.5830702206E+05  0.0000000000E+00  0.0000000000E+00
L9 0.0000000000E+00  0.0000000000E+00  0.0000000000E+00  0.1037190718E+01  0.0000000000E+00
L0    17000  0.1440000000E+03  -.3522049806E+06  0.9279450609E+05
L1 0.2997936177E+03  0.2997936177E+03  -.4449994867E+12  0.1000000000E+01
L2 0.1000000000E+01  0.1238008198E+03  0.9757993684E+02  0.1226693958E+03
L3 0.1481902889E+07  0.1651973034E+03  -.1544779092E+03  0.3368810593E+02
L4 0.1480250003E+02  0.1247271515E+05  0.1237804603E+05  0.1244930417E+05
L5 0.3730006535E+05  0.1071082317E+05  0.1402561161E+05  0.1209000772E+05
L6 0.3682644249E+05  -.4449994867E+06  0.4437010430E+05  -.5913273592E+06
L7 0.0000000000E+00  0.4744143007E+04  0.1311170506E+05  0.2029432658E+05
L8 0.5790246296E+04  0.5801734734E+05  0.0000000000E+00  0.0000000000E+00
L9 0.0000000000E+00  0.0000000000E+00  0.0000000000E+00  0.1037778864E+01  0.0000000000E+00
L0    18000  0.1460000000E+03  -.3517352343E+06  0.9320746396E+05
L1 0.3011277714E+03  0.3011277714E+03  -.4449426983E+12  0.1000000000E+01
L2 0.1000000000E+01  0.1238074108E+03  0.9758513184E+02  0.1226759266E+03
L3 0.1482133380E+07  0.1135243019E+03  -.1161255629E+03  0.1878013532E+03
L4 0.6173336410E+02  0.1239728484E+05  0.1252612185E+05  0.1258826754E+05
L5 0.3751167422E+05  0.1118631672E+05  0.1376483771E+05  0.1058498325E+05
L6 0.3553613768E+05  -.4449426983E+06  0.4425042233E+05  -.5912633470E+06
L7 0.0000000000E+00  0.4712256066E+04  0.1304909828E+05  0.2025398848E+05
L8 0.5807826685E+04  0.5824705688E+05  0.0000000000E+00  0.0000000000E+00
L9 0.0000000000E+00  0.0000000000E+00  0.0000000000E+00  0.1037617476E+01  0.0000000000E+00
L0    19000  0.1480000000E+03  -.3520138343E+06  0.9280623694E+05
L1 0.2998315169E+03  0.2998315169E+03  -.4448200712E+12  0.1000000000E+01
L2 0.1000000000E+01  0.1238063686E+03  0.9758431041E+02  0.1226748939E+03
L3 0.1482087163E+07  0.3269917843E+03  -.1811490318E+01  0.5947149498E+02
L4 0.1282172630E+03  0.1238931342E+05  0.1242047165E+05  0.1257040097E+05
L5 0.3738018604E+05  0.8901388185E+04  0.1243979429E+05  0.1193603602E+05
L6 0.3327721849E+05  -.4448200712E+06  0.4443398444E+05  -.5913198907E+06
L7 0.0000000000E+00  0.4659692773E+04  0.1304204036E+05  0.2029858268E+05
L8 0.5783234657E+04  0.5828228455E+05  0.0000000000E+00  0.0000000000E+00
L9 0.0000000000E+00  0.0000000000E+00  0.0000000000E+00  0.1037649833E+01  0.0000000000E+00
L0    20000  0.1500000000E+03  -.3514293146E+06  0.9291600606E+05
L1 0.3001861508E+03  0.3001861508E+03  -.4443453207E+12  0.1000000000E+01
L2 0.1000000000E+01  0.1238273133E+03  0.9760081908E+02  0.1226956472E+03
L3 0.1482849169E+07  0.2760259857E+02  0.1198184954E+03  0.1745865079E+02
L4 0.5495991493E+02  0.1253760266E+05  0.1245861038E+05  0.1241956945E+05
L5 0.3741578248E+05  0.1224302248E+05  0.1117988460E+05  0.1223324740E+05
L6 0.3565615448E+05  -.4443453207E+06  0.4400227343E+05  -.5905286282E+06
L7 0.0000000000E+00  0.4754001345E+04  0.1314548222E+05  0.2029062643E+05
L8 0.5848936199E+04  0.5814198785E+05  0.0000000000E+00  0.0000000000E+00
L9 0.0000000000E+00  0.0000000000E+00  0.0000000000E+00  0.1037116605E+01  0.0000000000E+00
L0    21000  0.1520000000E+03  -.3520840564E+06  0.9273268904E+05
L1 0.2995939037E+03  0.2995939037E+03  -.4448167454E+12  0.1000000000E+01
L2 0.1000000000E+01  0.1238600180E+03  0.9762659691E+02  0.1227280530E+03
L3 0.1484029473E+07  -.1495811643E+03  -.3613265420E+02  0.2357881833E+03
L4 0.1669145495E+02  0.1239526734E+05  0.1263701132E+05  0.1242125056E+05
L5 0.3745352922E+05  0.1399289664E+05  0.1302293282E+05  0.9902871251E+04
L6 0.3691870071E+05  -.4448167454E+06  0.4493638256E+05  -.5918308193E+06
L7 0.0000000000E+00  0.4764303617E+04  0.1311384700E+05  0.2026406644E+05
L8 0.5787290995E+04  0.5814818323E+05  0.0000000000E+00  0.0000000000E+00
L9 0.0000000000E+00  0.0000000000E+00  0.0000000000E+00  0.1036291748E+01  0.0000000000E+00
L0    22000  0.1540000000E+03  -.3520013935E+06  0.9303004861E+05
L1 0.3005545910E+03  0.3005545910E+03  -.4450314421E+12  0.1000000000E+01
L2 0.1000000000E+01  0.1238508625E+03  0.9761938056E+02  0.1227189812E+03
L3 0.1483691504E+07  0.1409152887E+02  0.8812537850E+02  0.1497072732E+03
L4 0.8397472686E+02  0.1253271618E+05  0.1259859267E+05  0.1254838717E+05
L5 0.3767969602E+05  0.1238224327E+05  0.1165756762E+05  0.1094977509E+05
L6 0.3498958599E+05  -.4450314421E+06  0.4411840629E+05  -.5910796582E+06
L7 0.0000000000E+00  0.4733797216E+04  0.1309494340E+05  0.2030501410E+05
L8 0.5752498630E+04  0.5804355648E+05  0.0000000000E+00  0.0000000000E+00
L9 0.0000000000E+00  0.0000000000E+00  0.0000000000E+00  0.1036527804E+01  0.0000000000E+00
L0    23000  0.1560000000E+03  -.3523622773E+06  0.9297844470E+05
L1 0.3003878730E+03  0.3003878730E+03  -.4453407220E+12  0.1000000000E+01
L2 0.1000000000E+01  0.1238541925E+03  0.9762200528E+02  0.1227222808E+03
L3 0.1483813257E+07  0.5624996825E+02  -.1313094334E+03  0.2799957753E+03
L4 0.6831210338E+02  0.1255136382E+05  0.1245096139E+05  0.1236244889E+05
L5 0.3736477410E+05  0.1195066316E+05  0.1385323175E+05  0.9372337927E+04
L6 0.3517623283E+05  -.4453407220E+06  0.4438168902E+05  -.5917846426E+06
L7 0.0000000000E+00  0.4771381180E+04  0.1293019451E+05  0.2029499292E+05
L8 0.5770101585E+04  0.5829556138E+05  0.0000000000E+00  0.0000000000E+00
L9 0.0000000000E+00  0.0000000000E+00  0.0000000000E+00  0.1036442753E+01  0.0000000000E+00
L0    24000  0.1580000000E+03  -.3518289986E+06  0.9247130349E+05
L1 0.2987494387E+03  0.2987494387E+03  -.4443003021E+12  0.1000000000E+01
L2 0.1000000000E+01  0.1238450266E+03  0.9761478066E+02  0.1227131986E+03
L3 0.1483493075E+07  -.5731537043E+02  -.3757462520E+02  0.9062878635E+02
L4 -.1420403096E+01  0.1238717020E+05  0.1241546921E+05  0.1240658137E+05
L5 0.3720922078E+05  0.1299911635E+05  0.1281664689E+05  0.1143895372E+05
L6 0.3725471697E+05  -.4443003021E+06  0.4423510342E+05  -.5910529910E+06
L7 0.0000000000E+00  0.4878171203E+04  0.1324361802E+05  0.2033802098E+05
L8 0.5776336963E+04  0.5828143832E+05  0.0000000000E+00  0.0000000000E+00
L9 0.0000000000E+00  0.0000000000E+00  0.0000000000E+00  0.1036666448E+01  0.0000000000E+00
L0    25000  0.1600000000E+03  -.3515360420E+06  0.9306500977E+05
L1 0.3006675410E+03  0.3006675410E+03  -.4446010517E+12  0.1000000000E+01
L2 0.1000000000E+01  0.1238301143E+03  0.9760302679E+02  0.1226984226E+03
L3 0.1482945009E+07  0.1299312354E+03  -.7380352135E+02  0.2173298253E+03
L4 0.9115251310E+02  0.1255635181E+05  0.1247650485E+05  0.1246859665E+05
L5 0.3750145330E+05  0.1116961132E+05  0.1326420098E+05  0.1014906150E+05
L6 0.3458287380E+05  -.4446010517E+06  0.4410704972E+05  -.5909495384E+06
L7 0.0000000000E+00  0.4837003041E+04  0.1319197493E+05  0.2027906675E+05
L8 0.5739701047E+04  0.5819369119E+05  0.0000000000E+00  0.0000000000E+00
L9 0.0000000000E+00  0.0000000000E+00  0.0000000000E+00  0.1037049578E+01  0.0000000000E+00
L0    26000  0.1620000000E+03  -.3514409205E+06  0.9299835934E+05
L1 0.3004522117E+03  0.3004522117E+03  -.4444392798E+12  0.1000000000E+01
L2 0.1000000000E+01  0.1238832404E+03  0.9764490086E+02  0.1227510632E+03
L3 0.1484861293E+07  -.1388668803E+03  0.6996171384E+02  0.1881993432E+03
L4 0.3976472557E+02  0.1233264231E+05  0.1256531521E+05  0.1251992754E+05
L5 0.3741788506E+05  0.1381666706E+05  0.1181765735E+05  0.1050870295E+05
L6 0.3614302736E+05  -.4444392798E+06  0.4458312397E+05  -.5910929336E+06
L7 0.0000000000E+00  0.4847575332E+04  0.1300225754E+05  0.2023970180E+05
L8 0.5825736340E+04  0.5815525884E+05  0.0000000000E+00  0.0000000000E+00
L9 0.0000000000E+00  0.0000000000E+00  0.0000000000E+00  0.1035711217E+01  0.0000000000E+00
L0    27000  0.1640000000E+03  -.3514357618E+06  0.9297390675E+05
L1 0.3003732121E+03  0.3003732121E+03  -.4444096686E+12  0.1000000000E+01
L2 0.1000000000E+01  0.1238793425E+03  0.9764182853E+02  0.1227472009E+03
L3 0.1484732877E+07  -.2012936016E+03  -.1521607807E+02  0.6986147481E+02
L4 -.4888273497E+02  0.1239542192E+05  0.1241322972E+05  0.1237856427E+05
L5 0.3718721592E+05  0.1454639451E+05  0.1257582489E+05  0.1163204220E+05
L6 0.3875426160E+05  -.4444096686E+06  0.4381563607E+05  -.5904608006E+06
L7 0.0000000000E+00  0.4823889869E+04  0.1302426668E+05  0.2028054292E+05
L8 0.5774473438E+04  0.5833232298E+05  0.0000000000E+00  0.0000000000E+00
L9 0.0000000000E+00  0.0000000000E+00  0.0000000000E+00  0.1035800797E+01  0.0000000000E+00
L0    28000  0.1660000000E+03  -.3519315002E+06  0.9253001501E+05
L1 0.2989391195E+03  0.2989391195E+03  -.4444615152E+12  0.1000000000E+01
L2 0.1000000000E+01  0.1238912556E+03  0.9765121841E+02  0.1227590051E+03
L3 0.1485147485E+07  -.4608293305E+02  0.5098007739E+02  0.1604747429E+03
L4 0.5512396240E+02  0.1237652292E+05  0.1246805379E+05  0.1240634449E+05
L5 0.3725092120E+05  0.1286909101E+05  0.1192314144E+05  0.1069107307E+05
L6 0.3548330552E+05  -.4444615152E+06  0.4380891231E+05  -.5902960565E+06
L7 0.0000000000E+00  0.4854355209E+04  0.1295154738E+05  0.2031169920E+05
L8 0.5757679726E+04  0.5815034745E+05  0.0000000000E+00  0.0000000000E+00
L9 0.0000000000E+00  0.0000000000E+00  0.0000000000E+00  0.1035511633E+01  0.0000000000E+00
L0    29000  0.1680000000E+03  -.3518647862E+06  0.9268822022E+05
L1 0.2994502372E+03  0.2994502372E+03  -.4445530064E+12  0.1000000000E+01
L2 0.1000000000E+01  0.1238944540E+03  0.9765373939E+02  0.1227621743E+03
L3 0.1485284090E+07  -.1527638295E+03  -.3013506866E+02  -.1403863203E+03
L4 -.1077617395E+03  0.1233991592E+05  0.1242152861E+05  0.1238755452E+05
L5 0.3714899905E+05  0.1397291765E+05  0.1274366389E+05  0.1388824422E+05
L6 0.4060482576E+05  -.4445530064E+06  0.4402301404E+05  -.5905051970E+06
L7 0.0000000000E+00  0.4800613173E+04  0.1275538375E+05  0.2014015151E+05
L8 0.5823780628E+04  0.5840924752E+05  0.0000000000E+00  0.0000000000E+00
L9 0.0000000000E+00  0.0000000000E+00  0.0000000000E+00  0.1035416394E+01  0.0000000000E+00
L0    30000  0.1700000000E+03  -.3517686596E+06  0.9293086863E+05
L1 0.3002341677E+03  0.3002341677E+03  -.4446995283E+12  0.1000000000E+01
L2 0.1000000000E+01  0.1239335959E+03  0.9768459113E+02  0.1228009585E+03
L3 0.1486685023E+07  -.1345521835E+03  0.1021591110E+03  -.1268955024E+03
L4 -.5309619166E+02  0.1252375045E+05  0.1246481342E+05  0.1254510287E+05
L5 0.3753366674E+05  0.1396343153E+05  0.1137173165E+05  0.1390285901E+05
L6 0.3923802219E+05  -.4446995283E+06  0.4449976452E+05  -.5914038164E+06
L7 0.0000000000E+00  0.4721609156E+04  0.1297542600E+05  0.2033854705E+05
L8 0.5795070305E+04  0.5837387105E+05  0.0000000000E+00  0.0000000000E+00
L9 0.0000000000E+00  0.0000000000E+00  0.0000000000E+00  0.1034440701E+01  0.0000000000E+00
L0    31000  0.1720000000E+03  -.3519962959E+06  0.9271439813E+05
L1 0.2995348108E+03  0.2995348108E+03  -.4447106940E+12  0.1000000000E+01
L2 0.1000000000E+01  0.1239099626E+03  0.9766596333E+02  0.1227775412E+03
L3 0.1485815099E+07  0.1745095528E+03  0.3274110367E+03  -.2179318588E+03
L4 0.9466291026E+02  0.1253436943E+05  0.1233117653E+05  0.1231053394E+05
L5 0.3717607990E+05  0.1066824519E+05  0.8829994729E+04  0.1464099618E+05
L6 0.3413923610E+05  -.4447106940E+06  0.4431196830E+05  -.5909623968E+06
L7 0.0000000000E+00  0.4744701734E+04  0.1294632615E+05  0.2025693565E+05
L8 0.5787382889E+04  0.5820438805E+05  0.0000000000E+00  0.0000000000E+00
L9 0.0000000000E+00  0.0000000000E+00  0.0000000000E+00  0.1035046351E+01  0.0000000000E+00
L0    32000  0.1740000000E+03  -.3516255775E+06  0.9283339883E+05
L1 0.2999192695E+03  0.2999192695E+03  -.4444589763E+12  0.1000000000E+01
L2 0.1000000000E+01  0.1239611899E+03  0.9770634075E+02  0.1228283003E+03
L3 0.1487669502E+07  0.1549723815E+03  0.5360195076E+02  -.1693656857E+03
L4 0.1306954885E+02  0.1246185366E+05  0.1257583978E+05  0.1235458392E+05
L5 0.3739227736E+05  0.1080258257E+05  0.1200192999E+05  0.1416796243E+05
L6 0.3697247499E+05  -.4444589763E+06  0.4382564515E+05  -.5904446796E+06
L7 0.0000000000E+00  0.4688735871E+04  0.1306780803E+05  0.2026495678E+05
L8 0.5812190359E+04  0.5832636712E+05  0.0000000000E+00  0.0000000000E+00
L9 0.0000000000E+00  0.0000000000E+00  0.0000000000E+00  0.1033756150E+01  0.0000000000E+00
L0    33000  0.1760000000E+03  -.3518629216E+06  0.9247308702E+05
L1 0.2987552008E+03  0.2987552008E+03  -.4443360087E+12  0.1000000000E+01
L2 0.1000000000E+01  0.1239391689E+03  0.9768898375E+02  0.1228064805E+03
L3 0.1486881138E+07  0.1256122465E+03  -.1075978220E+03  -.7663165033E+02
L4 -.1953907527E+02  0.1225381654E+05  0.1243759588E+05  0.1238976030E+05
L5 0.3708117272E+05  0.1090961368E+05  0.1358902262E+05  0.1320981158E+05
L6 0.3770844789E+05  -.4443360087E+06  0.4395467440E+05  -.5904358256E+06
L7 0.0000000000E+00  0.4800740779E+04  0.1299770092E+05  0.2031806896E+05
L8 0.5801643228E+04  0.5822698864E+05  0.0000000000E+00  0.0000000000E+00
L9 0.0000000000E+00  0.0000000000E+00  0.0000000000E+00  0.1034304261E+01  0.0000000000E+00
L0    34000  0.1780000000E+03  -.3518083607E+06  0.9266465350E+05
L1 0.2993740996E+03  0.2993740996E+03  -.4444730142E+12  0.1000000000E+01
L2 0.1000000000E+01  0.1238962394E+03  0.9765514665E+02  0.1227639434E+03
L3 0.1485321389E+07  0.6322630925E+02  0.1737942630E+03  0.4910694733E+02
L4 0.9537583987E+02  0.1234150437E+05  0.1239767472E+05  0.1248031180E+05
L5 0.3721949089E+05  0.1166561620E+05  0.1053981700E+05  0.1195535937E+05
L6 0.3416079257E+05  -.4444730142E+06  0.4467776476E+05  -.5913249792E+06
L7 0.0000000000E+00  0.4674505606E+04  0.1303660416E+05  0.2032027836E+05
L8 0.5814505711E+04  0.5832830649E+05  0.0000000000E+00  0.0000000000E+00
L9 0.0000000000E+00  0.0000000000E+00  0.0000000000E+00  0.1035390393E+01  0.0000000000E+00
L0    35000  0.1800000000E+03  -.3517037145E+06  0.9299783636E+05
L1 0.3004505221E+03  0.3004505221E+03  -.4447015508E+12  0.1000000000E+01
L2 0.1000000000E+01  0.1238638474E+03  0.9762961528E+02  0.1227318474E+03
L3 0.1484168147E+07  -.5337226640E+02  -.3430758040E+01  0.8370755196E+02
L4 0.8968175839E+01  0.1260936138E+05  0.1235479303E+05  0.1248176072E+05
L5 0.3744591513E+05  0.1317946701E+05  0.1239143930E+05  0.1158762318E+05
L6 0.3715852950E+05  -.4447015508E+06  0.4462975613E+05  -.5915302956E+06
L7 0.0000000000E+00  0.4755524016E+04  0.1307704852E+05  0.2025527087E+05
L8 0.5831060666E+04  0.5828008461E+05  0.0000000000E+00  0.0000000000E+00
L9 0.0000000000E+00  0.0000000000E+00  0.0000000000E+00  0.1036194922E+01  0.0000000000E+00
L0    36000  0.1820000000E+03  -.3515582692E+06  0.9340958693E+05
L1 0.3017807753E+03  0.3017807753E+03  -.4449678562E+12  0.1000000000E+01
L2 0.1000000000E+01  0.1239003619E+03  0.9765839604E+02  0.1227680282E+03
L3 0.1485493496E+07  0.1804205595E+02  -.1070389529E+03  -.1644911983E+03
L4 -.8449603174E+02  0.1254383994E+05  0.1276964819E+05  0.1254767417E+05
L5 0.3786116230E+05  0.1235094832E+05  0.1391402537E+05  0.1430628603E+05
L6 0.4057125972E+05  -.4449678562E+06  0.4423803178E+05  -.5911805380E+06
L7 0.0000000000E+00  0.4776634922E+04  0.1305677796E+05  0.2025864365E+05
L8 0.5787431070E+04  0.5809516247E+05  0.0000000000E+00  0.0000000000E+00
L9 0.0000000000E+00  0.0000000000E+00  0.0000000000E+00  0.1035270434E+01  0.0000000000E+00
L0    37000  0.1840000000E+03  -.3518980429E+06  0.9291279848E+05
L1 0.3001757880E+03  0.3001757880E+03  -.4448108414E+12  0.1000000000E+01
L2 0.1000000000E+01  0.1238849354E+03  0.9764623682E+02  0.1227527426E+03
L3 0.1484947904E+07  -.4156301433E+02  -.1588123252E+02  -.4045175216E+03
L4 -.1539872562E+03  0.1249279682E+05  0.1237207382E+05  0.1246126782E+05
L5 0.3732613846E+05  0.1293699302E+05  0.1254180124E+05  0.1678446591E+05
L6 0.4226326017E+05  -.4448108414E+06  0.4424042920E+05  -.5910895415E+06
L7 0.0000000000E+00  0.4815135265E+04  0.1296230289E+05  0.2017826308E+05
L8 0.5826715663E+04  0.5825585399E+05  0.0000000000E+00  0.0000000000E+00
L9 0.0000000000E+00  0.0000000000E+00  0.0000000000E+00  0.1035650808E+01  0.0000000000E+00
L0    38000  0.1860000000E+03  -.3521631763E+06  0.9269148594E+05
L1 0.2994607878E+03  0.2994607878E+03  -.4448546623E+12  0.1000000000E+01
L2 0.1000000000E+01  0.1238500833E+03  0.9761876641E+02  0.1227182091E+03
L3 0.1483687444E+07  -.4206790103E+03  0.4859707435E+02  0.8125175253E+02
L4 -.9694339447E+02  0.1240561667E+05  0.1250472209E+05  0.1257760041E+05
L5 0.3748793917E+05  0.1689772111E+05  0.1198579167E+05  0.1170997604E+05
L6 0.4059348883E+05  -.4448546623E+06  0.4417983451E+05  -.5911725389E+06
L7 0.0000000000E+00  0.4781762354E+04  0.1308070742E+05  0.2024507615E+05
L8 0.5781346995E+04  0.5824914925E+05  0.0000000000E+00  0.0000000000E+00
L9 0.0000000000E+00  0.0000000000E+00  0.0000000000E+00  0.1036530640E+01  0.0000000000E+00
L0    39000  0.1880000000E+03  -.3518824181E+06  0.9254285103E+05
L1 0.2989805892E+03  0.2989805892E+03  -.4444252692E+12  0.1000000000E+01
L2 0.1000000000E+01  0.1238648498E+03  0.9763040538E+02  0.1227328407E+03
L3 0.1484204539E+07  0.1814978011E+03  -.5169568031E+02  -.1110207617E+03
L4 0.6260453025E+01  0.1257474049E+05  0.1248434883E+05  0.1249809045E+05
L5 0.3755717978E+05  0.1063599097E+05  0.1303655924E+05  0.1368400812E+05
L6 0.3735655833E+05  -.4444252692E+06  0.4417051072E+05  -.5909770875E+06
L7 0.0000000000E+00  0.4776757969E+04  0.1316012844E+05  0.2027633110E+05
L8 0.5809112066E+04  0.5835897804E+05  0.0000000000E+00  0.0000000000E+00
L9 0.0000000000E+00  0.0000000000E+00  0.0000000000E+00  0.1036169514E+01  0.0000000000E+00
L0    40000  0.1900000000E+03  -.3519122234E+06  0.9271148738E+05
L1 0.2995254070E+03  0.2995254070E+03  -.4446237108E+12  0.1000000000E+01
L2 0.1000000000E+01  0.1238448214E+03  0.9761461895E+02  0.1227129953E+03
L3 0.1483503871E+07  -.1308430941E+02  -.1895297297E+03  -.2135348077E+03
L4 -.1387162823E+03  0.1254797650E+05  0.1239242782E+05  0.1251715502E+05
L5 0.3745755934E+05  0.1268767640E+05  0.1441601820E+05  0.1479704527E+05
L6 0.4190073987E+05  -.4446237108E+06  0.4410938806E+05  -.5911502545E+06
L7 0.0000000000E+00  0.4735667576E+04  0.1309666937E+05  0.2038897822E+05
L8 0.5796696311E+04  0.5839914422E+05  0.0000000000E+00  0.0000000000E+00
L9 0.0000000000E+00  0.0000000000E+00  0.0000000000E+00  0.1036658904E+01  0.0000000000E+00
L0    41000  0.1920000000E+03  -.3517927899E+06  0.9302654205E+05
L1 0.3005432623E+03  0.3005432623E+03  -.4448193319E+12  0.1000000000E+01
L2 0.1000000000E+01  0.1238340259E+03  0.9760610989E+02  0.1227022984E+03
L3 0.1483091158E+07  0.1062038578E+02  0.1903170235E+02  0.1164963858E+03
L4 0.4871615796E+02  0.1249408038E+05  0.1249082844E+05  0.1243458892E+05
L5 0.3741949775E+05  0.1238071911E+05  0.1228768535E+05  0.1119111444E+05
L6 0.3585951890E+05  -.4448193319E+06  0.4399459213E+05  -.5910707800E+06
L7 0.0000000000E+00  0.4765267933E+04  0.1308572225E+05  0.2026579570E+05
L8 0.5821054599E+04  0.5831901553E+05  0.0000000000E+00  0.0000000000E+00
L9 0.0000000000E+00  0.0000000000E+00  0.0000000000E+00  0.1036947384E+01  0.0000000000E+00
L0    42000  0.1940000000E+03  -.3511876239E+06  0.9316627232E+05
L1 0.3009946925E+03  0.3009946925E+03  -.4443538963E+12  0.1000000000E+01
L2 0.1000000000E+01  0.1238690028E+03  0.9763367873E+02  0.1227369557E+03
L3 0.1484369027E+07  -.1427887678E+03  0.4276558344E+02  -.2254837573E+03
L4 -.1085023139E+03  0.1262742156E+05  0.1249884111E+05  0.1240655050E+05
L5 0.3753281316E+05  0.1415285235E+05  0.1204197087E+05  0.1481542251E+05
L6 0.4101024574E+05  -.4443538963E+06  0.4423645507E+05  -.5906668238E+06
L7 0.0000000000E+00  0.4767872476E+04  0.1290947584E+05  0.2032019107E+05
L8 0.5797747662E+04  0.5828118540E+05  0.0000000000E+00  0.0000000000E+00
L9 0.0000000000E+00  0.0000000000E+00  0.0000000000E+00  0.1036054693E+01  0.0000000000E+00
L0    43000  0.1960000000E+03  -.3523169205E+06  0.9286570574E+05
L1 0.3000236443E+03  0.3000236443E+03  -.4451826262E+12  0.1000000000E+01
L2 0.1000000000E+01  0.1238542068E+03  0.9762201655E+02  0.1227222949E+03
L3 0.1483830246E+07  -.3070838704E+03  0.1165782695E+03  0.2202637899E+02
L4 -.5615974064E+02  0.1260285162E+05  0.1244727458E+05  0.1245186641E+05
L5 0.3750199262E+05  0.1588227739E+05  0.1120230597E+05  0.1221664118E+05
L6 0.3930122454E+05  -.4451826262E+06  0.4413830995E+05  -.5913167068E+06
L7 0.0000000000E+00  0.4726348798E+04  0.1302511788E+05  0.2025122760E+05
L8 0.5791838658E+04  0.5820123767E+05  0.0000000000E+00  0.0000000000E+00
L9 0.0000000000E+00  0.0000000000E+00  0.0000000000E+00  0.1036430886E+01  0.0000000000E+00
L0    44000  0.1980000000E+03  -.3520649576E+06  0.9277957269E+05
L1 0.2997453720E+03  0.2997453720E+03  -.4448445303E+12  0.1000000000E+01
L2 0.1000000000E+01  0.1238422526E+03  0.9761259421E+02  0.1227104500E+03
L3 0.1483377054E+07  0.7648555812E+02  0.2946651686E+02  0.2602371417E+03
L4 0.1220630722E+03  0.1239594721E+05  0.1251212268E+05  0.1250653627E+05
L5 0.3741460616E+05  0.1157938819E+05  0.1219753846E+05  0.9728247283E+04
L6 0.3350517394E+05  -.4448445303E+06  0.4423717412E+05  -.5911170347E+06
L7 0.0000000000E+00  0.4765236974E+04  0.1291841538E+05  0.2022094631E+05
L8 0.5826262252E+04  0.5830446934E+05  0.0000000000E+00  0.0000000000E+00
L9 0.0000000000E+00  0.0000000000E+00  0.0000000000E+00  0.1036747530E+01  0.0000000000E+00
L0    45000  0.2000000000E+03  -.3520014461E+06  0.9266260083E+05
L1 0.2993674680E+03  0.2993674680E+03  -.4446640469E+12  0.1000000000E+01
L2 0.1000000000E+01  0.1239046158E+03  0.9766174896E+02  0.1227722432E+03
L3 0.1485641501E+07  -.1643012866E+03  0.1331317435E+02  0.1081942837E+02
L4 -.4672289461E+02  0.1238200310E+05  0.1259267750E+05  0.1259132832E+05
L5 0.3756600892E+05  0.1413875959E+05  0.1245032922E+05  0.1247564389E+05
L6 0.3906473270E+05  -.4446640469E+06  0.4396869311E+05  -.5905813969E+06
L7 0.0000000000E+00  0.4787885162E+04  0.1294882646E+05  0.2018897587E+05
L8 0.5781167838E+04  0.5824180160E+05  0.0000000000E+00  0.0000000000E+00
L9 0.0000000000E+00  0.0000000000E+00  0.0000000000E+00  0.1035167297E+01  0.0000000000E+00
L0    46000  0.2020000000E+03  -.3518188297E+06  0.9269881274E+05
L1 0.2994844587E+03  0.2994844587E+03  -.4445176424E+12  0.1000000000E+01
L2 0.1000000000E+01  0.1239204679E+03  0.9767424362E+02  0.1227879505E+03
L3 0.1486214779E+07  0.5877241760E+02  -.3799697431E+02  -.2287207958E+03
L4 -.6931511752E+02  0.1255579585E+05  0.1243510994E+05  0.1250768900E+05
L5 0.3749859478E+05  0.1192714181E+05  0.1284154126E+05  0.1495418105E+05
L6 0.3972286412E+05  -.4445176424E+06  0.4397806278E+05  -.5906511131E+06
L7 0.0000000000E+00  0.4859986538E+04  0.1306617360E+05  0.2022244911E+05
L8 0.5827343894E+04  0.5817945474E+05  0.0000000000E+00  0.0000000000E+00
L9 0.0000000000E+00  0.0000000000E+00  0.0000000000E+00  0.1034768001E+01  0.0000000000E+00
L0    47000  0.2040000000E+03  -.3515081761E+06  0.9303469473E+05
L1 0.3005696014E+03  0.3005696014E+03  -.4445428709E+12  0.1000000000E+01
L2 0.1000000000E+01  0.1238872499E+03  0.9764806110E+02  0.1227550360E+03
L3 0.1485003262E+07  0.1035711448E+03  -.5726605525E+02  0.1229677702E+03
L4 0.5642428657E+02  0.1247072477E+05  0.1255308715E+05  0.1244911203E+05
L5 0.3747292395E+05  0.1136378813E+05  0.1316512919E+05  0.1113487020E+05
L6 0.3566378752E+05  -.4445428709E+06  0.4428786509E+05  -.5908452311E+06
L7 0.0000000000E+00  0.4776971491E+04  0.1294254165E+05  0.2030304590E+05
L8 0.5819405623E+04  0.5817253044E+05  0.0000000000E+00  0.0000000000E+00
L9 0.0000000000E+00  0.0000000000E+00  0.0000000000E+00  0.1035612201E+01  0.0000000000E+00
L0    48000  0.2060000000E+03  -.3520345577E+06  0.9250641461E+05
L1 0.2988628731E+03  0.2988628731E+03  -.4445409724E+12  0.1000000000E+01
L2 0.1000000000E+01  0.1238779412E+03  0.9764072400E+02  0.1227458124E+03
L3 0.1484660842E+07  -.1484349226E+02  0.1926468992E+03  0.1659612257E+03
L4 0.1145882109E+03  0.1239133493E+05  0.1243516223E+05  0.1240587264E+05
L5 0.3723236980E+05  0.1254994105E+05  0.1037668599E+05  0.1063253894E+05
L6 0.3355916598E+05  -.4445409724E+06  0.4379311703E+05  -.5902488826E+06
L7 0.0000000000E+00  0.4714457994E+04  0.1302841162E+05  0.2023252891E+05
L8 0.5821012793E+04  0.5811838185E+05  0.0000000000E+00  0.0000000000E+00
L9 0.0000000000E+00  0.0000000000E+00  0.0000000000E+00  0.1035851053E+01  0.0000000000E+00
L0    49000  0.2080000000E+03  -.3521355604E+06  0.9280989809E+05
L1 0.2998433450E+03  0.2998433450E+03  -.4449454585E+12  0.1000000000E+01
L2 0.1000000000E+01  0.1238815048E+03  0.9764353285E+02  0.1227493434E+03
L3 0.1484822671E+07  -.7806295286E+02  -.1810218536E+03  -.1603925638E+03
L4 -.1398257901E+03  0.1237026553E+05  0.1232498905E+05  0.1256516099E+05
L5 0.3726041557E+05  0.1320447698E+05  0.1425945984E+05  0.1427917908E+05
L6 0.4174311589E+05  -.4449454585E+06  0.4412255872E+05  -.5911738816E+06
L7 0.0000000000E+00  0.4716070547E+04  0.1302783174E+05  0.2025053936E+05
L8 0.5854037581E+04  0.5825738518E+05  0.0000000000E+00  0.0000000000E+00
L9 0.0000000000E+00  0.0000000000E+00  0.0000000000E+00  0.1035738157E+01  0.0000000000E+00
L0    50000  0.2100000000E+03  -.3515152540E+06  0.9314683915E+05
L1 0.3009319093E+03  0.3009319093E+03  -.4446620931E+12  0.1000000000E+01
L2 0.1000000000E+01  0.1238943182E+03  0.9765363237E+02  0.1227620397E+03
L3 0.1485271028E+07  -.1591103412E+03  0.1115604974E+03  -.9052948326E+02
L4 -.4602644235E+02  0.1266461377E+05  0.1258925211E+05  0.1240824003E+05
L5 0.3766210592E+05  0.1436544295E+05  0.1139671273E+05  0.1337596586E+05
L6 0.3913812153E+05  -.4446620931E+06  0.4432252891E+05  -.5910437561E+06
L7 0.0000000000E+00  0.4777131143E+04  0.1307192766E+05  0.2026383537E+05
L8 0.5759168861E+04  0.5818707103E+05  0.0000000000E+00  0.0000000000E+00
L9 0.0000000000E+00  0.0000000000E+00  0.0000000000E+00  0.1035425500E+01  0.0000000000E+00
L0    51000  0.2120000000E+03  -.3515778195E+06  0.9289330148E+05
L1 0.3001127985E+03  0.3001127985E+03  -.4444711210E+12  0.1000000000E+01
L2 0.1000000000E+01  0.1238781289E+03  0.9764087197E+02  0.1227459984E+03
L3 0.1484682930E+07  -.5205223148E+02  0.4739053680E+02  0.9833796187E+00
L4 -.1226105020E+01  0.1238556487E+05  0.1249585350E+05  0.1251565521E+05
L5 0.3739707358E+05  0.1294176316E+05  0.1198946723E+05  0.1250514741E+05
L6 0.3743637780E+05  -.4444711210E+06  0.4406445893E+05  -.5906496026E+06
L7 0.0000000000E+00  0.4820387200E+04  0.1299479720E+05  0.2034678585E+05
L8 0.5742509590E+04  0.5820954280E+05  0.0000000000E+00  0.0000000000E+00
L9 0.0000000000E+00  0.0000000000E+00  0.0000000000E+00  0.1035835642E+01  0.0000000000E+00
L0    52000  0.2140000000E+03  -.3519687124E+06  0.9317356901E+05
L1 0.3010182661E+03  0.3010182661E+03  -.4451422815E+12  0.1000000000E+01
L2 0.1000000000E+01  0.1238177559E+03  0.9759328586E+02  0.1226861771E+03
L3 0.1482500676E+07  0.3494783134E+03  -.6390605112E+02  -.3571155333E+01
L4 0.9400036898E+02  0.1252229023E+05  0.1252601384E+05  0.1259925992E+05
L5 0.3764756399E+05  0.8793467720E+04  0.1320787109E+05  0.1263736301E+05
L6 0.3463870182E+05  -.4451422815E+06  0.4404459838E+05  -.5912445584E+06
L7 0.0000000000E+00  0.4725040541E+04  0.1294239490E+05  0.2028670585E+05
L8 0.5807542924E+04  0.5829599431E+05  0.0000000000E+00  0.0000000000E+00
L9 0.0000000000E+00  0.0000000000E+00  0.0000000000E+00  0.1037360401E+01  0.0000000000E+00
L0    53000  0.2160000000E+03  -.3528155439E+06  0.9243906917E+05
L1 0.2986452984E+03  0.2986452984E+03  -.4452546130E+12  0.1000000000E+01
L2 0.1000000000E+01  0.1238526970E+03  0.9762082648E+02  0.1227207989E+03
L3 0.1483769745E+07  0.7382959519E+02  -.6111004745E+02  -.3985480229E+02
L4 -.9045084848E+01  0.1240181790E+05  0.1242403546E+05  0.1245840730E+05
L5 0.3728426065E+05  0.1161340526E+05  0.1307661839E+05  0.1288400938E+05
L6 0.3757403304E+05  -.4452546130E+06  0.4449403635E+05  -.5916872344E+06
L7 0.0000000000E+00  0.4768094211E+04  0.1293480820E+05  0.2022452306E+05
L8 0.5801714948E+04  0.5820944454E+05  0.0000000000E+00  0.0000000000E+00
L9 0.0000000000E+00  0.0000000000E+00  0.0000000000E+00  0.1036473147E+01  0.0000000000E+00
L0    54000  0.2180000000E+03  -.3518966064E+06  0.9274309179E+05
L1 0.2996275122E+03  0.2996275122E+03  -.4446396982E+12  0.1000000000E+01
L2 0.1000000000E+01  0.1238613322E+03  0.9762763281E+02  0.1227293552E+03
L3 0.1484083599E+07  -.1666863718E+02  0.1020278495E+03  -.1913180406E+03
L4 -.3531960942E+02  0.1253289281E+05  0.1257141215E+05  0.1238232380E+05
L5 0.3748662876E+05  0.1271093177E+05  0.1148164508E+05  0.1442580605E+05
L6 0.3861838290E+05  -.4446396982E+06  0.4389779789E+05  -.5902966401E+06
L7 0.0000000000E+00  0.4763434040E+04  0.1301164174E+05  0.2025249278E+05
L8 0.5735667007E+04  0.5799590843E+05  0.0000000000E+00  0.0000000000E+00
L9 0.0000000000E+00  0.0000000000E+00  0.0000000000E+00  0.1036253953E+01  0.0000000000E+00
L0    55000  0.2200000000E+03  -.3518280563E+06  0.9278644194E+05
L1 0.2997675647E+03  0.2997675647E+03  -.4446144982E+12  0.1000000000E+01
L2 0.1000000000E+01  0.1238420886E+03  0.9761246492E+02  0.1227102874E+03
L3 0.1483378383E+07  -.2188296903E+03  0.7299267819E+02  0.3482427444E+03
L4 0.6746857742E+02  0.1247677069E+05  0.1240791306E+05  0.1236532041E+05
L5 0.3725000416E+05  0.1481299625E+05  0.1162864330E+05  0.8647481210E+04
L6 0.3508912076E+05  -.4446144982E+06  0.4413436772E+05  -.5908398397E+06
L7 0.0000000000E+00  0.4796310595E+04  0.1300119781E+05  0.2025546401E+05
L8 0.5792942452E+04  0.5824505892E+05  0.0000000000E+00  0.0000000000E+00
L9 0.0000000000E+00  0.0000000000E+00  0.0000000000E+00  0.1036746601E+01  0.0000000000E+00
L0    56000  0.2220000000E+03  -.3513617857E+06  0.9285520124E+05
L1 0.2999897071E+03  0.2999897071E+03  -.4442169870E+12  0.1000000000E+01
L2 0.1000000000E+01  0.1238872678E+03  0.9764807525E+02  0.1227550538E+03
L3 0.1485022243E+07  0.2839069457E+02  0.4926118679E+02  -.3236490737E+03
L4 -.8199906410E+02  0.1240428971E+05  0.1247687119E+05  0.1241171176E+05
L5 0.3729287266E+05  0.1210085479E+05  0.1195037600E+05  0.1587081805E+05
L6 0.3992204884E+05  -.4442169870E+06  0.4416590486E+05  -.5904773272E+06
L7 0.0000000000E+00  0.4791947286E+04  0.1311323130E+05  0.2025307152E+05
L8 0.5781397665E+04  0.5815478755E+05  0.0000000000E+00  0.0000000000E+00
L9 0.0000000000E+00  0.0000000000E+00  0.0000000000E+00  0.1035598964E+01  0.0000000000E+00
L0    57000  0.2240000000E+03  -.3515619879E+06  0.9326587409E+05
L1 0.3013164785E+03  0.3013164785E+03  -.4448278620E+12  0.1000000000E+01
L2 0.1000000000E+01  0.1238812779E+03  0.9764335401E+02  0.1227491186E+03
L3 0.1484823386E+07  -.2016753828E+03  -.9255433929E+02  -.3262541508E+03
L4 -.2068279576E+03  0.1252800198E+05  0.1251873278E+05  0.1255471816E+05
L5 0.3760145292E+05  0.1468318556E+05  0.1350780536E+05  0.1604120014E+05
L6 0.4423219106E+05  -.4448278620E+06  0.4380550265E+05  -.5907225442E+06
L7 0.0000000000E+00  0.4754266329E+04  0.1296519605E+05  0.2030521147E+05
L8 0.5799041849E+04  0.5826546388E+05  0.0000000000E+00  0.0000000000E+00
L9 0.0000000000E+00  0.0000000000E+00  0.0000000000E+00  0.1035737658E+01  0.0000000000E+00
L0    58000  0.2260000000E+03  -.3515416124E+06  0.9286121861E+05
L1 0.3000091476E+03  0.3000091476E+03  -.4444028310E+12  0.1000000000E+01
L2 0.1000000000E+01  0.1238793927E+03  0.9764186811E+02  0.1227472507E+03
L3 0.1484723884E+07  -.7564246668E+01  0.1875919361E+03  -.8207356859E+02
L4 0.3265137362E+02  0.1240304807E+05  0.1249754838E+05  0.1254423717E+05
L5 0.3744483362E+05  0.1248387721E+05  0.1049300047E+05  0.1342124929E+05
L6 0.3639812697E+05  -.4444028310E+06  0.4435018268E+05  -.5909295153E+06
L7 0.0000000000E+00  0.4609342119E+04  0.1323057559E+05  0.2031898371E+05
L8 0.5803123415E+04  0.5821447676E+05  0.0000000000E+00  0.0000000000E+00
L9 0.0000000000E+00  0.0000000000E+00  0.0000000000E+00  0.1035807070E+01  0.0000000000E+00
L0    59000  0.2280000000E+03  -.3521555795E+06  0.9293822651E+05
L1 0.3002579390E+03  0.3002579390E+03  -.4450938060E+12  0.1000000000E+01
L2 0.1000000000E+01  0.1238632541E+03  0.9762914763E+02  0.1227312595E+03
L3 0.1484128615E+07  -.1143870152E+03  0.8699068024E+02  0.4668401856E+03
L4 0.1464812835E+03  0.1249768514E+05  0.1251435935E+05  0.1256512272E+05
L5 0.3757716721E+05  0.1371949844E+05  0.1158517723E+05  0.7578616649E+04
L6 0.3288329231E+05  -.4450938060E+06  0.4432437161E+05  -.5914668200E+06
L7 0.0000000000E+00  0.4697841749E+04  0.1299372160E+05  0.2028158891E+05
L8 0.5834302361E+04  0.5824118781E+05  0.0000000000E+00  0.0000000000E+00
L9 0.0000000000E+00  0.0000000000E+00  0.0000000000E+00  0.1036222522E+01  0.0000000000E+00
L0    60000  0.2300000000E+03  -.3515910652E+06  0.9289036538E+05
L1 0.3001033128E+03  0.3001033128E+03  -.4444814306E+12  0.1000000000E+01
L2 0.1000000000E+01  0.1238144339E+03  0.9759066748E+02  0.1226828855E+03
L3 0.1482385206E+07  0.7008592203E+02  0.1244656952E+02  0.1121036290E+03
L4 0.6487870686E+02  0.1241253461E+05  0.1246291649E+05  0.1253391460E+05
L5 0.3740936570E+05  0.1166479835E+05  0.1233012589E+05  0.1133789768E+05
L6 0.3533282192E+05  -.4444814306E+06  0.4469730682E+05  -.5914232490E+06
L7 0.0000000000E+00  0.4795656468E+04  0.1305827943E+05  0.2034621656E+05
L8 0.5834457232E+04  0.5820990191E+05  0.0000000000E+00  0.0000000000E+00
L9 0.0000000000E+00  0.0000000000E+00  0.0000000000E+00  0.1037441206E+01  0.0000000000E+00
L0    61000  0.2320000000E+03  -.3525623837E+06  0.9270313839E+05
L1 0.2994984337E+03  0.2994984337E+03  -.4452655221E+12  0.1000000000E+01
L2 0.1000000000E+01  0.1238348659E+03  0.9760677202E+02  0.1227031308E+03
L3 0.1483141446E+07  0.1038489577E+03  -.3249612048E+03  -.8864430481E+02
L4 -.1032521840E+03  0.1235168737E+05  0.1239900487E+05  0.1239894457E+05
L5 0.3714963681E+05  0.1124317309E+05  0.1586773623E+05  0.1334515992E+05
L6 0.4045606924E+05  -.4452655221E+06  0.4404809905E+05  -.5914955480E+06
L7 0.0000000000E+00  0.4788321876E+04  0.1305374711E+05  0.2027611214E+05
L8 0.5751537238E+04  0.5831220842E+05  0.0000000000E+00  0.0000000000E+00
L9 0.0000000000E+00  0.0000000000E+00  0.0000000000E+00  0.1036912225E+01  0.0000000000E+00
L0    62000  0.2340000000E+03  -.3516171332E+06  0.9267610088E+05
L1 0.2994110829E+03  0.2994110829E+03  -.4442932340E+12  0.1000000000E+01
L2 0.1000000000E+01  0.1238346593E+03  0.9760660916E+02  0.1227029261E+03
L3 0.1483136841E+07  0.1081563007E+03  -.1437457344E+03  -.3381076718E+03
L4 -.1245657019E+03  0.1247699690E+05  0.1238500963E+05  0.1233333597E+05
L5 0.3719534250E+05  0.1132250835E+05  0.1391938906E+05  0.1594238539E+05
L6 0.4118428280E+05  -.4442932340E+06  0.4414525217E+05  -.5906808509E+06
L7 0.0000000000E+00  0.4927773014E+04  0.1306701483E+05  0.2021224446E+05
L8 0.5811973358E+04  0.5822335906E+05  0.0000000000E+00  0.0000000000E+00
L9 0.0000000000E+00  0.0000000000E+00  0.0000000000E+00  0.1036915444E+01  0.0000000000E+00
L0    63000  0.2360000000E+03  -.3525099019E+06  0.9229059302E+05
L1 0.2981656127E+03  0.2981656127E+03  -.4448004949E+12  0.1000000000E+01
L2 0.1000000000E+01  0.1238489925E+03  0.9761790663E+02  0.1227171283E+03
L3 0.1483616181E+07  0.2932390621E+03  -.2654449653E+01  0.1453690317E+03
L4 0.1453178814E+03  0.1241327688E+05  0.1240129579E+05  0.1234717480E+05
L5 0.3716174746E+05  0.9282155067E+04  0.1242963923E+05  0.1079496636E+05
L6 0.3250676066E+05  -.4448004949E+06  0.4437030456E+05  -.5910884379E+06
L7 0.0000000000E+00  0.4719808515E+04  0.1297830263E+05  0.2026601226E+05
L8 0.5794171840E+04  0.5815934319E+05  0.0000000000E+00  0.0000000000E+00
L9 0.0000000000E+00  0.0000000000E+00  0.0000000000E+00  0.1036580428E+01  0.0000000000E+00
L0    64000  0.2380000000E+03  -.3522293322E+06  0.9288311135E+05
L1 0.3000798770E+03  0.3000798770E+03  -.4451124436E+12  0.1000000000E+01
L2 0.1000000000E+01  0.1238460871E+03  0.9761561656E+02  0.1227142494E+03
L3 0.1483523471E+07  0.3562723657E+03  -.7402210929E+02  -.1116110544E+03
L4 0.5687973401E+02  0.1245423309E+05  0.1235055212E+05  0.1252160091E+05
L5 0.3732638612E+05  0.8650297629E+04  0.1314088938E+05  0.1371327697E+05
L6 0.3550446398E+05  -.4451124436E+06  0.4419872063E+05  -.5911142024E+06
L7 0.0000000000E+00  0.4720260036E+04  0.1298726015E+05  0.2019452326E+05
L8 0.5742715024E+04  0.5815827974E+05  0.0000000000E+00  0.0000000000E+00
L9 0.0000000000E+00  0.0000000000E+00  0.0000000000E+00  0.1036645207E+01  0.0000000000E+00
L0    65000  0.2400000000E+03  -.3518110826E+06  0.9293692922E+05
L1 0.3002537478E+03  0.3002537478E+03  -.4447480118E+12  0.1000000000E+01
L2 0.1000000000E+01  0.1238030680E+03  0.9758170890E+02  0.1226716235E+03
L3 0.1481992409E+07  -.1036543949E+03  -.5552014027E+02  0.4235773743E+01
L4 -.5164625382E+02  0.1246207499E+05  0.1254339574E+05  0.1252765070E+05
L5 0.3753312143E+05  0.1356765526E+05  0.1313557489E+05  0.1248247184E+05
L6 0.3918570199E+05  -.4447480118E+06  0.4425804428E+05  -.5911152001E+06
L7 0.0000000000E+00  0.4692162975E+04  0.1307502085E+05  0.2030070641E+05
L8 0.5800779479E+04  0.5824047434E+05  0.0000000000E+00  0.0000000000E+00
L9 0.0000000000E+00  0.0000000000E+00  0.0000000000E+00  0.1037716176E+01  0.0000000000E+00
L0    66000  0.2420000000E+03  -.3522003645E+06  0.9274998772E+05
L1 0.2996497911E+03  0.2996497911E+03  -.4449503522E+12  0.1000000000E+01
L2 0.1000000000E+01  0.1238226488E+03  0.9759714249E+02  0.1226910253E+03
L3 0.1482676100E+07  0.4745997886E+02  0.1703363418E+03  0.7185300849E+02
L4 0.9654977638E+02  0.1251016827E+05  0.1253961631E+05  0.1256980108E+05
L5 0.3761958565E+05  0.1200372546E+05  0.1072196663E+05  0.1180306160E+05
L6 0.3452875370E+05  -.4449503522E+06  0.4416008715E+05  -.5911549003E+06
L7 0.0000000000E+00  0.4731368148E+04  0.1310787602E+05  0.2024792023E+05
L8 0.5750549747E+04  0.5820674688E+05  0.0000000000E+00  0.0000000000E+00
L9 0.0000000000E+00  0.0000000000E+00  0.0000000000E+00  0.1037237666E+01  0.0000000000E+00
L0    67000  0.2440000000E+03  -.3521752821E+06  0.9273404319E+05
L1 0.2995982787E+03  0.2995982787E+03  -.4449093253E+12  0.1000000000E+01
L2 0.1000000000E+01  0.1238335306E+03  0.9760571954E+02  0.1227018077E+03
L3 0.1483079342E+07  -.1538201834E+03  0.4672048707E+02  0.1176882969E+03
L4 0.3529533547E+01  0.1238223170E+05  0.1256340482E+05  0.1237243315E+05
L5 0.3731806967E+05  0.1402408477E+05  0.1206471750E+05  0.1111624630E+05
L6 0.3720504857E+05  -.4449093253E+06  0.4447300222E+05  -.5914564925E+06
L7 0.0000000000E+00  0.4779316061E+04  0.1308532312E+05  0.2026257735E+05
L8 0.5774741009E+04  0.5817220744E+05  0.0000000000E+00  0.0000000000E+00
L9 0.0000000000E+00  0.0000000000E+00  0.0000000000E+00  0.1036955645E+01  0.0000000000E+00
L0    68000  0.2460000000E+03  -.3519030940E+06  0.9270215783E+05
L1 0.2994952658E+03  0.2994952658E+03  -.4446052518E+12  0.1000000000E+01
L2 0.1000000000E+01  0.1238758961E+03  0.9763911209E+02  0.1227437860E+03
L3 0.1484609627E+07  -.8759371476E+02  0.4901539382E+02  -.1231180880E+03
L4 -.5389880298E+02  0.1244664378E+05  0.1256002993E+05  0.1233241123E+05
L5 0.3733908494E+05  0.1338257040E+05  0.1203630729E+05  0.1364791082E+05
L6 0.3906678850E+05  -.4446052518E+06  0.4408252781E+05  -.5908625864E+06
L7 0.0000000000E+00  0.4703457258E+04  0.1314001351E+05  0.2028698620E+05
L8 0.5778608107E+04  0.5826574172E+05  0.0000000000E+00  0.0000000000E+00
L9 0.0000000000E+00  0.0000000000E+00  0.0000000000E+00  0.1035886787E+01  0.0000000000E+00
L0    69000  0.2480000000E+03  -.3517732964E+06  0.9272656316E+05
L1 0.2995741127E+03  0.2995741127E+03  -.4444998596E+12  0.1000000000E+01
L2 0.1000000000E+01  0.1238456469E+03  0.9761526959E+02  0.1227138132E+03
L3 0.1483511023E+07  -.1268546546E+02  -.3547219085E+02  0.1423740368E+03
L4 0.3140546015E+02  0.1251208415E+05  0.1247125775E+05  0.1255007152E+05
L5 0.3753341343E+05  0.1264752628E+05  0.1284999269E+05  0.1102995053E+05
L6 0.3652746950E+05  -.4444998596E+06  0.4436932688E+05  -.5909492775E+06
L7 0.0000000000E+00  0.4771788698E+04  0.1319593948E+05  0.2021723580E+05
L8 0.5794800961E+04  0.5810032616E+05  0.0000000000E+00  0.0000000000E+00
L9 0.0000000000E+00  0.0000000000E+00  0.0000000000E+00  0.1036653906E+01  0.0000000000E+00
L0    70000  0.2500000000E+03  -.3515136076E+06  0.9300013513E+05
L1 0.3004579488E+03  0.3004579488E+03  -.4445137427E+12  0.1000000000E+01
L2 0.1000000000E+01  0.1238128192E+03  0.9758939474E+02  0.1226812855E+03
L3 0.1482336687E+07  0.5887963239E+02  0.5132791138E+02  -.1306223784E+03
L4 -.6804944864E+01  0.1258058932E+05  0.1247581037E+05  0.1236198658E+05
L5 0.3741838627E+05  0.1195243185E+05  0.1192821845E+05  0.1375553167E+05
L6 0.3763618197E+05  -.4445137427E+06  0.4440709252E+05  -.5910289367E+06
L7 0.0000000000E+00  0.4879021368E+04  0.1307495549E+05  0.2027521906E+05
L8 0.5799037214E+04  0.5807986834E+05  0.0000000000E+00  0.0000000000E+00
L9 0.0000000000E+00  0.0000000000E+00  0.0000000000E+00  0.1037475163E+01  0.0000000000E+00
L0    71000  0.2520000000E+03  -.3521131146E+06  0.9273175278E+05
L1 0.2995908790E+03  0.2995908790E+03  -.4448448674E+12  0.1000000000E+01
L2 0.1000000000E+01  0.1238426664E+03  0.9761292036E+02  0.1227108600E+03
L3 0.1483408219E+07  0.1844910382E+03  -.5342589774E+01  -.1824449205E+03
L4 -.1098824028E+01  0.1250815144E+05  0.1262357914E+05  0.1240551276E+05
L5 0.3753724334E+05  0.1053848568E+05  0.1268061777E+05  0.1435333373E+05
L6 0.3757243718E+05  -.4448448674E+06  0.4454704459E+05  -.5914802662E+06
L7 0.0000000000E+00  0.4758786500E+04  0.1314517524E+05  0.2022436298E+05
L8 0.5797996099E+04  0.5816203344E+05  0.0000000000E+00  0.0000000000E+00
L9 0.0000000000E+00  0.0000000000E+00  0.0000000000E+00  0.1036725749E+01  0.0000000000E+00
L0    72000  0.2540000000E+03  -.3527607974E+06  0.9273638154E+05
L1 0.2996058332E+03  0.2996058332E+03  -.4454971789E+12  0.1000000000E+01
L2 0.1000000000E+01  0.1238743215E+03  0.9763787099E+02  0.1227422258E+03
L3 0.1484568849E+07  -.4038512850E+02  -.7860130285E+02  -.4014301821E+03
L4 -.1734722045E+03  0.1234067800E+05  0.1255097350E+05  0.1248941380E+05
L5 0.3738106529E+05  0.1277217561E+05  0.1339079438E+05  0.1677852144E+05
L6 0.4294149142E+05  -.4454971789E+06  0.4422803272E+05  -.5917659930E+06
L7 0.0000000000E+00  0.4696707464E+04  0.1294951333E+05  0.2029931578E+05
L8 0.5832162551E+04  0.5826308222E+05  0.0000000000E+00  0.0000000000E+00
L9 0.0000000000E+00  0.0000000000E+00  0.0000000000E+00  0.1035915241E+01  0.0000000000E+00
L0    73000  0.2560000000E+03  -.3527233911E+06  0.9304357609E+05
L1 0.3005982946E+03  0.3005982946E+03  -.4457669671E+12  0.1000000000E+01
L2 0.1000000000E+01  0.1238652254E+03  0.9763070138E+02  0.1227332128E+03
L3 0.1484207311E+07  0.2049473766E+03  0.1000111140E+03  -.4308735491E+02
L4 0.8729037855E+02  0.1251565957E+05  0.1265644186E+05  0.1235915894E+05
L5 0.3753126038E+05  0.1032641889E+05  0.1158812665E+05  0.1281941655E+05
L6 0.3473396210E+05  -.4457669671E+06  0.4505632046E+05  -.5927293699E+06
L7 0.0000000000E+00  0.4668604881E+04  0.1310704667E+05  0.2030855242E+05
L8 0.5765696696E+04  0.5805618164E+05  0.0000000000E+00  0.0000000000E+00
L9 0.0000000000E+00  0.0000000000E+00  0.0000000000E+00  0.1036167579E+01  0.0000000000E+00
L0    74000  0.2580000000E+03  -.3529340947E+06  0.9260771911E+05
L1 0.2991901602E+03  0.2991901602E+03  -.4455418138E+12  0.1000000000E+01
L2 0.1000000000E+01  0.1238691985E+03  0.9763383303E+02  0.1227371496E+03
L3 0.1484358880E+07  -.5399104822E+02  -.2143550972E+02  0.1392681346E+03
L4 0.2128052555E+02  0.1255280994E+05  0.1246856736E+05  0.1244477579E+05
L5 0.3746615309E+05  0.1312959932E+05  0.1269756410E+05  0.1095696655E+05
L6 0.3678412997E+05  -.4455418138E+06  0.4436871298E+05  -.5918876454E+06
L7 0.0000000000E+00  0.4802337955E+04  0.1301019707E+05  0.2020183643E+05
L8 0.5730935768E+04  0.5823181138E+05  0.0000000000E+00  0.0000000000E+00
L9 0.0000000000E+00  0.0000000000E+00  0.0000000000E+00  0.1036061775E+01  0.0000000000E+00
L0    75000  0.2600000000E+03  -.3522520236E+06  0.9281830096E+05
L1 0.2998704924E+03  0.2998704924E+03  -.4450703246E+12  0.1000000000E+01
L2 0.1000000000E+01  0.1238663997E+03  0.9763162698E+02  0.1227343764E+03
L3 0.1484259993E+07  -.1226354338E+03  0.1551816428E+03  -.7877181835E+01
L4 0.8223009045E+01  0.1244711721E+05  0.1255836720E+05  0.1233146181E+05
L5 0.3733694622E+05  0.1375715111E+05  0.1090066350E+05  0.1241560858E+05
L6 0.3707342318E+05  -.4450703246E+06  0.4430302475E+05  -.5912217132E+06
L7 0.0000000000E+00  0.4731055411E+04  0.1305226618E+05  0.2026380054E+05
L8 0.5791107958E+04  0.5801013380E+05  0.0000000000E+00  0.0000000000E+00
L9 0.0000000000E+00  0.0000000000E+00  0.0000000000E+00  0.1036130802E+01  0.0000000000E+00
L0    76000  0.2620000000E+03  -.3522159530E+06  0.9280788591E+05
L1 0.2998368442E+03  0.2998368442E+03  -.4450238389E+12  0.1000000000E+01
L2 0.1000000000E+01  0.1238741406E+03  0.9763772836E+02  0.1227420465E+03
L3 0.1484553273E+07  -.1836287580E+03  -.2128521250E+03  0.8152859220E+02
L4 -.1049840969E+03  0.1248216890E+05  0.1236333352E+05  0.1239977638E+05
L5 0.3724527881E+05  0.1444414207E+05  0.1463754244E+05  0.1152868782E+05
L6 0.4061037233E+05  -.4450238389E+06  0.4374423464E+05  -.5907476619E+06
L7 0.0000000000E+00  0.4869334058E+04  0.1306879946E+05  0.2024450160E+05
L8 0.5735015657E+04  0.5806193761E+05  0.0000000000E+00  0.0000000000E+00
L9 0.0000000000E+00  0.0000000000E+00  0.0000000000E+00  0.1035926109E+01  0.0000000000E+00
L0    77000  0.2640000000E+03  -.3523231219E+06  0.9294435438E+05
L1 0.3002777365E+03  0.3002777365E+03  -.4452674763E+12  0.1000000000E+01
L2 0.1000000000E+01  0.1237937448E+03  0.9757436031E+02  0.1226623855E+03
L3 0.1481655569E+07  -.6738846130E+02  0.2526072733E+02  -.6623555542E+02
L4 -.3612109646E+02  0.1236649445E+05  0.1262527073E+05  0.1251986313E+05
L5 0.3751162831E+05  0.1308509803E+05  0.1235590044E+05  0.1322617259E+05
L6 0.3866717106E+05  -.4452674763E+06  0.4427648900E+05  -.5913147320E+06
L7 0.0000000000E+00  0.4674003243E+04  0.1307195207E+05  0.2015309972E+05
L8 0.5765192219E+04  0.5810651943E+05  0.0000000000E+00  0.0000000000E+00
L9 0.0000000000E+00  0.0000000000E+00  0.0000000000E+00  0.1037952091E+01  0.0000000000E+00
L0    78000  0.2660000000E+03  -.3521189308E+06  0.9286030714E+05
L1 0.3000062029E+03  0.3000062029E+03  -.4449792379E+12  0.1000000000E+01
L2 0.1000000000E+01  0.1238385375E+03  0.9760966601E+02  0.1227067689E+03
L3 0.1483256844E+07  0.2106440235E+03  -.3367415947E+02  -.1119594789E+03
L4 0.2167012838E+02  0.1250953600E+05  0.1257503068E+05  0.1235040881E+05
L5 0.3743497549E+05  0.1026088486E+05  0.1293450652E+05  0.1354559016E+05
L6 0.3674098155E+05  -.4449792379E+06  0.4497804425E+05  -.5918262951E+06
L7 0.0000000000E+00  0.4768458899E+04  0.1302486608E+05  0.2027727590E+05
L8 0.5732272429E+04  0.5806613963E+05  0.0000000000E+00  0.0000000000E+00
L9 0.0000000000E+00  0.0000000000E+00  0.0000000000E+00  0.1036831553E+01  0.0000000000E+00
L0    79000  0.2680000000E+03  -.3525330826E+06  0.9253153427E+05
L1 0.2989440278E+03  0.2989440278E+03  -.4450646168E+12  0.1000000000E+01
L2 0.1000000000E+01  0.1238629749E+03  0.9762892753E+02  0.1227309829E+03
L3 0.1484139804E+07  -.1782895502E+03  0.6871583165E+02  0.6798872501E+02
L4 -.1386166450E+02  0.1243726479E+05  0.1237081334E+05  0.1247523272E+05
L5 0.3728331085E+05  0.1434166088E+05  0.1163682662E+05  0.1174901258E+05
L6 0.3772750009E+05  -.4450646168E+06  0.4473301590E+05  -.5918241135E+06
L7 0.0000000000E+00  0.4850704609E+04  0.1311685649E+05  0.2022700162E+05
L8 0.5754288621E+04  0.5807762945E+05  0.0000000000E+00  0.0000000000E+00
L9 0.0000000000E+00  0.0000000000E+00  0.0000000000E+00  0.1036214710E+01  0.0000000000E+00
L0    80000  0.2700000000E+03  -.3519169525E+06  0.9288947517E+05
L1 0.3001004368E+03  0.3001004368E+03  -.4448064277E+12  0.1000000000E+01
L2 0.1000000000E+01  0.1238942862E+03  0.9765360713E+02  0.1227620080E+03
L3 0.1485267799E+07  0.5185913587E+02  0.4035897825E+01  -.1469413617E+03
L4 -.3034877599E+02  0.1243466051E+05  0.1246388350E+05  0.1250203097E+05
L5 0.3740057498E+05  0.1188030723E+05  0.1242074137E+05  0.1407277496E+05
L6 0.3837382357E+05  -.4448064277E+06  0.4406431903E+05  -.5906636087E+06
L7 0.0000000000E+00  0.4720729794E+04  0.1307020836E+05  0.2010107964E+05
L8 0.5816500554E+04  0.5808434367E+05  0.0000000000E+00  0.0000000000E+00
L9 0.0000000000E+00  0.0000000000E+00  0.0000000000E+00  0.1035427751E+01  0.0000000000E+00
L0    81000  0.2720000000E+03  -.3519617455E+06  0.9326796391E+05
L1 0.3013232302E+03  0.3013232302E+03  -.4452297094E+12  0.1000000000E+01
L2 0.1000000000E+01  0.1238410838E+03  0.9761167297E+02  0.1227092918E+03
L3 0.1483363398E+07  -.2105098747E+03  0.8316823714E+02  -.1490993240E+03
L4 -.9214698721E+02  0.1251274121E+05  0.1267790537E+05  0.1257147589E+05
L5 0.3776212246E+05  0.1476012173E+05  0.1179001032E+05  0.1416324404E+05
L6 0.4071337609E+05  -.4452297094E+06  0.4446884768E+05  -.5916582070E+06
L7 0.0000000000E+00  0.4733977073E+04  0.1307758105E+05  0.2025297695E+05
L8 0.5711806800E+04  0.5818330804E+05  0.0000000000E+00  0.0000000000E+00
L9 0.0000000000E+00  0.0000000000E+00  0.0000000000E+00  0.1036757074E+01  0.0000000000E+00
L0    82000  0.2740000000E+03  -.3522584953E+06  0.9316335110E+05
L1 0.3009852548E+03  0.3009852548E+03  -.4454218464E+12  0.1000000000E+01
L2 0.1000000000E+01  0.1238323520E+03  0.9760479057E+02  0.1227006399E+03
L3 0.1483058750E+07  0.8061873292E+02  -.3125150768E+03  -.2508394992E+03
L4 -.1609119477E+03  0.1247034203E+05  0.1255418325E+05  0.1252361665E+05
L5 0.3754814194E+05  0.1160984197E+05  0.1588987500E+05  0.1520100187E+05
L6 0.4270071884E+05  -.4454218464E+06  0.4394760988E+05  -.5912696085E+06
L7 0.0000000000E+00  0.4762161505E+04  0.1292781301E+05  0.2031009199E+05
L8 0.5773385466E+04  0.5812670019E+05  0.0000000000E+00  0.0000000000E+00
L9 0.0000000000E+00  0.0000000000E+00  0.0000000000E+00  0.1036970043E+01  0.0000000000E+00
L0    83000  0.2760000000E+03  -.3525705839E+06  0.9247708540E+05
L1 0.2987681185E+03  0.2987681185E+03  -.4450476693E+12  0.1000000000E+01
L2 0.1000000000E+01  0.1238039392E+03  0.9758239552E+02  0.1226724867E+03
L3 0.1482032260E+07  -.9171491592E+02  -.1614323521E+03  -.9619215763E+02
L4 -.1164464752E+03  0.1252526139E+05  0.1234029761E+05  0.1242339006E+05
L5 0.3728894906E+05  0.1350352119E+05  0.1406218527E+05  0.1344940551E+05
L6 0.4101511197E+05  -.4450476693E+06  0.4411504362E+05  -.5912518115E+06
L7 0.0000000000E+00  0.4754541410E+04  0.1308338372E+05  0.2023210056E+05
L8 0.5797672324E+04  0.5822140058E+05  0.0000000000E+00  0.0000000000E+00
L9 0.0000000000E+00  0.0000000000E+00  0.0000000000E+00  0.1037688273E+01  0.0000000000E+00
L0    84000  0.2780000000E+03  -.3526128571E+06  0.9267107162E+05
L1 0.2993948347E+03  0.2993948347E+03  -.4452839287E+12  0.1000000000E+01
L2 0.1000000000E+01  0.1238150912E+03  0.9759118555E+02  0.1226835368E+03
L3 0.1482391381E+07  0.1010234283E+03  0.3054732457E+03  0.1836661609E+03
L4 0.1967209449E+03  0.1229320771E+05  0.1244975254E+05  0.1235606362E+05
L5 0.3709902388E+05  0.1121539931E+05  0.9190690408E+04  0.1039654854E+05
L6 0.3080263827E+05  -.4452839287E+06  0.4474157185E+05  -.5920795247E+06
L7 0.0000000000E+00  0.4753031316E+04  0.1318443942E+05  0.2025449598E+05
L8 0.5768891743E+04  0.5809316569E+05  0.0000000000E+00  0.0000000000E+00
L9 0.0000000000E+00  0.0000000000E+00  0.0000000000E+00  0.1037436885E+01  0.0000000000E+00
L0    85000  0.2800000000E+03  -.3522087211E+06  0.9278668500E+05
L1 0.2997683499E+03  0.2997683499E+03  -.4449954061E+12  0.1000000000E+01
L2 0.1000000000E+01  0.1238803505E+03  0.9764262304E+02  0.1227481997E+03
L3 0.1484762237E+07  0.1907040840E+03  -.1424143763E+03  -.3900266661E+02
L4 0.3095680349E+01  0.1236216218E+05  0.1252855439E+05  0.1250352752E+05
L5 0.3739424408E+05  0.1032430620E+05  0.1405038854E+05  0.1292030840E+05
L6 0.3729500315E+05  -.4449954061E+06  0.4422745966E+05  -.5911009982E+06
L7 0.0000000000E+00  0.4834759450E+04  0.1311011160E+05  0.2016509888E+05
L8 0.5729260905E+04  0.5803890153E+05  0.0000000000E+00  0.0000000000E+00
L9 0.0000000000E+00  0.0000000000E+00  0.0000000000E+00  0.1035780314E+01  0.0000000000E+00
L0    86000  0.2820000000E+03  -.3522793675E+06  0.9269596633E+05
L1 0.2994752627E+03  0.2994752627E+03  -.4449753339E+12  0.1000000000E+01
L2 0.1000000000E+01  0.1238743063E+03  0.9763785900E+02  0.1227422107E+03
L3 0.1484573231E+07  -.5314588041E+03  -.6076144921E+02  -.3986001026E+02
L4 -.2106934212E+03  0.1234792693E+05  0.1249757655E+05  0.1247352756E+05
L5 0.3731903103E+05  0.1802635085E+05  0.1314678824E+05  0.1289941576E+05
L6 0.4407255484E+05  -.4449753339E+06  0.4454300736E+05  -.5912125732E+06
L7 0.0000000000E+00  0.4716228401E+04  0.1308227974E+05  0.2008386082E+05
L8 0.5739403954E+04  0.5807245908E+05  0.0000000000E+00  0.0000000000E+00
L9 0.0000000000E+00  0.0000000000E+00  0.0000000000E+00  0.1035912183E+01  0.0000000000E+00
L0    87000  0.2840000000E+03  -.3521132057E+06  0.9293621888E+05
L1 0.3002514529E+03  0.3002514529E+03  -.4450494246E+12  0.1000000000E+01
L2 0.1000000000E+01  0.1238774102E+03  0.9764030545E+02  0.1227452862E+03
L3 0.1484651772E+07  -.5340158410E+02  0.8490992897E+02  0.8521614745E+02
L4 0.3890816410E+02  0.1246301042E+05  0.1248528287E+05  0.1255507670E+05
L5 0.3750336998E+05  0.1303361509E+05  0.1157800637E+05  0.1164452821E+05
L6 0.3625614967E+05  -.4450494246E+06  0.4431830984E+05  -.5911411257E+06
L7 0.0000000000E+00  0.4697112794E+04  0.1300045662E+05  0.2021033578E+05
L8 0.5749664648E+04  0.5811582144E+05  0.0000000000E+00  0.0000000000E+00
L9 0.0000000000E+00  0.0000000000E+00  0.0000000000E+00  0.1035857381E+01  0.0000000000E+00
L0    88000  0.2860000000E+03  -.3520908255E+06  0.9285054725E+05
L1 0.2999746713E+03  0.2999746713E+03  -.4449413727E+12  0.1000000000E+01
L2 0.1000000000E+01  0.1238207837E+03  0.9759567238E+02  0.1226891772E+03
L3 0.1482611539E+07  -.1670481378E+02  -.3007054290E+02  0.2810865252E+03
L4 0.7810372285E+02  0.1241923930E+05  0.1262199190E+05  0.1241335280E+05
L5 0.3745458400E+05  0.1259748768E+05  0.1294285902E+05  0.9414024658E+04
L6 0.3495437136E+05  -.4449413727E+06  0.4420275645E+05  -.5908883987E+06
L7 0.0000000000E+00  0.4777910501E+04  0.1300387057E+05  0.2016822090E+05
L8 0.5741101504E+04  0.5805316602E+05  0.0000000000E+00  0.0000000000E+00
L9 0.0000000000E+00  0.0000000000E+00  0.0000000000E+00  0.1037282832E+01  0.0000000000E+00
L0    89000  0.2880000000E+03  -.3517640208E+06  0.9324402451E+05
L1 0.3012458885E+03  0.3012458885E+03  -.4450080453E+12  0.1000000000E+01
L2 0.1000000000E+01  0.1238614791E+03  0.9762774853E+02  0.1227295007E+03
L3 0.1484075630E+07  0.1154340987E+03  0.1274430738E+03  -.4863835421E+02
L4 0.6474627277E+02  0.1260196944E+05  0.1252648960E+05  0.1245998271E+05
L5 0.3758844175E+05  0.1136901585E+05  0.1116526794E+05  0.1297948980E+05
L6 0.3551377359E+05  -.4450080453E+06  0.4404468957E+05  -.5909660487E+06
L7 0.0000000000E+00  0.4790358560E+04  0.1296460610E+05  0.2024819307E+05
L8 0.5740849823E+04  0.5816930630E+05  0.0000000000E+00  0.0000000000E+00
L9 0.0000000000E+00  0.0000000000E+00  0.0000000000E+00  0.1036259518E+01  0.0000000000E+00
L0    90000  0.2900000000E+03  -.3518689896E+06  0.9279310375E+05
L1 0.2997890871E+03  0.2997890871E+03  -.4446620933E+12  0.1000000000E+01
L2 0.1000000000E+01  0.1238960273E+03  0.9765497949E+02  0.1227637332E+03
L3 0.1485346019E+07  -.2091401351E+03  -.2063745052E+03  -.2875950461E+02
L4 -.1480913816E+03  0.1254718736E+05  0.1241242225E+05  0.1261677423E+05
L5 0.3757638384E+05  0.1478292892E+05  0.1461859879E+05  0.1292421794E+05
L6 0.4232574565E+05  -.4446620933E+06  0.4390979998E+05  -.5905750370E+06
L7 0.0000000000E+00  0.4750765579E+04  0.1296212856E+05  0.2017255964E+05
L8 0.5825417181E+04  0.5829227272E+05  0.0000000000E+00  0.0000000000E+00
L9 0.0000000000E+00  0.0000000000E+00  0.0000000000E+00  0.1035373224E+01  0.0000000000E+00
L0    91000  0.2920000000E+03  -.3513147419E+06  0.9331740561E+05
L1 0.3014829628E+03  0.3014829628E+03  -.4446321475E+12  0.1000000000E+01
L2 0.1000000000E+01  0.1238447508E+03  0.9761456330E+02  0.1227129253E+03
L3 0.1483484300E+07  0.5685279326E+02  -.2184596456E+02  -.6499052579E+02
L4 -.9994565696E+01  0.1269496313E+05  0.1245539348E+05  0.1255778479E+05
L5 0.3770814140E+05  0.1208795943E+05  0.1268863763E+05  0.1325167312E+05
L6 0.3802827018E+05  -.4446321475E+06  0.4392263323E+05  -.5903814079E+06
L7 0.0000000000E+00  0.4725662824E+04  0.1307861708E+05  0.2014994428E+05
L8 0.5743902357E+04  0.5812850064E+05  0.0000000000E+00  0.0000000000E+00
L9 0.0000000000E+00  0.0000000000E+00  0.0000000000E+00  0.1036672580E+01  0.0000000000E+00
L0    92000  0.2940000000E+03  -.3518281418E+06  0.9293733665E+05
L1 0.3002550641E+03  0.3002550641E+03  -.4447654785E+12  0.1000000000E+01
L2 0.1000000000E+01  0.1238256015E+03  0.9759946981E+02  0.1226939510E+03
L3 0.1482790522E+07  0.7087708236E+02  0.7106925715E+01  0.2223368965E+02
L4 0.3340589924E+02  0.1247726447E+05  0.1253629984E+05  0.1246347368E+05
L5 0.3747703799E+05  0.1172088068E+05  0.1246045638E+05  0.1222620090E+05
L6 0.3640753795E+05  -.4447654785E+06  0.4387210736E+05  -.5905562948E+06
L7 0.0000000000E+00  0.4717797676E+04  0.1307008590E+05  0.2024925495E+05
L8 0.5803779770E+04  0.5807779068E+05  0.0000000000E+00  0.0000000000E+00
L9 0.0000000000E+00  0.0000000000E+00  0.0000000000E+00  0.1037157625E+01  0.0000000000E+00
L0    93000  0.2960000000E+03  -.3524138499E+06  0.9284800488E+05
L1 0.2999664576E+03  0.2999664576E+03  -.4452618548E+12  0.1000000000E+01
L2 0.1000000000E+01  0.1238304720E+03  0.9760330877E+02  0.1226987771E+03
L3 0.1482967215E+07  0.6802773185E+02  -.7159000312E+02  0.6489293691E+02
L4 0.2044355521E+02  0.1228303339E+05  0.1262484958E+05  0.1244615683E+05
L5 0.3735403981E+05  0.1155697070E+05  0.1338893253E+05  0.1175355193E+05
L6 0.3669945517E+05  -.4452618548E+06  0.4411315290E+05  -.5913758040E+06
L7 0.0000000000E+00  0.4766827904E+04  0.1306609788E+05  0.2018117225E+05
L8 0.5787514400E+04  0.5819918383E+05  0.0000000000E+00  0.0000000000E+00
L9 0.0000000000E+00  0.0000000000E+00  0.0000000000E+00  0.1037034049E+01  0.0000000000E+00
L0    94000  0.2980000000E+03  -.3520920164E+06  0.9292182738E+05
L1 0.3002049579E+03  0.3002049579E+03  -.4450138438E+12  0.1000000000E+01
L2 0.1000000000E+01  0.1238426150E+03  0.9761287984E+02  0.1227108090E+03
L3 0.1483427845E+07  -.9776302022E+02  -.8827556685E+02  -.3040906990E+03
L4 -.1633764287E+03  0.1247521878E+05  0.1251070924E+05  0.1237637065E+05
L5 0.3736229867E+05  0.1351897149E+05  0.1345317053E+05  0.1562295091E+05
L6 0.4259509293E+05  -.4450138438E+06  0.4427772003E+05  -.5912924073E+06
L7 0.0000000000E+00  0.4753462545E+04  0.1310449768E+05  0.2019568852E+05
L8 0.5793597980E+04  0.5815359677E+05  0.0000000000E+00  0.0000000000E+00
L9 0.0000000000E+00  0.0000000000E+00  0.0000000000E+00  0.1036712033E+01  0.0000000000E+00
L0    95000  0.3000000000E+03  -.3518330777E+06  0.9276250902E+05
L1 0.2996902439E+03  0.2996902439E+03  -.4445955867E+12  0.1000000000E+01
L2 0.1000000000E+01  0.1238325641E+03  0.9760495770E+02  0.1227008500E+03
L3 0.1483032214E+07  0.2785001213E+03  -.6650655811E+02  0.7983160509E+02
L4 0.9727505608E+02  0.1236677839E+05  0.1230245302E+05  0.1241092853E+05
L5 0.3708015993E+05  0.9394205218E+04  0.1301231127E+05  0.1155884528E+05
L6 0.3396536177E+05  -.4445955867E+06  0.4399324184E+05  -.5905627770E+06
L7 0.0000000000E+00  0.4781414912E+04  0.1313856899E+05  0.2021567919E+05
L8 0.5755010882E+04  0.5808327451E+05  0.0000000000E+00  0.0000000000E+00
L9 0.0000000000E+00  0.0000000000E+00  0.0000000000E+00  0.1036988598E+01  0.0000000000E+00
L0    96000  0.3020000000E+03  -.3518265686E+06  0.9324064688E+05
L1 0.3012349763E+03  0.3012349763E+03  -.4450672155E+12  0.1000000000E+01
L2 0.1000000000E+01  0.1238621026E+03  0.9762824000E+02  0.1227301185E+03
L3 0.1484124510E+07  -.9323084429E+02  -.1135720694E+03  -.1987528800E+03
L4 -.1351852646E+03  0.1273279118E+05  0.1238913485E+05  0.1248666331E+05
L5 0.3760858933E+05  0.1372862422E+05  0.1360224003E+05  0.1460961615E+05
L6 0.4194048040E+05  -.4450672155E+06  0.4407204076E+05  -.5910801278E+06
L7 0.0000000000E+00  0.4764623148E+04  0.1305415823E+05  0.2020113232E+05
L8 0.5747037373E+04  0.5817392045E+05  0.0000000000E+00  0.0000000000E+00
L9 0.0000000000E+00  0.0000000000E+00  0.0000000000E+00  0.1036225388E+01  0.0000000000E+00
L0    97000  0.3040000000E+03  -.3509475427E+06  0.9316836298E+05
L1 0.3010014469E+03  0.3010014469E+03  -.4441159057E+12  0.1000000000E+01
L2 0.1000000000E+01  0.1238419810E+03  0.9761238017E+02  0.1227101809E+03
L3 0.1483376362E+07  -.4077902735E+02  0.5114642080E+02  0.1502653590E+03
L4 0.5354425082E+02  0.1254012544E+05  0.1244022113E+05  0.1256086807E+05
L5 0.3754121464E+05  0.1297548170E+05  0.1189418273E+05  0.1095663743E+05
L6 0.3582630186E+05  -.4441159057E+06  0.4380251946E+05  -.5900755888E+06
L7 0.0000000000E+00  0.4807714378E+04  0.1321968177E+05  0.2014585003E+05
L8 0.5748736630E+04  0.5823518090E+05  0.0000000000E+00  0.0000000000E+00
L9 0.0000000000E+00  0.0000000000E+00  0.0000000000E+00  0.1036748014E+01  0.0000000000E+00
L0    98000  0.3060000000E+03  -.3519648453E+06  0.9307117479E+05
L1 0.3006874584E+03  0.3006874584E+03  -.4450360201E+12  0.1000000000E+01
L2 0.1000000000E+01  0.1238122964E+03  0.9758898274E+02  0.1226807676E+03
L3 0.1482319089E+07  -.8419031107E+02  0.6053866029E+02  -.2344726602E+02
L4 -.1569963893E+02  0.1233554785E+05  0.1259371949E+05  0.1243292655E+05
L5 0.3736219389E+05  0.1323372167E+05  0.1194787035E+05  0.1268307078E+05
L6 0.3786466281E+05  -.4450360201E+06  0.4425025923E+05  -.5911749610E+06
L7 0.0000000000E+00  0.4866506636E+04  0.1304573576E+05  0.2013491582E+05
L8 0.5792863868E+04  0.5804865958E+05  0.0000000000E+00  0.0000000000E+00
L9 0.0000000000E+00  0.0000000000E+00  0.0000000000E+00  0.1037487480E+01  0.0000000000E+00
L0    99000  0.3080000000E+03  -.3517334621E+06  0.9322221602E+05
L1 0.3011754313E+03  0.3011754313E+03  -.4449556781E+12  0.1000000000E+01
L2 0.1000000000E+01  0.1238434260E+03  0.9761351912E+02  0.1227116127E+03
L3 0.1483428276E+07  0.2694346939E+03  0.1811337126E+03  -.2896890070E+03
L4 0.5362646650E+02  0.1256713983E+05  0.1249073550E+05  0.1239142934E+05
L5 0.3744930467E+05  0.9690558545E+04  0.1055688712E+05  0.1548425292E+05
L6 0.3573169859E+05  -.4449556781E+06  0.4392881532E+05  -.5906600722E+06
L7 0.0000000000E+00  0.4707098352E+04  0.1312093307E+05  0.2013020891E+05
L8 0.5748052648E+04  0.5806928578E+05  0.0000000000E+00  0.0000000000E+00
L9 0.0000000000E+00  0.0000000000E+00  0.0000000000E+00  0.1036711732E+01  0.0000000000E+00
L0   100000  0.3100000000E+03  -.3520714915E+06  0.9273835686E+05
L1 0.2996122149E+03  0.2996122149E+03  -.4448098484E+12  0.1000000000E+01
L2 0.1000000000E+01  0.1238267420E+03  0.9760036874E+02  0.1226950811E+03
L3 0.1482837371E+07  0.5524629630E+02  -.1438069078E+03  0.5548745568E+02
L4 -.1102438526E+02  0.1238344398E+05  0.1243486114E+05  0.1237753683E+05
L5 0.3719584195E+05  0.1179384969E+05  0.1396958361E+05  0.1178536885E+05
L6 0.3754880215E+05  -.4448098484E+06  0.4431788858E+05  -.5910620888E+06
L7 0.0000000000E+00  0.4746013268E+04  0.1320283436E+05  0.2017551193E+05
L8 0.5734628200E+04  0.5807536406E+05  0.0000000000E+00  0.0000000000E+00
L9 0.0000000000E+00  0.0000000000E+00  0.0000000000E+00  0.1037124857E+01  0.0000000000E+00
