L0  Nsteps           time(ps)         Etot             EKinetic        
L1  Temp             T_solute         T_solv           Pres_scal_solu  
L2  Pres_scal_solv   BoxX             BoxY             BoxZ            
L3  volume           pres_X           pres_Y           pres_Z          
L4  Pressure         EKCoM_x          EKCoM_y          EKCoM_z         
L5  EKComTot         VIRIAL_x         VIRIAL_y         VIRIAL_z        
L6  VIRIAL_tot       E_pot            E_vdw            E_el            
L7  E_hbon           E_bon            E_angle          E_dih           
L8  E_14vdw          E_14el           E_const          E_pol           
L9  AV_permMoment    AV_indMoment     AV_totMoment     Density          dV/dlambda      
L0     1000  0.1120000000E+03  -.3002788747E+06  0.8056893896E+05
L1 0.2989891188E+03  0.2989891188E+03  -.3808478137E+12  0.1000000000E+01
L2 0.1000000000E+01  0.1185158181E+03  0.1185158181E+03  0.1185158181E+03
L3 0.1281468612E+07  -.2007944977E+02  -.1342290695E+03  0.8905902283E+02
L4 -.2174983214E+02  0.1040178137E+05  0.1040571113E+05  0.1051665379E+05
L5 0.3132414629E+05  0.1058697087E+05  0.1164368401E+05  0.9695276903E+04
L6 0.3192593179E+05  -.3808478137E+06  0.3489245904E+05  -.5174705805E+06
L7 0.0000000000E+00  0.4837738934E+04  0.1299329197E+05  0.2027454033E+05
L8 0.5751319318E+04  0.5787341722E+05  0.0000000000E+00  0.0000000000E+00
L9 0.0000000000E+00  0.0000000000E+00  0.0000000000E+00  0.1043364730E+01  0.0000000000E+00
L0     2000  0.1140000000E+03  -.3004568929E+06  0.8087033773E+05
L1 0.3001076013E+03  0.3001076013E+03  -.3813272307E+12  0.1000000000E+01
L2 0.1000000000E+01  0.1185198683E+03  0.1185198683E+03  0.1185198683E+03
L3 0.1281602272E+07  0.6990277928E+02  -.1350130818E+03  -.5990093444E+02
L4 -.4167041232E+02  0.1060882510E+05  0.1050551300E+05  0.1042501388E+05
L5 0.3153935197E+05  0.9964055885E+04  0.1175084658E+05  0.1097752808E+05
L6 0.3269243054E+05  -.3813272307E+06  0.3452051140E+05  -.5173335345E+06
L7 0.0000000000E+00  0.4740401262E+04  0.1284383212E+05  0.2033336668E+05
L8 0.5696604268E+04  0.5787158810E+05  0.0000000000E+00  0.0000000000E+00
L9 0.0000000000E+00  0.0000000000E+00  0.0000000000E+00  0.1043255916E+01  0.0000000000E+00
L0     3000  0.1160000000E+03  -.3004685809E+06  0.8090948317E+05
L1 0.3002528690E+03  0.3002528690E+03  -.3813780640E+12  0.1000000000E+01
L2 0.1000000000E+01  0.1185430046E+03  0.1185430046E+03  0.1185430046E+03
L3 0.1282348755E+07  0.4938631248E+02  0.8981040655E+02  -.1537638267E+03
L4 -.4855702564E+01  0.1042503292E+05  0.1053251831E+05  0.1042887162E+05
L5 0.3138642285E+05  0.9969238150E+04  0.9703642633E+04  0.1184798441E+05
L6 0.3152086519E+05  -.3813780640E+06  0.3472383483E+05  -.5178943581E+06
L7 0.0000000000E+00  0.4802129252E+04  0.1301611021E+05  0.2028188224E+05
L8 0.5753295665E+04  0.5793904184E+05  0.0000000000E+00  0.0000000000E+00
L9 0.0000000000E+00  0.0000000000E+00  0.0000000000E+00  0.1042648615E+01  0.0000000000E+00
L0     4000  0.1180000000E+03  -.3005208674E+06  0.8062845832E+05
L1 0.2992099935E+03  0.2992099935E+03  -.3811493257E+12  0.1000000000E+01
L2 0.1000000000E+01  0.1185055107E+03  0.1185055107E+03  0.1185055107E+03
L3 0.1281131126E+07  0.7782066844E+02  -.1089814919E+03  0.4895498176E+02
L4 0.5931386098E+01  0.1044350132E+05  0.1040351617E+05  0.1055793921E+05
L5 0.3140495671E+05  0.9725962970E+04  0.1140837005E+05  0.1010655428E+05
L6 0.3124088730E+05  -.3811493257E+06  0.3509622933E+05  -.5182031172E+06
L7 0.0000000000E+00  0.4696322346E+04  0.1301584180E+05  0.2040889919E+05
L8 0.5783525654E+04  0.5805297325E+05  0.0000000000E+00  0.0000000000E+00
L9 0.0000000000E+00  0.0000000000E+00  0.0000000000E+00  0.1043639582E+01  0.0000000000E+00
L0     5000  0.1200000000E+03  -.3004616394E+06  0.8084028796E+05
L1 0.2999960874E+03  0.2999960874E+03  -.3813019274E+12  0.1000000000E+01
L2 0.1000000000E+01  0.1184785341E+03  0.1184785341E+03  0.1184785341E+03
L3 0.1280273621E+07  0.2953747609E+02  -.1123408532E+03  -.3513487328E+03
L4 -.1447173700E+03  0.1057328690E+05  0.1041912477E+05  0.1043635680E+05
L5 0.3142876847E+05  0.1030112159E+05  0.1145426001E+05  0.1367376728E+05
L6 0.3542914889E+05  -.3813019274E+06  0.3463066385E+05  -.5177555465E+06
L7 0.0000000000E+00  0.4799065887E+04  0.1307942331E+05  0.2025851994E+05
L8 0.5748335922E+04  0.5793761019E+05  0.0000000000E+00  0.0000000000E+00
L9 0.0000000000E+00  0.0000000000E+00  0.0000000000E+00  0.1044338594E+01  0.0000000000E+00
L0     6000  0.1220000000E+03  -.3007414673E+06  0.8094517332E+05
L1 0.3003853142E+03  0.3003853142E+03  -.3816866406E+12  0.1000000000E+01
L2 0.1000000000E+01  0.1184587247E+03  0.1184587247E+03  0.1184587247E+03
L3 0.1279617680E+07  -.1492278741E+03  0.1198362077E+03  -.4027408924E+02
L4 -.2322191855E+02  0.1042304672E+05  0.1051968247E+05  0.1045029600E+05
L5 0.3139302520E+05  0.1179736323E+05  0.9416048990E+04  0.1082120088E+05
L6 0.3203461310E+05  -.3816866406E+06  0.3518072151E+05  -.5184210105E+06
L7 0.0000000000E+00  0.4803240910E+04  0.1293835553E+05  0.2030279782E+05
L8 0.5735213398E+04  0.5777404071E+05  0.0000000000E+00  0.0000000000E+00
L9 0.0000000000E+00  0.0000000000E+00  0.0000000000E+00  0.1044873929E+01  0.0000000000E+00
L0     7000  0.1240000000E+03  -.3011421788E+06  0.8077154318E+05
L1 0.2997409775E+03  0.2997409775E+03  -.3819137220E+12  0.1000000000E+01
L2 0.1000000000E+01  0.1184397702E+03  0.1184397702E+03  0.1184397702E+03
L3 0.1279005027E+07  -.1068044782E+03  0.1512811032E+03  -.1536076669E+03
L4 -.3637701400E+02  0.1035596673E+05  0.1047683873E+05  0.1055948920E+05
L5 0.3139229466E+05  0.1133911336E+05  0.9084280016E+04  0.1197346418E+05
L6 0.3239685756E+05  -.3819137220E+06  0.3469458698E+05  -.5182352691E+06
L7 0.0000000000E+00  0.4797413992E+04  0.1302048237E+05  0.2020092086E+05
L8 0.5730477822E+04  0.5787766510E+05  0.0000000000E+00  0.0000000000E+00
L9 0.0000000000E+00  0.0000000000E+00  0.0000000000E+00  0.1045374431E+01  0.0000000000E+00
L0     8000  0.1260000000E+03  -.3004721017E+06  0.8089256232E+05
L1 0.3001900762E+03  0.3001900762E+03  -.3813646640E+12  0.1000000000E+01
L2 0.1000000000E+01  0.1184349711E+03  0.1184349711E+03  0.1184349711E+03
L3 0.1278849132E+07  -.3944831793E+02  -.7216724747E+02  0.1374572255E+02
L4 -.3262328095E+02  0.1051497051E+05  0.1048202373E+05  0.1028291813E+05
L5 0.3127991237E+05  0.1087805223E+05  0.1114624998E+05  0.1015640271E+05
L6 0.3218070492E+05  -.3813646640E+06  0.3469983814E+05  -.5178581409E+06
L7 0.0000000000E+00  0.4714363438E+04  0.1302194432E+05  0.2028270135E+05
L8 0.5781113148E+04  0.5799351653E+05  0.0000000000E+00  0.0000000000E+00
L9 0.0000000000E+00  0.0000000000E+00  0.0000000000E+00  0.1045501866E+01  0.0000000000E+00
L0     9000  0.1280000000E+03  -.3000733424E+06  0.8110369185E+05
L1 0.3009735720E+03  0.3009735720E+03  -.3811770343E+12  0.1000000000E+01
L2 0.1000000000E+01  0.1184983676E+03  0.1184983676E+03  0.1184983676E+03
L3 0.1280899326E+07  0.1332437876E+02  -.6136295223E+02  0.6974863512E+02
L4 0.7236687218E+01  0.1049452056E+05  0.1034288661E+05  0.1051060293E+05
L5 0.3134801010E+05  0.1037168658E+05  0.1090857572E+05  0.9867608385E+04
L6 0.3114787068E+05  -.3811770343E+06  0.3474938524E+05  -.5176021530E+06
L7 0.0000000000E+00  0.4667111962E+04  0.1302020666E+05  0.2027644385E+05
L8 0.5785219869E+04  0.5792675114E+05  0.0000000000E+00  0.0000000000E+00
L9 0.0000000000E+00  0.0000000000E+00  0.0000000000E+00  0.1043828446E+01  0.0000000000E+00
L0    10000  0.1300000000E+03  -.3006922028E+06  0.8095774311E+05
L1 0.3004319603E+03  0.3004319603E+03  -.3816499459E+12  0.1000000000E+01
L2 0.1000000000E+01  0.1184706755E+03  0.1184706755E+03  0.1184706755E+03
L3 0.1280006851E+07  -.2732859132E+03  -.5728585942E+02  0.2124545335E+03
L4 -.3937241304E+02  0.1061780569E+05  0.1050367446E+05  0.1049309212E+05
L5 0.3161457226E+05  0.1313540215E+05  0.1103140996E+05  0.8535893603E+04
L6 0.3270270571E+05  -.3816499459E+06  0.3485885551E+05  -.5181357299E+06
L7 0.0000000000E+00  0.4769643513E+04  0.1288754643E+05  0.2027190104E+05
L8 0.5810024074E+04  0.5788781342E+05  0.0000000000E+00  0.0000000000E+00
L9 0.0000000000E+00  0.0000000000E+00  0.0000000000E+00  0.1044556247E+01  0.0000000000E+00
L0    11000  0.1320000000E+03  -.3003452406E+06  0.8075254338E+05
L1 0.2996704697E+03  0.2996704697E+03  -.3810977840E+12  0.1000000000E+01
L2 0.1000000000E+01  0.1184959089E+03  0.1184959089E+03  0.1184959089E+03
L3 0.1280825081E+07  0.1225882469E+03  -.7370842016E+02  -.1711813848E+03
L4 -.4076718603E+02  0.1041740100E+05  0.1045053847E+05  0.1041476838E+05
L5 0.3128270786E+05  0.9287357304E+04  0.1112999786E+05  0.1199275363E+05
L6 0.3241010880E+05  -.3810977840E+06  0.3496356878E+05  -.5176929754E+06
L7 0.0000000000E+00  0.4836830661E+04  0.1295395484E+05  0.2033461052E+05
L8 0.5779423160E+04  0.5772680348E+05  0.0000000000E+00  0.0000000000E+00
L9 0.0000000000E+00  0.0000000000E+00  0.0000000000E+00  0.1043888953E+01  0.0000000000E+00
L0    12000  0.1340000000E+03  -.3002422661E+06  0.8128307892E+05
L1 0.3016392726E+03  0.3016392726E+03  -.3815253451E+12  0.1000000000E+01
L2 0.1000000000E+01  0.1184797629E+03  0.1184797629E+03  0.1184797629E+03
L3 0.1280287826E+07  -.1555073003E+03  0.2131511375E+03  0.1815046801E+03
L4 0.7971617241E+02  0.1047135026E+05  0.1065837560E+05  0.1055398765E+05
L5 0.3168371351E+05  0.1190424728E+05  0.8694328719E+04  0.8881541959E+04
L6 0.2948011796E+05  -.3815253451E+06  0.3495810053E+05  -.5181993179E+06
L7 0.0000000000E+00  0.4748347312E+04  0.1294275677E+05  0.2030760835E+05
L8 0.5789410079E+04  0.5792774982E+05  0.0000000000E+00  0.0000000000E+00
L9 0.0000000000E+00  0.0000000000E+00  0.0000000000E+00  0.1044327007E+01  0.0000000000E+00
L0    13000  0.1360000000E+03  -.2996045494E+06  0.8111908184E+05
L1 0.3010306839E+03  0.3010306839E+03  -.3807236313E+12  0.1000000000E+01
L2 0.1000000000E+01  0.1185343183E+03  0.1185343183E+03  0.1185343183E+03
L3 0.1282077777E+07  -.2117361739E+03  -.1167914292E+01  -.8747978879E+02
L4 -.1001279590E+03  0.1046938752E+05  0.1049896196E+05  0.1043219672E+05
L5 0.3140054621E+05  0.1242312413E+05  0.1050973857E+05  0.1123939212E+05
L6 0.3417225482E+05  -.3807236313E+06  0.3472877342E+05  -.5170213617E+06
L7 0.0000000000E+00  0.4905712594E+04  0.1278826185E+05  0.2024351021E+05
L8 0.5778339959E+04  0.5785313244E+05  0.0000000000E+00  0.0000000000E+00
L9 0.0000000000E+00  0.0000000000E+00  0.0000000000E+00  0.1042868987E+01  0.0000000000E+00
L0    14000  0.1380000000E+03  -.2998459904E+06  0.8114196644E+05
L1 0.3011156080E+03  0.3011156080E+03  -.3809879568E+12  0.1000000000E+01
L2 0.1000000000E+01  0.1185185227E+03  0.1185185227E+03  0.1185185227E+03
L3 0.1281552496E+07  0.2688544219E+03  -.2113603656E+03  -.2173085701E+02
L4 0.1192106644E+02  0.1056739325E+05  0.1060114900E+05  0.1051629736E+05
L5 0.3168483962E+05  0.8087630312E+04  0.1255061889E+05  0.1071673064E+05
L6 0.3135497985E+05  -.3809879568E+06  0.3464757054E+05  -.5173242103E+06
L7 0.0000000000E+00  0.4836230881E+04  0.1302185057E+05  0.2027652237E+05
L8 0.5744532191E+04  0.5780954694E+05  0.0000000000E+00  0.0000000000E+00
L9 0.0000000000E+00  0.0000000000E+00  0.0000000000E+00  0.1043296437E+01  0.0000000000E+00
L0    15000  0.1400000000E+03  -.3000382665E+06  0.8102787217E+05
L1 0.3006922073E+03  0.3006922073E+03  -.3810661387E+12  0.1000000000E+01
L2 0.1000000000E+01  0.1185369849E+03  0.1185369849E+03  0.1185369849E+03
L3 0.1282167243E+07  -.1947192675E+03  -.1536250673E+03  -.2911393618E+02
L4 -.1258194237E+03  0.1048530132E+05  0.1048170766E+05  0.1059226905E+05
L5 0.3155927803E+05  0.1228214453E+05  0.1189933912E+05  0.1086092854E+05
L6 0.3504241220E+05  -.3810661387E+06  0.3476062280E+05  -.5175455646E+06
L7 0.0000000000E+00  0.4850836688E+04  0.1299520161E+05  0.2024426982E+05
L8 0.5717691736E+04  0.5791080324E+05  0.0000000000E+00  0.0000000000E+00
L9 0.0000000000E+00  0.0000000000E+00  0.0000000000E+00  0.1042796219E+01  0.0000000000E+00
L0    16000  0.1420000000E+03  -.3003264288E+06  0.8102231912E+05
L1 0.3006716001E+03  0.3006716001E+03  -.3813487479E+12  0.1000000000E+01
L2 0.1000000000E+01  0.1184803511E+03  0.1184803511E+03  0.1184803511E+03
L3 0.1280322845E+07  -.5098042427E+02  0.1419171994E+02  -.1431400902E+03
L4 -.5997626486E+02  0.1049131550E+05  0.1057144775E+05  0.1059179734E+05
L5 0.3165456059E+05  0.1096107928E+05  0.1044067685E+05  0.1191077476E+05
L6 0.3331253089E+05  -.3813487479E+06  0.3448448253E+05  -.5174327591E+06
L7 0.0000000000E+00  0.4693143648E+04  0.1303828325E+05  0.2026351555E+05
L8 0.5802229097E+04  0.5780235717E+05  0.0000000000E+00  0.0000000000E+00
L9 0.0000000000E+00  0.0000000000E+00  0.0000000000E+00  0.1044298443E+01  0.0000000000E+00
L0    17000  0.1440000000E+03  -.3001202337E+06  0.8110967178E+05
L1 0.3009957634E+03  0.3009957634E+03  -.3812299055E+12  0.1000000000E+01
L2 0.1000000000E+01  0.1184781567E+03  0.1184781567E+03  0.1184781567E+03
L3 0.1280248591E+07  0.9183119437E+02  -.2836776877E+03  0.9379770617E+02
L4 -.3268292906E+02  0.1054242762E+05  0.1039418475E+05  0.1043552181E+05
L5 0.3137213418E+05  0.9696289777E+04  0.1300800708E+05  0.9571264416E+04
L6 0.3227556128E+05  -.3812299055E+06  0.3496427834E+05  -.5179417997E+06
L7 0.0000000000E+00  0.4850945027E+04  0.1318171636E+05  0.2018193901E+05
L8 0.5738909038E+04  0.5779410648E+05  0.0000000000E+00  0.0000000000E+00
L9 0.0000000000E+00  0.0000000000E+00  0.0000000000E+00  0.1044359011E+01  0.0000000000E+00
L0    18000  0.1460000000E+03  -.2997609957E+06  0.8118150689E+05
L1 0.3012623415E+03  0.3012623415E+03  -.3809425026E+12  0.1000000000E+01
L2 0.1000000000E+01  0.1185267033E+03  0.1185267033E+03  0.1185267033E+03
L3 0.1281838927E+07  -.4221569203E+03  -.1274583172E+03  0.3333497995E+02
L4 -.1720934192E+03  0.1043580618E+05  0.1060189314E+05  0.1041138904E+05
L5 0.3144908836E+05  0.1433041595E+05  0.1177776018E+05  0.1010385709E+05
L6 0.3621203323E+05  -.3809425026E+06  0.3429914721E+05  -.5170467102E+06
L7 0.0000000000E+00  0.4812081326E+04  0.1300815008E+05  0.2034794213E+05
L8 0.5715588421E+04  0.5792129845E+05  0.0000000000E+00  0.0000000000E+00
L9 0.0000000000E+00  0.0000000000E+00  0.0000000000E+00  0.1043063309E+01  0.0000000000E+00
L0    19000  0.1480000000E+03  -.3005059019E+06  0.8102922323E+05
L1 0.3006972210E+03  0.3006972210E+03  -.3815351251E+12  0.1000000000E+01
L2 0.1000000000E+01  0.1185095795E+03  0.1185095795E+03  0.1185095795E+03
L3 0.1281263599E+07  0.9792658031E+02  -.4724441273E+02  -.4622819551E+02
L4 0.1484657355E+01  0.1047365047E+05  0.1052198120E+05  0.1053389905E+05
L5 0.3152953071E+05  0.9570634027E+04  0.1095763903E+05  0.1096018597E+05
L6 0.3148845903E+05  -.3815351251E+06  0.3497097889E+05  -.5180549643E+06
L7 0.0000000000E+00  0.4794179132E+04  0.1304727087E+05  0.2029992018E+05
L8 0.5721783304E+04  0.5768570680E+05  0.0000000000E+00  0.0000000000E+00
L9 0.0000000000E+00  0.0000000000E+00  0.0000000000E+00  0.1043531678E+01  0.0000000000E+00
L0    20000  0.1500000000E+03  -.3007132750E+06  0.8099204981E+05
L1 0.3005592715E+03  0.3005592715E+03  -.3817053248E+12  0.1000000000E+01
L2 0.1000000000E+01  0.1184481478E+03  0.1184481478E+03  0.1184481478E+03
L3 0.1279270716E+07  -.1067852246E+03  0.1256876769E+02  0.1358547612E+03
L4 0.1387943476E+02  0.1041987916E+05  0.1052111758E+05  0.1048189099E+05
L5 0.3142288773E+05  0.1140305275E+05  0.1040539670E+05  0.9231073627E+04
L6 0.3103952307E+05  -.3817053248E+06  0.3499235214E+05  -.5181716997E+06
L7 0.0000000000E+00  0.4718532894E+04  0.1299074838E+05  0.2021909847E+05
L8 0.5692992723E+04  0.5785265032E+05  0.0000000000E+00  0.0000000000E+00
L9 0.0000000000E+00  0.0000000000E+00  0.0000000000E+00  0.1045157320E+01  0.0000000000E+00
L0    21000  0.1520000000E+03  -.3010909057E+06  0.8028269759E+05
L1 0.2979268849E+03  0.2979268849E+03  -.3813736032E+12  0.1000000000E+01
L2 0.1000000000E+01  0.1184269809E+03  0.1184269809E+03  0.1184269809E+03
L3 0.1278584658E+07  0.3909648019E+02  0.6327920382E+02  -.5131453457E+02
L4 0.1702038314E+02  0.1035502204E+05  0.1045180993E+05  0.1038644132E+05
L5 0.3119327329E+05  0.9995253049E+04  0.9869509551E+04  0.1085864184E+05
L6 0.3072340444E+05  -.3813736032E+06  0.3451766768E+05  -.5178522035E+06
L7 0.0000000000E+00  0.4765376689E+04  0.1313269563E+05  0.2032557288E+05
L8 0.5744746526E+04  0.5799254081E+05  0.0000000000E+00  0.0000000000E+00
L9 0.0000000000E+00  0.0000000000E+00  0.0000000000E+00  0.1045718126E+01  0.0000000000E+00
L0    22000  0.1540000000E+03  -.3008206148E+06  0.8084275808E+05
L1 0.3000052540E+03  0.3000052540E+03  -.3816633729E+12  0.1000000000E+01
L2 0.1000000000E+01  0.1184661464E+03  0.1184661464E+03  0.1184661464E+03
L3 0.1279866616E+07  -.1685946853E+03  0.1595931862E+03  -.2815566276E+03
L4 -.9685270893E+02  0.1034395865E+05  0.1043893026E+05  0.1050170476E+05
L5 0.3128459367E+05  0.1189693617E+05  0.8968868310E+04  0.1309520950E+05
L6 0.3396101398E+05  -.3816633729E+06  0.3480213157E+05  -.5180928194E+06
L7 0.0000000000E+00  0.4683424743E+04  0.1297795243E+05  0.2015729157E+05
L8 0.5785621831E+04  0.5802302436E+05  0.0000000000E+00  0.0000000000E+00
L9 0.0000000000E+00  0.0000000000E+00  0.0000000000E+00  0.1044670699E+01  0.0000000000E+00
L0    23000  0.1560000000E+03  -.3006857273E+06  0.8071986272E+05
L1 0.2995491927E+03  0.2995491927E+03  -.3814055900E+12  0.1000000000E+01
L2 0.1000000000E+01  0.1184633046E+03  0.1184633046E+03  0.1184633046E+03
L3 0.1279752866E+07  0.2334199522E+03  0.3154442830E+02  0.1336251924E+02
L4 0.9277563324E+02  0.1037504382E+05  0.1048937243E+05  0.1045561532E+05
L5 0.3132003157E+05  0.8225131905E+04  0.1019883282E+05  0.1033253998E+05
L6 0.2875650471E+05  -.3814055900E+06  0.3530395594E+05  -.5183054856E+06
L7 0.0000000000E+00  0.4746454113E+04  0.1296445060E+05  0.2020799791E+05
L8 0.5778876764E+04  0.5789816031E+05  0.0000000000E+00  0.0000000000E+00
L9 0.0000000000E+00  0.0000000000E+00  0.0000000000E+00  0.1044763555E+01  0.0000000000E+00
L0    24000  0.1580000000E+03  -.3001429865E+06  0.8128288618E+05
L1 0.3016385573E+03  0.3016385573E+03  -.3814258726E+12  0.1000000000E+01
L2 0.1000000000E+01  0.1184272320E+03  0.1184272320E+03  0.1184272320E+03
L3 0.1278602605E+07  -.1227914905E+02  0.3026862479E+02  -.2251266085E+03
L4 -.6904571093E+02  0.1056901235E+05  0.1049275963E+05  0.1059609468E+05
L5 0.3165786667E+05  0.1068200767E+05  0.1021422138E+05  0.1266775713E+05
L6 0.3356398617E+05  -.3814258726E+06  0.3440450949E+05  -.5174612138E+06
L7 0.0000000000E+00  0.4823897490E+04  0.1294904810E+05  0.2025861559E+05
L8 0.5746827533E+04  0.5785244295E+05  0.0000000000E+00  0.0000000000E+00
L9 0.0000000000E+00  0.0000000000E+00  0.0000000000E+00  0.1045703448E+01  0.0000000000E+00
L0    25000  0.1600000000E+03  -.3006677392E+06  0.8076452368E+05
L1 0.2997149283E+03  0.2997149283E+03  -.3814322629E+12  0.1000000000E+01
L2 0.1000000000E+01  0.1184321715E+03  0.1184321715E+03  0.1184321715E+03
L3 0.1278760242E+07  -.3089853855E+03  -.1253434449E+03  0.2892317631E+03
L4 -.4836568909E+02  0.1050031067E+05  0.1059570346E+05  0.1040391517E+05
L5 0.3149992930E+05  0.1334400979E+05  0.1174928243E+05  0.7742015455E+04
L6 0.3283530768E+05  -.3814322629E+06  0.3443534323E+05  -.5174223539E+06
L7 0.0000000000E+00  0.4722542279E+04  0.1291852532E+05  0.2021049187E+05
L8 0.5765737954E+04  0.5793745038E+05  0.0000000000E+00  0.0000000000E+00
L9 0.0000000000E+00  0.0000000000E+00  0.0000000000E+00  0.1045574541E+01  0.0000000000E+00
L0    26000  0.1620000000E+03  -.3008614763E+06  0.8102642724E+05
L1 0.3006868452E+03  0.3006868452E+03  -.3818879035E+12  0.1000000000E+01
L2 0.1000000000E+01  0.1184345765E+03  0.1184345765E+03  0.1184345765E+03
L3 0.1278832094E+07  -.3566338088E+02  0.4275946648E+02  0.6993840520E+01
L4 0.4696642041E+01  0.1045233370E+05  0.1053653245E+05  0.1047985640E+05
L5 0.3146872254E+05  0.1078057454E+05  0.1014298022E+05  0.1041548605E+05
L6 0.3133904081E+05  -.3818879035E+06  0.3456090546E+05  -.5180911194E+06
L7 0.0000000000E+00  0.4731895109E+04  0.1303095027E+05  0.2030965588E+05
L8 0.5723766072E+04  0.5784604310E+05  0.0000000000E+00  0.0000000000E+00
L9 0.0000000000E+00  0.0000000000E+00  0.0000000000E+00  0.1045515795E+01  0.0000000000E+00
L0    27000  0.1640000000E+03  -.3010642500E+06  0.8075204129E+05
L1 0.2996686065E+03  0.2996686065E+03  -.3818162913E+12  0.1000000000E+01
L2 0.1000000000E+01  0.1184374134E+03  0.1184374134E+03  0.1184374134E+03
L3 0.1278934475E+07  -.2513143249E+03  0.8790211110E+02  -.9813622585E+02
L4 -.8718281320E+02  0.1039813619E+05  0.1055673623E+05  0.1053682457E+05
L5 0.3149169699E+05  0.1271138378E+05  0.9747632540E+04  0.1144012918E+05
L6 0.3389914550E+05  -.3818162913E+06  0.3461947955E+05  -.5181277055E+06
L7 0.0000000000E+00  0.4872630174E+04  0.1292242400E+05  0.2027071981E+05
L8 0.5726323932E+04  0.5789983681E+05  0.0000000000E+00  0.0000000000E+00
L9 0.0000000000E+00  0.0000000000E+00  0.0000000000E+00  0.1045432099E+01  0.0000000000E+00
L0    28000  0.1660000000E+03  -.3002172046E+06  0.8071043577E+05
L1 0.2995142096E+03  0.2995142096E+03  -.3809276404E+12  0.1000000000E+01
L2 0.1000000000E+01  0.1184801680E+03  0.1184801680E+03  0.1184801680E+03
L3 0.1280304920E+07  0.8702652384E+02  0.4286737501E+02  0.5178816389E+01
L4 0.4502423841E+02  0.1042456421E+05  0.1045083794E+05  0.1048828522E+05
L5 0.3136368737E+05  0.9622661595E+04  0.1005583813E+05  0.1044056521E+05
L6 0.3011906493E+05  -.3809276404E+06  0.3497667039E+05  -.5175078744E+06
L7 0.0000000000E+00  0.4633527370E+04  0.1297780797E+05  0.2028921945E+05
L8 0.5782028882E+04  0.5792097996E+05  0.0000000000E+00  0.0000000000E+00
L9 0.0000000000E+00  0.0000000000E+00  0.0000000000E+00  0.1044313064E+01  0.0000000000E+00
L0    29000  0.1680000000E+03  -.3003772220E+06  0.8121058855E+05
L1 0.3013702628E+03  0.3013702628E+03  -.3815878106E+12  0.1000000000E+01
L2 0.1000000000E+01  0.1184490597E+03  0.1184490597E+03  0.1184490597E+03
L3 0.1279288094E+07  0.4647734545E+02  0.9473617561E+02  0.2203281297E+03
L4 0.1205138836E+03  0.1064223941E+05  0.1056619372E+05  0.1048329642E+05
L5 0.3169172955E+05  0.1021431579E+05  0.9693944105E+04  0.8454703594E+04
L6 0.2836296349E+05  -.3815878106E+06  0.3488540942E+05  -.5179954852E+06
L7 0.0000000000E+00  0.4668006325E+04  0.1296774948E+05  0.2021240654E+05
L8 0.5736368851E+04  0.5793773396E+05  0.0000000000E+00  0.0000000000E+00
L9 0.0000000000E+00  0.0000000000E+00  0.0000000000E+00  0.1045143122E+01  0.0000000000E+00
L0    30000  0.1700000000E+03  -.3006883346E+06  0.8098236142E+05
L1 0.3005233182E+03  0.3005233182E+03  -.3816706960E+12  0.1000000000E+01
L2 0.1000000000E+01  0.1184907834E+03  0.1184907834E+03  0.1184907834E+03
L3 0.1280661576E+07  -.1986385101E+01  -.3719896289E+02  -.1538759488E+03
L4 -.6435376559E+02  0.1043429585E+05  0.1052705150E+05  0.1043080148E+05
L5 0.3139214883E+05  0.1045260442E+05  0.1086991543E+05  0.1184908058E+05
L6 0.3317160042E+05  -.3816706960E+06  0.3461830801E+05  -.5179864984E+06
L7 0.0000000000E+00  0.4794449809E+04  0.1298678834E+05  0.2031126673E+05
L8 0.5738327467E+04  0.5786666206E+05  0.0000000000E+00  0.0000000000E+00
L9 0.0000000000E+00  0.0000000000E+00  0.0000000000E+00  0.1044022229E+01  0.0000000000E+00
L0    31000  0.1720000000E+03  -.3004897670E+06  0.8093978639E+05
L1 0.3003653234E+03  0.3003653234E+03  -.3814295534E+12  0.1000000000E+01
L2 0.1000000000E+01  0.1185070579E+03  0.1185070579E+03  0.1185070579E+03
L3 0.1281186872E+07  -.1738462440E+02  0.6322159697E+02  -.1741559100E+03
L4 -.4277297915E+02  0.1050869401E+05  0.1035006947E+05  0.1044407923E+05
L5 0.3130284272E+05  0.1066899433E+05  0.9767115158E+04  0.1204993774E+05
L6 0.3248604723E+05  -.3814295534E+06  0.3471871964E+05  -.5179095290E+06
L7 0.0000000000E+00  0.4762684821E+04  0.1296867101E+05  0.2028068171E+05
L8 0.5743157528E+04  0.5800606084E+05  0.0000000000E+00  0.0000000000E+00
L9 0.0000000000E+00  0.0000000000E+00  0.0000000000E+00  0.1043594172E+01  0.0000000000E+00
L0    32000  0.1740000000E+03  -.3000670239E+06  0.8100115727E+05
L1 0.3005930690E+03  0.3005930690E+03  -.3810681811E+12  0.1000000000E+01
L2 0.1000000000E+01  0.1185022024E+03  0.1185022024E+03  0.1185022024E+03
L3 0.1281027886E+07  0.2250751376E+02  -.2554062061E+03  0.1443351936E+03
L4 -.2952116627E+02  0.1040443265E+05  0.1049438894E+05  0.1050803838E+05
L5 0.3140685997E+05  0.1019692090E+05  0.1284914872E+05  0.9177316177E+04
L6 0.3222338580E+05  -.3810681811E+06  0.3515747892E+05  -.5180793397E+06
L7 0.0000000000E+00  0.4789232086E+04  0.1310659476E+05  0.2024661251E+05
L8 0.5754740869E+04  0.5795649946E+05  0.0000000000E+00  0.0000000000E+00
L9 0.0000000000E+00  0.0000000000E+00  0.0000000000E+00  0.1043723691E+01  0.0000000000E+00
L0    33000  0.1760000000E+03  -.3000202546E+06  0.8104825792E+05
L1 0.3007678583E+03  0.3007678583E+03  -.3810685125E+12  0.1000000000E+01
L2 0.1000000000E+01  0.1184840584E+03  0.1184840584E+03  0.1184840584E+03
L3 0.1280439060E+07  -.1312466909E+03  0.2953841529E+02  0.2617119211E+02
L4 -.2517902783E+02  0.1053873205E+05  0.1044382584E+05  0.1052735959E+05
L5 0.3150991748E+05  0.1174822644E+05  0.1017161671E+05  0.1028618087E+05
L6 0.3220602401E+05  -.3810685125E+06  0.3479819984E+05  -.5176405493E+06
L7 0.0000000000E+00  0.4832340939E+04  0.1312379182E+05  0.2026335103E+05
L8 0.5751014478E+04  0.5780333861E+05  0.0000000000E+00  0.0000000000E+00
L9 0.0000000000E+00  0.0000000000E+00  0.0000000000E+00  0.1044203660E+01  0.0000000000E+00
L0    34000  0.1780000000E+03  -.3007449485E+06  0.8042763795E+05
L1 0.2984647546E+03  0.2984647546E+03  -.3811725865E+12  0.1000000000E+01
L2 0.1000000000E+01  0.1184431878E+03  0.1184431878E+03  0.1184431878E+03
L3 0.1279110207E+07  -.6541504527E+02  -.2948427764E+03  0.3968449080E+03
L4 0.1219569543E+02  0.1051336257E+05  0.1036567051E+05  0.1045105768E+05
L5 0.3133009077E+05  0.1111556457E+05  0.1307995295E+05  0.6797757514E+04
L6 0.3099327503E+05  -.3811725865E+06  0.3412427232E+05  -.5170105901E+06
L7 0.0000000000E+00  0.4710839084E+04  0.1301860088E+05  0.2019354345E+05
L8 0.5771980081E+04  0.5801876786E+05  0.0000000000E+00  0.0000000000E+00
L9 0.0000000000E+00  0.0000000000E+00  0.0000000000E+00  0.1045288472E+01  0.0000000000E+00
L0    35000  0.1800000000E+03  -.3011647574E+06  0.8048207284E+05
L1 0.2986667610E+03  0.2986667610E+03  -.3816468303E+12  0.1000000000E+01
L2 0.1000000000E+01  0.1183812464E+03  0.1183812464E+03  0.1183812464E+03
L3 0.1277105753E+07  -.5091670171E+02  0.3829999468E+01  0.5002664459E+02
L4 0.9799807847E+00  0.1040486766E+05  0.1035617272E+05  0.1037628375E+05
L5 0.3113732412E+05  0.1087286534E+05  0.1032096951E+05  0.9916466969E+04
L6 0.3111030183E+05  -.3816468303E+06  0.3432663611E+05  -.5177915193E+06
L7 0.0000000000E+00  0.4760469093E+04  0.1310254220E+05  0.2022438361E+05
L8 0.5757763781E+04  0.5797289423E+05  0.0000000000E+00  0.0000000000E+00
L9 0.0000000000E+00  0.0000000000E+00  0.0000000000E+00  0.1046929082E+01  0.0000000000E+00
L0    36000  0.1820000000E+03  -.3003333281E+06  0.8120356762E+05
L1 0.3013442083E+03  0.3013442083E+03  -.3815368957E+12  0.1000000000E+01
L2 0.1000000000E+01  0.1184474926E+03  0.1184474926E+03  0.1184474926E+03
L3 0.1279248210E+07  -.1803876196E+02  -.3471825827E+02  0.1279616872E+03
L4 0.2506822231E+02  0.1043646450E+05  0.1055268181E+05  0.1051861387E+05
L5 0.3150776018E+05  0.1060254480E+05  0.1087232785E+05  0.9340488915E+04
L6 0.3081536156E+05  -.3815368957E+06  0.3495816029E+05  -.5180579801E+06
L7 0.0000000000E+00  0.4843345707E+04  0.1305830081E+05  0.2021093156E+05
L8 0.5719538144E+04  0.5773080788E+05  0.0000000000E+00  0.0000000000E+00
L9 0.0000000000E+00  0.0000000000E+00  0.0000000000E+00  0.1045175707E+01  0.0000000000E+00
L0    37000  0.1840000000E+03  -.3005094193E+06  0.8085869814E+05
L1 0.3000644071E+03  0.3000644071E+03  -.3813681175E+12  0.1000000000E+01
L2 0.1000000000E+01  0.1184168475E+03  0.1184168475E+03  0.1184168475E+03
L3 0.1278265815E+07  -.2767928850E+03  0.1340109591E+03  -.5196098736E+02
L4 -.6491430444E+02  0.1044317523E+05  0.1037537371E+05  0.1052925644E+05
L5 0.3134780538E+05  0.1298961072E+05  0.9142501483E+04  0.1100728644E+05
L6 0.3313939863E+05  -.3813681175E+06  0.3422499221E+05  -.5173185598E+06
L7 0.0000000000E+00  0.4800555279E+04  0.1310120607E+05  0.2029100978E+05
L8 0.5753488402E+04  0.5777919060E+05  0.0000000000E+00  0.0000000000E+00
L9 0.0000000000E+00  0.0000000000E+00  0.0000000000E+00  0.1045978964E+01  0.0000000000E+00
L0    38000  0.1860000000E+03  -.3008293184E+06  0.8065232319E+05
L1 0.2992985554E+03  0.2992985554E+03  -.3814816416E+12  0.1000000000E+01
L2 0.1000000000E+01  0.1184235114E+03  0.1184235114E+03  0.1184235114E+03
L3 0.1278468591E+07  0.2923685434E+03  -.1674472558E+03  0.2330503671E+02
L4 0.4940877478E+02  0.1056190581E+05  0.1042674255E+05  0.1054089599E+05
L5 0.3152954435E+05  0.7871750913E+04  0.1196746595E+05  0.1032646061E+05
L6 0.3016567748E+05  -.3814816416E+06  0.3456565698E+05  -.5176322812E+06
L7 0.0000000000E+00  0.4756061821E+04  0.1297774983E+05  0.2024209614E+05
L8 0.5740516308E+04  0.5786855853E+05  0.0000000000E+00  0.0000000000E+00
L9 0.0000000000E+00  0.0000000000E+00  0.0000000000E+00  0.1045813063E+01  0.0000000000E+00
L0    39000  0.1880000000E+03  -.3004486182E+06  0.8050069626E+05
L1 0.2987358720E+03  0.2987358720E+03  -.3809493144E+12  0.1000000000E+01
L2 0.1000000000E+01  0.1183701196E+03  0.1183701196E+03  0.1183701196E+03
L3 0.1276735099E+07  0.1732211990E+03  0.1425878191E+03  -.3423774775E+02
L4 0.9385709011E+02  0.1045694309E+05  0.1044703050E+05  0.1038249226E+05
L5 0.3128646585E+05  0.8865253348E+04  0.9136823835E+04  0.1069709505E+05
L6 0.2869917223E+05  -.3809493144E+06  0.3456477142E+05  -.5173269808E+06
L7 0.0000000000E+00  0.4792880046E+04  0.1303532235E+05  0.2020919886E+05
L8 0.5764918470E+04  0.5801057524E+05  0.0000000000E+00  0.0000000000E+00
L9 0.0000000000E+00  0.0000000000E+00  0.0000000000E+00  0.1047233019E+01  0.0000000000E+00
L0    40000  0.1900000000E+03  -.3001810638E+06  0.8092539351E+05
L1 0.3003119118E+03  0.3003119118E+03  -.3811064573E+12  0.1000000000E+01
L2 0.1000000000E+01  0.1184519969E+03  0.1184519969E+03  0.1184519969E+03
L3 0.1279408518E+07  0.1607902668E+03  -.1473750833E+03  -.3157532999E+03
L4 -.1007793721E+03  0.1039445376E+05  0.1051619342E+05  0.1053569941E+05
L5 0.3144634658E+05  0.8913895249E+04  0.1187322477E+05  0.1344315919E+05
L6 0.3423027921E+05  -.3811064573E+06  0.3452739842E+05  -.5175361645E+06
L7 0.0000000000E+00  0.4864160465E+04  0.1298297585E+05  0.2027491128E+05
L8 0.5824879822E+04  0.5795538141E+05  0.0000000000E+00  0.0000000000E+00
L9 0.0000000000E+00  0.0000000000E+00  0.0000000000E+00  0.1045044748E+01  0.0000000000E+00
L0    41000  0.1920000000E+03  -.3004148677E+06  0.8100052965E+05
L1 0.3005907400E+03  0.3005907400E+03  -.3814153973E+12  0.1000000000E+01
L2 0.1000000000E+01  0.1184543484E+03  0.1184543484E+03  0.1184543484E+03
L3 0.1279484907E+07  -.2138434216E+03  -.1451589946E+03  0.5166455826E+02
L4 -.1024459526E+03  0.1041471281E+05  0.1043490789E+05  0.1053921175E+05
L5 0.3138883244E+05  0.1238390290E+05  0.1177161328E+05  0.1006345553E+05
L6 0.3421897171E+05  -.3814153973E+06  0.3445498165E+05  -.5175809596E+06
L7 0.0000000000E+00  0.4790218517E+04  0.1303459438E+05  0.2027844138E+05
L8 0.5801857242E+04  0.5780546912E+05  0.0000000000E+00  0.0000000000E+00
L9 0.0000000000E+00  0.0000000000E+00  0.0000000000E+00  0.1044982356E+01  0.0000000000E+00
L0    42000  0.1940000000E+03  -.3007685676E+06  0.8062152343E+05
L1 0.2991842583E+03  0.2991842583E+03  -.3813900910E+12  0.1000000000E+01
L2 0.1000000000E+01  0.1184253784E+03  0.1184253784E+03  0.1184253784E+03
L3 0.1278516062E+07  0.2487626837E+03  0.3008261151E+02  0.2112706394E+03
L4 0.1633719782E+03  0.1032150368E+05  0.1039784855E+05  0.1054689462E+05
L5 0.3126624685E+05  0.8032492036E+04  0.1012104076E+05  0.8602869308E+04
L6 0.2675640210E+05  -.3813900910E+06  0.3490676644E+05  -.5180507903E+06
L7 0.0000000000E+00  0.4785886844E+04  0.1299023517E+05  0.2027082799E+05
L8 0.5694808977E+04  0.5801217394E+05  0.0000000000E+00  0.0000000000E+00
L9 0.0000000000E+00  0.0000000000E+00  0.0000000000E+00  0.1045774232E+01  0.0000000000E+00
L0    43000  0.1960000000E+03  -.3009282328E+06  0.8069026904E+05
L1 0.2994393713E+03  0.2994393713E+03  -.3816185019E+12  0.1000000000E+01
L2 0.1000000000E+01  0.1184792618E+03  0.1184792618E+03  0.1184792618E+03
L3 0.1280258847E+07  0.4716179894E+02  0.1593256874E+03  0.3671427748E+03
L4 0.1912100870E+03  0.1055111903E+05  0.1051076686E+05  0.1039559091E+05
L5 0.3145747680E+05  0.1011656406E+05  0.9042719161E+04  0.7012689421E+04
L6 0.2617197264E+05  -.3816185019E+06  0.3493821177E+05  -.5180947063E+06
L7 0.0000000000E+00  0.4700445943E+04  0.1289457303E+05  0.2029228093E+05
L8 0.5741412684E+04  0.5790928002E+05  0.0000000000E+00  0.0000000000E+00
L9 0.0000000000E+00  0.0000000000E+00  0.0000000000E+00  0.1044350645E+01  0.0000000000E+00
L0    44000  0.1980000000E+03  -.3001633874E+06  0.8082027313E+05
L1 0.2999218130E+03  0.2999218130E+03  -.3809836606E+12  0.1000000000E+01
L2 0.1000000000E+01  0.1184564400E+03  0.1184564400E+03  0.1184564400E+03
L3 0.1279534847E+07  0.4946577356E+02  -.3676163986E+01  0.1157325994E+03
L4 0.5384073633E+02  0.1040797198E+05  0.1051006309E+05  0.1040377297E+05
L5 0.3132180804E+05  0.9952445634E+04  0.1054391659E+05  0.9338000727E+04
L6 0.2983436295E+05  -.3809836606E+06  0.3506851077E+05  -.5178174237E+06
L7 0.0000000000E+00  0.4695803147E+04  0.1309543556E+05  0.2018544461E+05
L8 0.5798989992E+04  0.5798957905E+05  0.0000000000E+00  0.0000000000E+00
L9 0.0000000000E+00  0.0000000000E+00  0.0000000000E+00  0.1044941571E+01  0.0000000000E+00
L0    45000  0.2000000000E+03  -.3000962349E+06  0.8088616559E+05
L1 0.3001663381E+03  0.3001663381E+03  -.3809824005E+12  0.1000000000E+01
L2 0.1000000000E+01  0.1185064207E+03  0.1185064207E+03  0.1185064207E+03
L3 0.1281164375E+07  -.1421569604E+03  0.8508934844E+02  -.2317917736E+02
L4 -.2674892977E+02  0.1049967980E+05  0.1044243046E+05  0.1048119801E+05
L5 0.3142330828E+05  0.1181045907E+05  0.9657851547E+04  0.1069492504E+05
L6 0.3216323566E+05  -.3809824005E+06  0.3461434476E+05  -.5172683962E+06
L7 0.0000000000E+00  0.4837236229E+04  0.1305333449E+05  0.2017098847E+05
L8 0.5749131162E+04  0.5786096055E+05  0.0000000000E+00  0.0000000000E+00
L9 0.0000000000E+00  0.0000000000E+00  0.0000000000E+00  0.1043612497E+01  0.0000000000E+00
L0    46000  0.2020000000E+03  -.3009588158E+06  0.8033531994E+05
L1 0.2981221650E+03  0.2981221650E+03  -.3812941357E+12  0.1000000000E+01
L2 0.1000000000E+01  0.1184551282E+03  0.1184551282E+03  0.1184551282E+03
L3 0.1279500869E+07  0.2578087061E+02  -.2268408864E+03  0.1383649157E+03
L4 -.2089836671E+02  0.1044207107E+05  0.1054944337E+05  0.1038962997E+05
L5 0.3138114441E+05  0.1020466340E+05  0.1263834746E+05  0.9115472370E+04
L6 0.3195848323E+05  -.3812941357E+06  0.3492256074E+05  -.5182008955E+06
L7 0.0000000000E+00  0.4828471829E+04  0.1307577900E+05  0.2030786906E+05
L8 0.5714429526E+04  0.5805764957E+05  0.0000000000E+00  0.0000000000E+00
L9 0.0000000000E+00  0.0000000000E+00  0.0000000000E+00  0.1044969319E+01  0.0000000000E+00
L0    47000  0.2040000000E+03  -.3009870203E+06  0.8060113628E+05
L1 0.2991086022E+03  0.2991086022E+03  -.3815881565E+12  0.1000000000E+01
L2 0.1000000000E+01  0.1184354782E+03  0.1184354782E+03  0.1184354782E+03
L3 0.1278835722E+07  0.1778041604E+02  0.2615140276E+03  0.4075486843E+03
L4 0.2289477093E+03  0.1046488268E+05  0.1049133323E+05  0.1039310918E+05
L5 0.3134932509E+05  0.1030123372E+05  0.8084387337E+04  0.6642076613E+04
L6 0.2502769767E+05  -.3815881565E+06  0.3520229509E+05  -.5183027231E+06
L7 0.0000000000E+00  0.4746158141E+04  0.1293323844E+05  0.2024509487E+05
L8 0.5752604557E+04  0.5783517545E+05  0.0000000000E+00  0.0000000000E+00
L9 0.0000000000E+00  0.0000000000E+00  0.0000000000E+00  0.1045512828E+01  0.0000000000E+00
L0    48000  0.2060000000E+03  -.3009600929E+06  0.8082180017E+05
L1 0.2999274798E+03  0.2999274798E+03  -.3817818931E+12  0.1000000000E+01
L2 0.1000000000E+01  0.1184552370E+03  0.1184552370E+03  0.1184552370E+03
L3 0.1279488751E+07  0.1527369786E+03  0.2773648270E+02  0.1680333886E+03
L4 0.1161689500E+03  0.1053016440E+05  0.1041176879E+05  0.1051102358E+05
L5 0.3145295677E+05  0.9123672459E+04  0.1015635494E+05  0.8963673303E+04
L6 0.2824370070E+05  -.3817818931E+06  0.3510941311E+05  -.5183599537E+06
L7 0.0000000000E+00  0.4769787940E+04  0.1292800268E+05  0.2023069594E+05
L8 0.5774748844E+04  0.5776541206E+05  0.0000000000E+00  0.0000000000E+00
L9 0.0000000000E+00  0.0000000000E+00  0.0000000000E+00  0.1044979217E+01  0.0000000000E+00
L0    49000  0.2080000000E+03  -.3011814454E+06  0.8036588822E+05
L1 0.2982356031E+03  0.2982356031E+03  -.3815473336E+12  0.1000000000E+01
L2 0.1000000000E+01  0.1184338356E+03  0.1184338356E+03  0.1184338356E+03
L3 0.1278817487E+07  -.1813031170E+03  -.3197668954E+03  0.2680600116E+03
L4 -.7767000027E+02  0.1038783061E+05  0.1039476941E+05  0.1033118557E+05
L5 0.3111378559E+05  0.1205650045E+05  0.1333782623E+05  0.7864026347E+04
L6 0.3325835302E+05  -.3815473336E+06  0.3474885361E+05  -.5180334848E+06
L7 0.0000000000E+00  0.4833124140E+04  0.1316177453E+05  0.2024625559E+05
L8 0.5733506845E+04  0.5776263654E+05  0.0000000000E+00  0.0000000000E+00
L9 0.0000000000E+00  0.0000000000E+00  0.0000000000E+00  0.1045527737E+01  0.0000000000E+00
L0    50000  0.2100000000E+03  -.3010503375E+06  0.8074222047E+05
L1 0.2996321617E+03  0.2996321617E+03  -.3817925580E+12  0.1000000000E+01
L2 0.1000000000E+01  0.1184351112E+03  0.1184351112E+03  0.1184351112E+03
L3 0.1278859570E+07  -.2751484072E+03  -.1607780512E+03  0.1829117202E+03
L4 -.8433824608E+02  0.1034901089E+05  0.1046832371E+05  0.1053332690E+05
L5 0.3135066151E+05  0.1288149332E+05  0.1194813453E+05  0.8849796466E+04
L6 0.3367942432E+05  -.3817925580E+06  0.3477214930E+05  -.5182203639E+06
L7 0.0000000000E+00  0.4647510563E+04  0.1301160113E+05  0.2021259372E+05
L8 0.5786661542E+04  0.5799728970E+05  0.0000000000E+00  0.0000000000E+00
L9 0.0000000000E+00  0.0000000000E+00  0.0000000000E+00  0.1045493332E+01  0.0000000000E+00
L0    51000  0.2120000000E+03  -.3012243811E+06  0.8096086597E+05
L1 0.3004435492E+03  0.3004435492E+03  -.3821852471E+12  0.1000000000E+01
L2 0.1000000000E+01  0.1184280217E+03  0.1184280217E+03  0.1184280217E+03
L3 0.1278629062E+07  -.8764097950E+01  0.1991528358E+03  -.4206700204E+03
L4 -.7676042754E+02  0.1057264192E+05  0.1047059602E+05  0.1038984140E+05
L5 0.3143307934E+05  0.1065329266E+05  0.8637911772E+04  0.1426101560E+05
L6 0.3355222003E+05  -.3821852471E+06  0.3514013223E+05  -.5188257637E+06
L7 0.0000000000E+00  0.4716135433E+04  0.1300981568E+05  0.2024067188E+05
L8 0.5766593562E+04  0.5776716783E+05  0.0000000000E+00  0.0000000000E+00
L9 0.0000000000E+00  0.0000000000E+00  0.0000000000E+00  0.1045681811E+01  0.0000000000E+00
L0    52000  0.2140000000E+03  -.3012792086E+06  0.8072693376E+05
L1 0.2995754331E+03  0.2995754331E+03  -.3820061424E+12  0.1000000000E+01
L2 0.1000000000E+01  0.1184288969E+03  0.1184288969E+03  0.1184288969E+03
L3 0.1278648045E+07  0.3748898539E+02  0.4850397208E+02  -.6989319055E+02
L4 0.5366588972E+01  0.1041461890E+05  0.1040814011E+05  0.1045277069E+05
L5 0.3127552971E+05  0.1006962510E+05  0.9961780489E+04  0.1109596540E+05
L6 0.3112737100E+05  -.3820061424E+06  0.3495632947E+05  -.5183654227E+06
L7 0.0000000000E+00  0.4778902426E+04  0.1284304811E+05  0.2020893000E+05
L8 0.5758017859E+04  0.5781405245E+05  0.0000000000E+00  0.0000000000E+00
L9 0.0000000000E+00  0.0000000000E+00  0.0000000000E+00  0.1045666286E+01  0.0000000000E+00
L0    53000  0.2160000000E+03  -.3009271549E+06  0.8076240839E+05
L1 0.2997070785E+03  0.2997070785E+03  -.3816895633E+12  0.1000000000E+01
L2 0.1000000000E+01  0.1184219165E+03  0.1184219165E+03  0.1184219165E+03
L3 0.1278428099E+07  -.1656380857E+02  0.7853797498E+01  -.1366947510E+03
L4 -.4846825401E+02  0.1034592835E+05  0.1058834243E+05  0.1045551372E+05
L5 0.3138978449E+05  0.1049833120E+05  0.1051607999E+05  0.1171323592E+05
L6 0.3272764711E+05  -.3816895633E+06  0.3458164472E+05  -.5179798448E+06
L7 0.0000000000E+00  0.4729444010E+04  0.1282178147E+05  0.2027446372E+05
L8 0.5807901673E+04  0.5807504591E+05  0.0000000000E+00  0.0000000000E+00
L9 0.0000000000E+00  0.0000000000E+00  0.0000000000E+00  0.1045846187E+01  0.0000000000E+00
L0    54000  0.2180000000E+03  -.3003752135E+06  0.8085021664E+05
L1 0.3000329325E+03  0.3000329325E+03  -.3812254302E+12  0.1000000000E+01
L2 0.1000000000E+01  0.1184478925E+03  0.1184478925E+03  0.1184478925E+03
L3 0.1279249591E+07  0.2029969860E+03  -.2000362117E+02  0.1965289213E+03
L4 0.1265074287E+03  0.1049453717E+05  0.1054997335E+05  0.1047613255E+05
L5 0.3152064307E+05  0.8625570933E+04  0.1073414403E+05  0.8666716917E+04
L6 0.2802643188E+05  -.3812254302E+06  0.3435918881E+05  -.5173448753E+06
L7 0.0000000000E+00  0.4796996697E+04  0.1294038344E+05  0.2023308168E+05
L8 0.5792654237E+04  0.5799714024E+05  0.0000000000E+00  0.0000000000E+00
L9 0.0000000000E+00  0.0000000000E+00  0.0000000000E+00  0.1045174579E+01  0.0000000000E+00
L0    55000  0.2200000000E+03  -.3008041504E+06  0.8110215278E+05
L1 0.3009678606E+03  0.3009678606E+03  -.3819063032E+12  0.1000000000E+01
L2 0.1000000000E+01  0.1184627789E+03  0.1184627789E+03  0.1184627789E+03
L3 0.1279745490E+07  -.7169585245E+02  -.2224813279E+03  0.3185707542E+03
L4 0.8131191283E+01  0.1058838233E+05  0.1047714243E+05  0.1056038588E+05
L5 0.3162591064E+05  0.1124873238E+05  0.1252629246E+05  0.7626210349E+04
L6 0.3140123519E+05  -.3819063032E+06  0.3489084311E+05  -.5182731451E+06
L7 0.0000000000E+00  0.4728216848E+04  0.1288893818E+05  0.2021899647E+05
L8 0.5784869926E+04  0.5785497732E+05  0.0000000000E+00  0.0000000000E+00
L9 0.0000000000E+00  0.0000000000E+00  0.0000000000E+00  0.1044769576E+01  0.0000000000E+00
L0    56000  0.2220000000E+03  -.3005492801E+06  0.8104974760E+05
L1 0.3007733864E+03  0.3007733864E+03  -.3815990277E+12  0.1000000000E+01
L2 0.1000000000E+01  0.1184643393E+03  0.1184643393E+03  0.1184643393E+03
L3 0.1279812555E+07  0.1375800974E+03  -.1191506615E+03  -.4274398616E+03
L4 -.1363368086E+03  0.1045293017E+05  0.1045808291E+05  0.1050565696E+05
L5 0.3141667005E+05  0.9185691091E+04  0.1155556996E+05  0.1444277075E+05
L6 0.3518403180E+05  -.3815990277E+06  0.3489628019E+05  -.5180640945E+06
L7 0.0000000000E+00  0.4785694841E+04  0.1297539316E+05  0.2016202282E+05
L8 0.5744058116E+04  0.5790161765E+05  0.0000000000E+00  0.0000000000E+00
L9 0.0000000000E+00  0.0000000000E+00  0.0000000000E+00  0.1044714828E+01  0.0000000000E+00
L0    57000  0.2240000000E+03  -.3008600888E+06  0.8066839184E+05
L1 0.2993581857E+03  0.2993581857E+03  -.3815284806E+12  0.1000000000E+01
L2 0.1000000000E+01  0.1184465001E+03  0.1184465001E+03  0.1184465001E+03
L3 0.1279216122E+07  0.5023242337E+02  0.1993264882E+03  -.1762109924E+03
L4 0.2444930641E+02  0.1038817999E+05  0.1038632526E+05  0.1056858518E+05
L5 0.3134309043E+05  0.9925708849E+04  0.8551200816E+04  0.1219089390E+05
L6 0.3066780356E+05  -.3815284806E+06  0.3479370585E+05  -.5178889513E+06
L7 0.0000000000E+00  0.4704864433E+04  0.1300803753E+05  0.2021886247E+05
L8 0.5766718016E+04  0.5786828233E+05  0.0000000000E+00  0.0000000000E+00
L9 0.0000000000E+00  0.0000000000E+00  0.0000000000E+00  0.1045201924E+01  0.0000000000E+00
L0    58000  0.2260000000E+03  -.3011433819E+06  0.8058343613E+05
L1 0.2990429174E+03  0.2990429174E+03  -.3817268180E+12  0.1000000000E+01
L2 0.1000000000E+01  0.1184063068E+03  0.1184063068E+03  0.1184063068E+03
L3 0.1277920153E+07  -.6679383030E+02  -.5135790357E+02  0.3773897115E+02
L4 -.2680425424E+02  0.1041054719E+05  0.1043161377E+05  0.1041036683E+05
L5 0.3125252779E+05  0.1102487001E+05  0.1090396776E+05  0.1006327023E+05
L6 0.3199210800E+05  -.3817268180E+06  0.3423640835E+05  -.5176408359E+06
L7 0.0000000000E+00  0.4697087299E+04  0.1305392524E+05  0.2020966409E+05
L8 0.5761182222E+04  0.5795575062E+05  0.0000000000E+00  0.0000000000E+00
L9 0.0000000000E+00  0.0000000000E+00  0.0000000000E+00  0.1046261889E+01  0.0000000000E+00
L0    59000  0.2280000000E+03  -.3007095153E+06  0.8125393162E+05
L1 0.3015311077E+03  0.3015311077E+03  -.3819634469E+12  0.1000000000E+01
L2 0.1000000000E+01  0.1184403619E+03  0.1184403619E+03  0.1184403619E+03
L3 0.1279012711E+07  0.3020769348E+03  -.8596715139E+02  -.2322798441E+02
L4 0.6429393301E+02  0.1046434655E+05  0.1049274117E+05  0.1059226462E+05
L5 0.3154935235E+05  0.7683679400E+04  0.1128408273E+05  0.1080608199E+05
L6 0.2977384412E+05  -.3819634469E+06  0.3499727939E+05  -.5184923826E+06
L7 0.0000000000E+00  0.4759714288E+04  0.1288975108E+05  0.2025620274E+05
L8 0.5770931479E+04  0.5785505669E+05  0.0000000000E+00  0.0000000000E+00
L9 0.0000000000E+00  0.0000000000E+00  0.0000000000E+00  0.1045368151E+01  0.0000000000E+00
L0    60000  0.2300000000E+03  -.3008944013E+06  0.8089886661E+05
L1 0.3002134712E+03  0.3002134712E+03  -.3817932679E+12  0.1000000000E+01
L2 0.1000000000E+01  0.1184687841E+03  0.1184687841E+03  0.1184687841E+03
L3 0.1279928366E+07  0.1287735265E+03  0.2322615739E+02  0.1812464752E+03
L4 0.1110820530E+03  0.1048451118E+05  0.1041991243E+05  0.1049395951E+05
L5 0.3139838312E+05  0.9298281370E+04  0.1020595882E+05  0.8824361904E+04
L6 0.2832860209E+05  -.3817932679E+06  0.3549115848E+05  -.5189474229E+06
L7 0.0000000000E+00  0.4766424334E+04  0.1312253891E+05  0.2019807159E+05
L8 0.5741639898E+04  0.5783432179E+05  0.0000000000E+00  0.0000000000E+00
L9 0.0000000000E+00  0.0000000000E+00  0.0000000000E+00  0.1044620299E+01  0.0000000000E+00
L0    61000  0.2320000000E+03  -.3006219426E+06  0.8081472316E+05
L1 0.2999012172E+03  0.2999012172E+03  -.3814366657E+12  0.1000000000E+01
L2 0.1000000000E+01  0.1184552036E+03  0.1184552036E+03  0.1184552036E+03
L3 0.1279498408E+07  -.1065722433E+03  -.9132217423E+02  0.2640955694E+03
L4 0.2206705063E+02  0.1048135842E+05  0.1047450088E+05  0.1042748892E+05
L5 0.3138334822E+05  0.1146274573E+05  0.1131545552E+05  0.7995523226E+04
L6 0.3077372447E+05  -.3814366657E+06  0.3483899600E+05  -.5178982657E+06
L7 0.0000000000E+00  0.4862000660E+04  0.1297091774E+05  0.2021237491E+05
L8 0.5750229839E+04  0.5782708086E+05  0.0000000000E+00  0.0000000000E+00
L9 0.0000000000E+00  0.0000000000E+00  0.0000000000E+00  0.1044971330E+01  0.0000000000E+00
L0    62000  0.2340000000E+03  -.3006270393E+06  0.8052595485E+05
L1 0.2988296059E+03  0.2988296059E+03  -.3811529941E+12  0.1000000000E+01
L2 0.1000000000E+01  0.1184512473E+03  0.1184512473E+03  0.1184512473E+03
L3 0.1279359347E+07  -.2820393984E+03  0.3958510306E+03  0.2379626242E+03
L4 0.1172580854E+03  0.1027782253E+05  0.1048305787E+05  0.1042348641E+05
L5 0.3118436682E+05  0.1287474454E+05  0.6838197413E+04  0.8232408217E+04
L6 0.2794535017E+05  -.3811529941E+06  0.3517080666E+05  -.5178738850E+06
L7 0.0000000000E+00  0.4683957279E+04  0.1301779123E+05  0.2027493859E+05
L8 0.5738869309E+04  0.5783452779E+05  0.0000000000E+00  0.0000000000E+00
L9 0.0000000000E+00  0.0000000000E+00  0.0000000000E+00  0.1045084914E+01  0.0000000000E+00
L0    63000  0.2360000000E+03  -.3003802955E+06  0.8072994554E+05
L1 0.2995866098E+03  0.2995866098E+03  -.3811102410E+12  0.1000000000E+01
L2 0.1000000000E+01  0.1184555445E+03  0.1184555445E+03  0.1184555445E+03
L3 0.1279521363E+07  -.1301693583E+03  -.3861377312E+03  0.2695227292E+03
L4 -.8226145344E+02  0.1046109544E+05  0.1047001530E+05  0.1044890854E+05
L5 0.3138001928E+05  0.1165980201E+05  0.1402588928E+05  0.7966921459E+04
L6 0.3365261275E+05  -.3811102410E+06  0.3465615546E+05  -.5172690396E+06
L7 0.0000000000E+00  0.4791959949E+04  0.1292381079E+05  0.2024177915E+05
L8 0.5756074908E+04  0.5778901833E+05  0.0000000000E+00  0.0000000000E+00
L9 0.0000000000E+00  0.0000000000E+00  0.0000000000E+00  0.1044952583E+01  0.0000000000E+00
L0    64000  0.2380000000E+03  -.3009379807E+06  0.8063657156E+05
L1 0.2992401015E+03  0.2992401015E+03  -.3815745522E+12  0.1000000000E+01
L2 0.1000000000E+01  0.1184931380E+03  0.1184931380E+03  0.1184931380E+03
L3 0.1280736825E+07  -.8605388478E+02  -.6887420049E+02  -.9258779384E+01
L4 -.5472895489E+02  0.1041586364E+05  0.1036277795E+05  0.1045953984E+05
L5 0.3123818144E+05  0.1120907141E+05  0.1099763076E+05  0.1054488330E+05
L6 0.3275158547E+05  -.3815745522E+06  0.3479166842E+05  -.5180369979E+06
L7 0.0000000000E+00  0.4769261426E+04  0.1300993616E+05  0.2031661731E+05
L8 0.5758638868E+04  0.5781632346E+05  0.0000000000E+00  0.0000000000E+00
L9 0.0000000000E+00  0.0000000000E+00  0.0000000000E+00  0.1043960888E+01  0.0000000000E+00
L0    65000  0.2400000000E+03  -.3009281320E+06  0.8071617229E+05
L1 0.2995354976E+03  0.2995354976E+03  -.3816443043E+12  0.1000000000E+01
L2 0.1000000000E+01  0.1184748911E+03  0.1184748911E+03  0.1184748911E+03
L3 0.1280156106E+07  -.2377316329E+01  -.1992511294E+03  -.2478008227E+03
L4 -.1498097561E+03  0.1048625462E+05  0.1044974606E+05  0.1027364805E+05
L5 0.3120964873E+05  0.1050815777E+05  0.1228552466E+05  0.1255673397E+05
L6 0.3535041640E+05  -.3816443043E+06  0.3485017415E+05  -.5181285518E+06
L7 0.0000000000E+00  0.4764417041E+04  0.1294799715E+05  0.2028781829E+05
L8 0.5753027140E+04  0.5788081374E+05  0.0000000000E+00  0.0000000000E+00
L9 0.0000000000E+00  0.0000000000E+00  0.0000000000E+00  0.1044434461E+01  0.0000000000E+00
L0    66000  0.2420000000E+03  -.3009119850E+06  0.8096779013E+05
L1 0.3004692445E+03  0.3004692445E+03  -.3818797752E+12  0.1000000000E+01
L2 0.1000000000E+01  0.1184376254E+03  0.1184376254E+03  0.1184376254E+03
L3 0.1278927532E+07  -.1108816540E+03  0.1295084003E+03  0.8295467927E+02
L4 0.3386047520E+02  0.1039250148E+05  0.1042286380E+05  0.1061009795E+05
L5 0.3142546323E+05  0.1141311711E+05  0.9230797374E+04  0.9846537536E+04
L6 0.3049045202E+05  -.3818797752E+06  0.3463954109E+05  -.5180349642E+06
L7 0.0000000000E+00  0.4771402887E+04  0.1299347002E+05  0.2018344583E+05
L8 0.5760478763E+04  0.5780685047E+05  0.0000000000E+00  0.0000000000E+00
L9 0.0000000000E+00  0.0000000000E+00  0.0000000000E+00  0.1045437775E+01  0.0000000000E+00
L0    67000  0.2440000000E+03  -.3012159196E+06  0.8044450286E+05
L1 0.2985273398E+03  0.2985273398E+03  -.3816604225E+12  0.1000000000E+01
L2 0.1000000000E+01  0.1184542018E+03  0.1184542018E+03  0.1184542018E+03
L3 0.1279469290E+07  -.1848498714E+02  -.1736745090E+03  0.1704291930E+03
L4 -.7243434376E+01  0.1043324652E+05  0.1033876945E+05  0.1040735437E+05
L5 0.3117937033E+05  0.1060346456E+05  0.1193804216E+05  0.8837965982E+04
L6 0.3137947270E+05  -.3816604225E+06  0.3469315364E+05  -.5178207174E+06
L7 0.0000000000E+00  0.4712481257E+04  0.1290368755E+05  0.2017527683E+05
L8 0.5774458422E+04  0.5790123722E+05  0.0000000000E+00  0.0000000000E+00
L9 0.0000000000E+00  0.0000000000E+00  0.0000000000E+00  0.1044995111E+01  0.0000000000E+00
L0    68000  0.2460000000E+03  -.3012236852E+06  0.8054183845E+05
L1 0.2988885495E+03  0.2988885495E+03  -.3817655236E+12  0.1000000000E+01
L2 0.1000000000E+01  0.1184359547E+03  0.1184359547E+03  0.1184359547E+03
L3 0.1278870602E+07  0.5660802361E+01  -.1680540232E+03  0.3378603416E+03
L4 0.5848904025E+02  0.1036652632E+05  0.1047428065E+05  0.1043983641E+05
L5 0.3128064338E+05  0.1031442351E+05  0.1202107329E+05  0.7330122754E+04
L6 0.2966561955E+05  -.3817655236E+06  0.3455932944E+05  -.5179405272E+06
L7 0.0000000000E+00  0.4681549677E+04  0.1298416173E+05  0.2027981476E+05
L8 0.5776794561E+04  0.5789335343E+05  0.0000000000E+00  0.0000000000E+00
L9 0.0000000000E+00  0.0000000000E+00  0.0000000000E+00  0.1045484313E+01  0.0000000000E+00
L0    69000  0.2480000000E+03  -.3010755985E+06  0.8063937520E+05
L1 0.2992505057E+03  0.2992505057E+03  -.3817149737E+12  0.1000000000E+01
L2 0.1000000000E+01  0.1184385182E+03  0.1184385182E+03  0.1184385182E+03
L3 0.1278960806E+07  -.1035222628E+03  0.7684596062E+02  0.1382216271E+02
L4 -.4284713154E+01  0.1041509109E+05  0.1044860626E+05  0.1046599676E+05
L5 0.3132969411E+05  0.1136799163E+05  0.9741255440E+04  0.1033876667E+05
L6 0.3144801374E+05  -.3817149737E+06  0.3466010422E+05  -.5176546796E+06
L7 0.0000000000E+00  0.4867378565E+04  0.1275860491E+05  0.2024761850E+05
L8 0.5750850698E+04  0.5765514904E+05  0.0000000000E+00  0.0000000000E+00
L9 0.0000000000E+00  0.0000000000E+00  0.0000000000E+00  0.1045410576E+01  0.0000000000E+00
L0    70000  0.2500000000E+03  -.3009164716E+06  0.8086127019E+05
L1 0.3000739519E+03  0.3000739519E+03  -.3817777418E+12  0.1000000000E+01
L2 0.1000000000E+01  0.1184673896E+03  0.1184673896E+03  0.1184673896E+03
L3 0.1279888105E+07  0.2610851593E+03  -.7109193538E+02  0.1356867900E+02
L4 0.6785396763E+02  0.1040470103E+05  0.1057886312E+05  0.1042770326E+05
L5 0.3141126742E+05  0.7999724906E+04  0.1123372381E+05  0.1030271589E+05
L6 0.2953616460E+05  -.3817777418E+06  0.3445394124E+05  -.5176363139E+06
L7 0.0000000000E+00  0.4622052232E+04  0.1284710845E+05  0.2016117073E+05
L8 0.5785424990E+04  0.5798887450E+05  0.0000000000E+00  0.0000000000E+00
L9 0.0000000000E+00  0.0000000000E+00  0.0000000000E+00  0.1044653159E+01  0.0000000000E+00
L0    71000  0.2520000000E+03  -.3009177011E+06  0.8080497942E+05
L1 0.2998650584E+03  0.2998650584E+03  -.3817226805E+12  0.1000000000E+01
L2 0.1000000000E+01  0.1184169778E+03  0.1184169778E+03  0.1184169778E+03
L3 0.1278257914E+07  0.1330606389E+03  0.7645625230E+02  -.8541052721E+02
L4 0.4136878799E+02  0.1040068529E+05  0.1047895396E+05  0.1044479176E+05
L5 0.3132443102E+05  0.9176563371E+04  0.9775577102E+04  0.1123054553E+05
L6 0.3018268601E+05  -.3817226805E+06  0.3473985122E+05  -.5179965817E+06
L7 0.0000000000E+00  0.4815536303E+04  0.1300326103E+05  0.2020633756E+05
L8 0.5727934004E+04  0.5778098102E+05  0.0000000000E+00  0.0000000000E+00
L9 0.0000000000E+00  0.0000000000E+00  0.0000000000E+00  0.1045985429E+01  0.0000000000E+00
L0    72000  0.2540000000E+03  -.3012022774E+06  0.8071718184E+05
L1 0.2995392440E+03  0.2995392440E+03  -.3819194593E+12  0.1000000000E+01
L2 0.1000000000E+01  0.1184188640E+03  0.1184188640E+03  0.1184188640E+03
L3 0.1278318946E+07  0.5525771921E+01  0.1273202956E+03  -.7390416695E+01
L4 0.4181855029E+02  0.1044888215E+05  0.1050671488E+05  0.1047181579E+05
L5 0.3142741282E+05  0.1039804411E+05  0.9335346638E+04  0.1053980887E+05
L6 0.3027319962E+05  -.3819194593E+06  0.3489453960E+05  -.5182033482E+06
L7 0.0000000000E+00  0.4817116990E+04  0.1282619717E+05  0.2017700646E+05
L8 0.5771935355E+04  0.5779709331E+05  0.0000000000E+00  0.0000000000E+00
L9 0.0000000000E+00  0.0000000000E+00  0.0000000000E+00  0.1045935489E+01  0.0000000000E+00
L0    73000  0.2560000000E+03  -.3007026867E+06  0.8065652734E+05
L1 0.2993141569E+03  0.2993141569E+03  -.3813592140E+12  0.1000000000E+01
L2 0.1000000000E+01  0.1184083638E+03  0.1184083638E+03  0.1184083638E+03
L3 0.1277984685E+07  0.1259742664E+03  -.4995506665E+02  -.1019484993E+03
L4 -.8643099836E+01  0.1048567439E+05  0.1056459360E+05  0.1041892708E+05
L5 0.3146919506E+05  0.9326992902E+04  0.1102406848E+05  0.1135662524E+05
L6 0.3170768662E+05  -.3813592140E+06  0.3444384284E+05  -.5171441030E+06
L7 0.0000000000E+00  0.4805734381E+04  0.1299251684E+05  0.2011428235E+05
L8 0.5711188748E+04  0.5771732387E+05  0.0000000000E+00  0.0000000000E+00
L9 0.0000000000E+00  0.0000000000E+00  0.0000000000E+00  0.1046209057E+01  0.0000000000E+00
L0    74000  0.2580000000E+03  -.3009514620E+06  0.8071380904E+05
L1 0.2995267277E+03  0.2995267277E+03  -.3816652710E+12  0.1000000000E+01
L2 0.1000000000E+01  0.1184169945E+03  0.1184169945E+03  0.1184169945E+03
L3 0.1278262276E+07  0.1703136473E+03  0.5767035084E+02  -.2043797100E+03
L4 0.7868096048E+01  0.1042221375E+05  0.1041643923E+05  0.1047356818E+05
L5 0.3131222116E+05  0.8855368874E+04  0.9885885778E+04  0.1235381270E+05
L6 0.3109506735E+05  -.3816652710E+06  0.3475497336E+05  -.5181861730E+06
L7 0.0000000000E+00  0.4809713858E+04  0.1300112157E+05  0.2023667211E+05
L8 0.5789594641E+04  0.5792882647E+05  0.0000000000E+00  0.0000000000E+00
L9 0.0000000000E+00  0.0000000000E+00  0.0000000000E+00  0.1045981860E+01  0.0000000000E+00
L0    75000  0.2600000000E+03  -.3004308023E+06  0.8122515092E+05
L1 0.3014243033E+03  0.3014243033E+03  -.3816559532E+12  0.1000000000E+01
L2 0.1000000000E+01  0.1184094536E+03  0.1184094536E+03  0.1184094536E+03
L3 0.1278029241E+07  -.4683606023E+02  -.2081406212E+02  -.2022738372E+03
L4 -.8997465317E+02  0.1049941735E+05  0.1061871733E+05  0.1050056005E+05
L5 0.3161869473E+05  0.1093021937E+05  0.1081016682E+05  0.1236109179E+05
L6 0.3410147798E+05  -.3816559532E+06  0.3480186321E+05  -.5180318925E+06
L7 0.0000000000E+00  0.4808261972E+04  0.1285125476E+05  0.2022097722E+05
L8 0.5786727857E+04  0.5790685427E+05  0.0000000000E+00  0.0000000000E+00
L9 0.0000000000E+00  0.0000000000E+00  0.0000000000E+00  0.1046172583E+01  0.0000000000E+00
L0    76000  0.2620000000E+03  -.3010433321E+06  0.8021886052E+05
L1 0.2976899873E+03  0.2976899873E+03  -.3812621926E+12  0.1000000000E+01
L2 0.1000000000E+01  0.1184319549E+03  0.1184319549E+03  0.1184319549E+03
L3 0.1278765420E+07  -.1743206397E+03  -.1336791736E+03  -.1578738867E+03
L4 -.1552912333E+03  0.1048482918E+05  0.1037089743E+05  0.1048620337E+05
L5 0.3134192998E+05  0.1208916868E+05  0.1160119797E+05  0.1193917711E+05
L6 0.3562954376E+05  -.3812621926E+06  0.3454327854E+05  -.5173570024E+06
L7 0.0000000000E+00  0.4633347691E+04  0.1295537427E+05  0.2025014579E+05
L8 0.5827293190E+04  0.5788537029E+05  0.0000000000E+00  0.0000000000E+00
L9 0.0000000000E+00  0.0000000000E+00  0.0000000000E+00  0.1045570307E+01  0.0000000000E+00
L0    77000  0.2640000000E+03  -.3007440346E+06  0.8080923639E+05
L1 0.2998808559E+03  0.2998808559E+03  -.3815532710E+12  0.1000000000E+01
L2 0.1000000000E+01  0.1184628181E+03  0.1184628181E+03  0.1184628181E+03
L3 0.1279742406E+07  -.9235907610E+02  0.1870767878E+03  0.4409216565E+02
L4 0.4626995912E+02  0.1044636920E+05  0.1055479374E+05  0.1044938283E+05
L5 0.3145054577E+05  0.1129703451E+05  0.8831739119E+04  0.1004327574E+05
L6 0.3017204936E+05  -.3815532710E+06  0.3469178892E+05  -.5176034014E+06
L7 0.0000000000E+00  0.4777564661E+04  0.1301883848E+05  0.2012864286E+05
L8 0.5761057553E+04  0.5767223797E+05  0.0000000000E+00  0.0000000000E+00
L9 0.0000000000E+00  0.0000000000E+00  0.0000000000E+00  0.1044772093E+01  0.0000000000E+00
L0    78000  0.2660000000E+03  -.3004508387E+06  0.8096579868E+05
L1 0.3004618543E+03  0.3004618543E+03  -.3814166373E+12  0.1000000000E+01
L2 0.1000000000E+01  0.1184478348E+03  0.1184478348E+03  0.1184478348E+03
L3 0.1279247098E+07  0.8838758293E+02  0.7066675584E+02  0.2368497534E+03
L4 0.1319680307E+03  0.1068244803E+05  0.1040400921E+05  0.1050051567E+05
L5 0.3158697291E+05  0.9868676902E+04  0.9753391057E+04  0.8319875752E+04
L6 0.2794194371E+05  -.3814166373E+06  0.3446924144E+05  -.5172221749E+06
L7 0.0000000000E+00  0.4693045041E+04  0.1297531821E+05  0.2023433230E+05
L8 0.5766648192E+04  0.5766695239E+05  0.0000000000E+00  0.0000000000E+00
L9 0.0000000000E+00  0.0000000000E+00  0.0000000000E+00  0.1045176616E+01  0.0000000000E+00
L0    79000  0.2680000000E+03  -.3010013397E+06  0.8066566985E+05
L1 0.2993480845E+03  0.2993480845E+03  -.3816670096E+12  0.1000000000E+01
L2 0.1000000000E+01  0.1184431246E+03  0.1184431246E+03  0.1184431246E+03
L3 0.1279095096E+07  0.3632564297E+03  -.1080466721E+03  0.1248209532E+03
L4 0.1266769036E+03  0.1034753764E+05  0.1044981872E+05  0.1045822000E+05
L5 0.3125557635E+05  0.7003487934E+04  0.1144446991E+05  0.9309148878E+04
L6 0.2775710673E+05  -.3816670096E+06  0.3515031252E+05  -.5181965153E+06
L7 0.0000000000E+00  0.4681765163E+04  0.1288549136E+05  0.2017427700E+05
L8 0.5843413564E+04  0.5779424614E+05  0.0000000000E+00  0.0000000000E+00
L9 0.0000000000E+00  0.0000000000E+00  0.0000000000E+00  0.1045300820E+01  0.0000000000E+00
L0    80000  0.2700000000E+03  -.3013620782E+06  0.8064189016E+05
L1 0.2992598387E+03  0.2992598387E+03  -.3820039684E+12  0.1000000000E+01
L2 0.1000000000E+01  0.1184367306E+03  0.1184367306E+03  0.1184367306E+03
L3 0.1278882460E+07  -.6204418572E+02  0.2017273464E+03  0.3849320627E+03
L4 0.1748717411E+03  0.1049175057E+05  0.1047628969E+05  0.1052975835E+05
L5 0.3149779861E+05  0.1106281919E+05  0.8619545870E+04  0.6986757162E+04
L6 0.2666912222E+05  -.3820039684E+06  0.3498662706E+05  -.5185606391E+06
L7 0.0000000000E+00  0.4797254937E+04  0.1288858152E+05  0.2027276402E+05
L8 0.5776516832E+04  0.5783492629E+05  0.0000000000E+00  0.0000000000E+00
L9 0.0000000000E+00  0.0000000000E+00  0.0000000000E+00  0.1045474619E+01  0.0000000000E+00
L0    81000  0.2720000000E+03  -.3010963634E+06  0.8047335896E+05
L1 0.2986344240E+03  0.2986344240E+03  -.3815697223E+12  0.1000000000E+01
L2 0.1000000000E+01  0.1184502403E+03  0.1184502403E+03  0.1184502403E+03
L3 0.1279334947E+07  -.4415882754E+03  0.1339026756E+03  0.4431737853E+03
L4 0.4516272852E+02  0.1035828932E+05  0.1042224859E+05  0.1039144791E+05
L5 0.3117198581E+05  0.1442420509E+05  0.9189342209E+04  0.6310933584E+04
L6 0.2992448088E+05  -.3815697223E+06  0.3450443327E+05  -.5176343333E+06
L7 0.0000000000E+00  0.4770891590E+04  0.1287219173E+05  0.2019258452E+05
L8 0.5851123175E+04  0.5787338668E+05  0.0000000000E+00  0.0000000000E+00
L9 0.0000000000E+00  0.0000000000E+00  0.0000000000E+00  0.1045104846E+01  0.0000000000E+00
L0    82000  0.2740000000E+03  -.3005066478E+06  0.8081009794E+05
L1 0.2998840531E+03  0.2998840531E+03  -.3813167457E+12  0.1000000000E+01
L2 0.1000000000E+01  0.1184683811E+03  0.1184683811E+03  0.1184683811E+03
L3 0.1279919915E+07  -.8029104740E+01  -.5236900472E+02  0.2724961622E+03
L4 0.7069935091E+02  0.1054026565E+05  0.1038046793E+05  0.1052698835E+05
L5 0.3144772193E+05  0.1061422729E+05  0.1086287503E+05  0.8016837815E+04
L6 0.2949394013E+05  -.3813167457E+06  0.3479614028E+05  -.5178221693E+06
L7 0.0000000000E+00  0.4840158651E+04  0.1300096022E+05  0.2025806316E+05
L8 0.5763491570E+04  0.5784660976E+05  0.0000000000E+00  0.0000000000E+00
L9 0.0000000000E+00  0.0000000000E+00  0.0000000000E+00  0.1044627197E+01  0.0000000000E+00
L0    83000  0.2760000000E+03  -.3009225822E+06  0.8078546680E+05
L1 0.2997926476E+03  0.2997926476E+03  -.3817080490E+12  0.1000000000E+01
L2 0.1000000000E+01  0.1184422450E+03  0.1184422450E+03  0.1184422450E+03
L3 0.1279079205E+07  -.2441274615E+02  0.7640082911E+02  -.3367099837E+01
L4 0.1620699437E+02  0.1044813913E+05  0.1045322829E+05  0.1059647145E+05
L5 0.3149783887E+05  0.1067287410E+05  0.9749909712E+04  0.1062746776E+05
L6 0.3105025157E+05  -.3817080490E+06  0.3474115588E+05  -.5180440022E+06
L7 0.0000000000E+00  0.4794105655E+04  0.1298469606E+05  0.2019866519E+05
L8 0.5782617153E+04  0.5783471324E+05  0.0000000000E+00  0.0000000000E+00
L9 0.0000000000E+00  0.0000000000E+00  0.0000000000E+00  0.1045313807E+01  0.0000000000E+00
L0    84000  0.2780000000E+03  -.3008308047E+06  0.8088967182E+05
L1 0.3001793496E+03  0.3001793496E+03  -.3817204766E+12  0.1000000000E+01
L2 0.1000000000E+01  0.1184487230E+03  0.1184487230E+03  0.1184487230E+03
L3 0.1279290543E+07  -.8649263049E+01  -.8300726086E+02  0.1020347630E+03
L4 0.3459413039E+01  0.1045700638E+05  0.1051268927E+05  0.1052684216E+05
L5 0.3149653781E+05  0.1053664154E+05  0.1127695054E+05  0.9587391599E+04
L6 0.3140098369E+05  -.3817204766E+06  0.3475749723E+05  -.5178880554E+06
L7 0.0000000000E+00  0.4765794441E+04  0.1291215094E+05  0.2016506168E+05
L8 0.5748395148E+04  0.5781867944E+05  0.0000000000E+00  0.0000000000E+00
L9 0.0000000000E+00  0.0000000000E+00  0.0000000000E+00  0.1045141121E+01  0.0000000000E+00
L0    85000  0.2800000000E+03  -.3003873327E+06  0.8069322808E+05
L1 0.2994503523E+03  0.2994503523E+03  -.3810805608E+12  0.1000000000E+01
L2 0.1000000000E+01  0.1184683463E+03  0.1184683463E+03  0.1184683463E+03
L3 0.1279909089E+07  0.5398952129E+03  0.1570835943E+03  -.2300139985E+03
L4 0.1556549362E+03  0.1052052888E+05  0.1054585730E+05  0.1048163834E+05
L5 0.3154802452E+05  0.5547222898E+04  0.9098863959E+04  0.1260043837E+05
L6 0.2724652523E+05  -.3810805608E+06  0.3486470135E+05  -.5174326100E+06
L7 0.0000000000E+00  0.4754736988E+04  0.1303923481E+05  0.2017774460E+05
L8 0.5784072499E+04  0.5773155896E+05  0.0000000000E+00  0.0000000000E+00
L9 0.0000000000E+00  0.0000000000E+00  0.0000000000E+00  0.1044636033E+01  0.0000000000E+00
L0    86000  0.2820000000E+03  -.2999284218E+06  0.8109242286E+05
L1 0.3009317531E+03  0.3009317531E+03  -.3810208446E+12  0.1000000000E+01
L2 0.1000000000E+01  0.1185051493E+03  0.1185051493E+03  0.1185051493E+03
L3 0.1281112280E+07  0.1376828731E+03  0.1579393156E+03  -.9076778756E+02
L4 0.6828480040E+02  0.1050736540E+05  0.1056521729E+05  0.1049256396E+05
L5 0.3156514666E+05  0.9237891743E+04  0.9108973703E+04  0.1132946773E+05
L6 0.2967633318E+05  -.3810208446E+06  0.3492547672E+05  -.5175649343E+06
L7 0.0000000000E+00  0.4804873517E+04  0.1315770805E+05  0.2018320924E+05
L8 0.5749521191E+04  0.5772330095E+05  0.0000000000E+00  0.0000000000E+00
L9 0.0000000000E+00  0.0000000000E+00  0.0000000000E+00  0.1043654934E+01  0.0000000000E+00
L0    87000  0.2840000000E+03  -.3007399919E+06  0.8118066683E+05
L1 0.3012592241E+03  0.3012592241E+03  -.3819206587E+12  0.1000000000E+01
L2 0.1000000000E+01  0.1183847927E+03  0.1183847927E+03  0.1183847927E+03
L3 0.1277223656E+07  -.7175201487E+02  -.1242389586E+03  0.1165771030E+03
L4 -.2647129015E+02  0.1052339685E+05  0.1052396734E+05  0.1053386767E+05
L5 0.3158123186E+05  0.1118296190E+05  0.1166600740E+05  0.9462257588E+04
L6 0.3231122688E+05  -.3819206587E+06  0.3517572056E+05  -.5187038327E+06
L7 0.0000000000E+00  0.4785277689E+04  0.1295695924E+05  0.2018514834E+05
L8 0.5723050128E+04  0.5795701807E+05  0.0000000000E+00  0.0000000000E+00
L9 0.0000000000E+00  0.0000000000E+00  0.0000000000E+00  0.1046832438E+01  0.0000000000E+00
L0    88000  0.2860000000E+03  -.3000723107E+06  0.8110041146E+05
L1 0.3009613986E+03  0.3009613986E+03  -.3811727222E+12  0.1000000000E+01
L2 0.1000000000E+01  0.1184042911E+03  0.1184042911E+03  0.1184042911E+03
L3 0.1277859980E+07  -.2607061040E+03  0.3982845485E+03  -.3519952328E+03
L4 -.7147226273E+02  0.1034428378E+05  0.1043336943E+05  0.1058539344E+05
L5 0.3136304666E+05  0.1274196284E+05  0.6770399890E+04  0.1382264636E+05
L6 0.3333500909E+05  -.3811727222E+06  0.3439123891E+05  -.5171903066E+06
L7 0.0000000000E+00  0.4665236469E+04  0.1306463742E+05  0.2023544656E+05
L8 0.5777192188E+04  0.5788383289E+05  0.0000000000E+00  0.0000000000E+00
L9 0.0000000000E+00  0.0000000000E+00  0.0000000000E+00  0.1046311156E+01  0.0000000000E+00
L0    89000  0.2880000000E+03  -.3000264678E+06  0.8108672538E+05
L1 0.3009106100E+03  0.3009106100E+03  -.3811131932E+12  0.1000000000E+01
L2 0.1000000000E+01  0.1184305437E+03  0.1184305437E+03  0.1184305437E+03
L3 0.1278697739E+07  0.5820219082E+02  -.3627541288E+02  0.9007128824E+02
L4 0.3733268873E+02  0.1059570534E+05  0.1057557928E+05  0.1040508759E+05
L5 0.3157637221E+05  0.1006007667E+05  0.1090941810E+05  0.9576170967E+04
L6 0.3054566574E+05  -.3811131932E+06  0.3485477653E+05  -.5174724242E+06
L7 0.0000000000E+00  0.4818185162E+04  0.1302518770E+05  0.2018463132E+05
L8 0.5740017248E+04  0.5773643311E+05  0.0000000000E+00  0.0000000000E+00
L9 0.0000000000E+00  0.0000000000E+00  0.0000000000E+00  0.1045625649E+01  0.0000000000E+00
L0    90000  0.2900000000E+03  -.2998728159E+06  0.8114859149E+05
L1 0.3011401934E+03  0.3011401934E+03  -.3810214074E+12  0.1000000000E+01
L2 0.1000000000E+01  0.1184283574E+03  0.1184283574E+03  0.1184283574E+03
L3 0.1278644638E+07  -.5744942027E+02  -.8995036142E+01  -.2874684635E+03
L4 -.1179709733E+03  0.1051158301E+05  0.1059973893E+05  0.1037115603E+05
L5 0.3148247797E+05  0.1104026205E+05  0.1068251587E+05  0.1301658832E+05
L6 0.3473936623E+05  -.3810214074E+06  0.3419144537E+05  -.5165943094E+06
L7 0.0000000000E+00  0.4749972638E+04  0.1284118708E+05  0.2017367474E+05
L8 0.5775786826E+04  0.5784083527E+05  0.0000000000E+00  0.0000000000E+00
L9 0.0000000000E+00  0.0000000000E+00  0.0000000000E+00  0.1045669072E+01  0.0000000000E+00
L0    91000  0.2920000000E+03  -.3006208202E+06  0.8090802883E+05
L1 0.3002474720E+03  0.3002474720E+03  -.3815288491E+12  0.1000000000E+01
L2 0.1000000000E+01  0.1184279045E+03  0.1184279045E+03  0.1184279045E+03
L3 0.1278612474E+07  0.5168992063E+02  0.1811932045E+03  -.1266725758E+03
L4 0.3540351643E+02  0.1056556762E+05  0.1065606260E+05  0.1052161273E+05
L5 0.3174324295E+05  0.1008990242E+05  0.8988671720E+04  0.1168728944E+05
L6 0.3076586357E+05  -.3815288491E+06  0.3470795478E+05  -.5178272261E+06
L7 0.0000000000E+00  0.4748165488E+04  0.1314581465E+05  0.2027034048E+05
L8 0.5720036585E+04  0.5770606503E+05  0.0000000000E+00  0.0000000000E+00
L9 0.0000000000E+00  0.0000000000E+00  0.0000000000E+00  0.1045695377E+01  0.0000000000E+00
L0    92000  0.2940000000E+03  -.3003976747E+06  0.8105615110E+05
L1 0.3007971496E+03  0.3007971496E+03  -.3814538258E+12  0.1000000000E+01
L2 0.1000000000E+01  0.1184399196E+03  0.1184399196E+03  0.1184399196E+03
L3 0.1278999643E+07  0.1900160268E+03  -.1515554959E+03  0.1213122889E+03
L4 0.5325760662E+02  0.1052910504E+05  0.1050453551E+05  0.1051802960E+05
L5 0.3155167014E+05  0.8779994579E+04  0.1189961416E+05  0.9401341721E+04
L6 0.3008095046E+05  -.3814538258E+06  0.3479786473E+05  -.5178487997E+06
L7 0.0000000000E+00  0.4733308298E+04  0.1295315588E+05  0.2024468398E+05
L8 0.5789642875E+04  0.5787631814E+05  0.0000000000E+00  0.0000000000E+00
L9 0.0000000000E+00  0.0000000000E+00  0.0000000000E+00  0.1045378832E+01  0.0000000000E+00
L0    93000  0.2960000000E+03  -.3003094320E+06  0.8122499895E+05
L1 0.3014237394E+03  0.3014237394E+03  -.3815344310E+12  0.1000000000E+01
L2 0.1000000000E+01  0.1184777644E+03  0.1184777644E+03  0.1184777644E+03
L3 0.1280228790E+07  0.2455750825E+02  0.3603012400E+03  -.2968115798E+03
L4 0.2934905614E+02  0.1067255993E+05  0.1057345239E+05  0.1044343644E+05
L5 0.3168944877E+05  0.1044628916E+05  0.7253667639E+04  0.1317823291E+05
L6 0.3087818970E+05  -.3815344310E+06  0.3477903691E+05  -.5178468228E+06
L7 0.0000000000E+00  0.4784444610E+04  0.1305021786E+05  0.2021584386E+05
L8 0.5747579459E+04  0.5773526912E+05  0.0000000000E+00  0.0000000000E+00
L9 0.0000000000E+00  0.0000000000E+00  0.0000000000E+00  0.1044375164E+01  0.0000000000E+00
L0    94000  0.2980000000E+03  -.3002090193E+06  0.8106871610E+05
L1 0.3008437780E+03  0.3008437780E+03  -.3812777354E+12  0.1000000000E+01
L2 0.1000000000E+01  0.1184608252E+03  0.1184608252E+03  0.1184608252E+03
L3 0.1279673025E+07  0.1480915707E+03  -.3782454250E+02  0.1545767459E+03
L4 0.8828125804E+02  0.1041962318E+05  0.1060246062E+05  0.1069227333E+05
L5 0.3171435714E+05  0.9055712490E+04  0.1095082142E+05  0.9268634732E+04
L6 0.2927516864E+05  -.3812777354E+06  0.3456085031E+05  -.5171924934E+06
L7 0.0000000000E+00  0.4717088981E+04  0.1300092058E+05  0.2014472772E+05
L8 0.5770586712E+04  0.5772058365E+05  0.0000000000E+00  0.0000000000E+00
L9 0.0000000000E+00  0.0000000000E+00  0.0000000000E+00  0.1044828739E+01  0.0000000000E+00
L0    95000  0.3000000000E+03  -.3001464528E+06  0.8132853053E+05
L1 0.3018079422E+03  0.3018079422E+03  -.3814749833E+12  0.1000000000E+01
L2 0.1000000000E+01  0.1184549200E+03  0.1184549200E+03  0.1184549200E+03
L3 0.1279489348E+07  0.2195261334E+03  0.1008197615E+02  -.1667790417E+03
L4 0.2094302265E+02  0.1049777435E+05  0.1059007262E+05  0.1057415742E+05
L5 0.3166200439E+05  0.8476247645E+04  0.1049723181E+05  0.1210995765E+05
L6 0.3108343710E+05  -.3814749833E+06  0.3468339379E+05  -.5175992067E+06
L7 0.0000000000E+00  0.4729804238E+04  0.1298858843E+05  0.2014277046E+05
L8 0.5740447761E+04  0.5783921877E+05  0.0000000000E+00  0.0000000000E+00
L9 0.0000000000E+00  0.0000000000E+00  0.0000000000E+00  0.1044978729E+01  0.0000000000E+00
L0    96000  0.3020000000E+03  -.3012718349E+06  0.8047704819E+05
L1 0.2986481146E+03  0.2986481146E+03  -.3817488831E+12  0.1000000000E+01
L2 0.1000000000E+01  0.1184498551E+03  0.1184498551E+03  0.1184498551E+03
L3 0.1279316240E+07  0.5098930293E+03  -.1586850207E+03  -.5210427167E+02
L4 0.9970124564E+02  0.1043452492E+05  0.1052127924E+05  0.1037402150E+05
L5 0.3132982566E+05  0.5739763056E+04  0.1198234723E+05  0.1085376359E+05
L6 0.2857587388E+05  -.3817488831E+06  0.3513470320E+05  -.5184849305E+06
L7 0.0000000000E+00  0.4881129228E+04  0.1296362689E+05  0.2013398869E+05
L8 0.5768584535E+04  0.5785401481E+05  0.0000000000E+00  0.0000000000E+00
L9 0.0000000000E+00  0.0000000000E+00  0.0000000000E+00  0.1045120128E+01  0.0000000000E+00
L0    97000  0.3040000000E+03  -.3010046491E+06  0.8108005984E+05
L1 0.3008858743E+03  0.3008858743E+03  -.3820847089E+12  0.1000000000E+01
L2 0.1000000000E+01  0.1184397094E+03  0.1184397094E+03  0.1184397094E+03
L3 0.1279004601E+07  -.2770663374E+03  0.1599921771E+03  -.3264615805E+02
L4 -.4990677279E+02  0.1050793422E+05  0.1052050678E+05  0.1042020909E+05
L5 0.3144865009E+05  0.1305835860E+05  0.9047762193E+04  0.1072072036E+05
L6 0.3282684115E+05  -.3820847089E+06  0.3477384359E+05  -.5182838410E+06
L7 0.0000000000E+00  0.4842551673E+04  0.1296610332E+05  0.2014112762E+05
L8 0.5773594321E+04  0.5770191151E+05  0.0000000000E+00  0.0000000000E+00
L9 0.0000000000E+00  0.0000000000E+00  0.0000000000E+00  0.1045374779E+01  0.0000000000E+00
L0    98000  0.3060000000E+03  -.3009853077E+06  0.8092778349E+05
L1 0.3003207810E+03  0.3003207810E+03  -.3819130912E+12  0.1000000000E+01
L2 0.1000000000E+01  0.1184361633E+03  0.1184361633E+03  0.1184361633E+03
L3 0.1278885787E+07  0.3652981589E+02  -.1551934332E+02  -.6715174901E+02
L4 -.1538042548E+02  0.1053251073E+05  0.1056584649E+05  0.1043010985E+05
L5 0.3152846708E+05  0.1019628122E+05  0.1070869039E+05  0.1104819125E+05
L6 0.3195316286E+05  -.3819130912E+06  0.3454281263E+05  -.5181065715E+06
L7 0.0000000000E+00  0.4851092701E+04  0.1298127556E+05  0.2019670041E+05
L8 0.5770507130E+04  0.5785109187E+05  0.0000000000E+00  0.0000000000E+00
L9 0.0000000000E+00  0.0000000000E+00  0.0000000000E+00  0.1045471900E+01  0.0000000000E+00
L0    99000  0.3080000000E+03  -.3008227522E+06  0.8082238412E+05
L1 0.2999296468E+03  0.2999296468E+03  -.3816451363E+12  0.1000000000E+01
L2 0.1000000000E+01  0.1184368788E+03  0.1184368788E+03  0.1184368788E+03
L3 0.1278903950E+07  0.4378824190E+02  -.5559261533E+02  0.9756552838E+02
L4 0.2858705165E+02  0.1044171980E+05  0.1044562148E+05  0.1049860996E+05
L5 0.3138595124E+05  0.1003867621E+05  0.1095731700E+05  0.9600579830E+04
L6 0.3059657303E+05  -.3816451363E+06  0.3452530121E+05  -.5176969725E+06
L7 0.0000000000E+00  0.4790081121E+04  0.1294021805E+05  0.2024337339E+05
L8 0.5756047212E+04  0.5779681523E+05  0.0000000000E+00  0.0000000000E+00
L9 0.0000000000E+00  0.0000000000E+00  0.0000000000E+00  0.1045457052E+01  0.0000000000E+00
L0   100000  0.3100000000E+03  -.3009056818E+06  0.8093387341E+05
L1 0.3003433805E+03  0.3003433805E+03  -.3818395552E+12  0.1000000000E+01
L2 0.1000000000E+01  0.1184081790E+03  0.1184081790E+03  0.1184081790E+03
L3 0.1277980859E+07  0.1259732278E+03  -.5010019765E+02  -.1585702178E+03
L4 -.2756572922E+02  0.1049667930E+05  0.1047986287E+05  0.1052587313E+05
L5 0.3150241531E+05  0.9338010841E+04  0.1094067125E+05  0.1198436010E+05
L6 0.3226304219E+05  -.3818395552E+06  0.3491966858E+05  -.5182815362E+06
L7 0.0000000000E+00  0.4694175464E+04  0.1303448463E+05  0.2016312660E+05
L8 0.5740016481E+04  0.5789050922E+05  0.0000000000E+00  0.0000000000E+00
L9 0.0000000000E+00  0.0000000000E+00  0.0000000000E+00  0.1046212190E+01  0.0000000000E+00
