L0  Nsteps           time(ps)         Etot             EKinetic        
L1  Temp             T_solute         T_solv           Pres_scal_solu  
L2  Pres_scal_solv   BoxX             BoxY             BoxZ            
L3  volume           pres_X           pres_Y           pres_Z          
L4  Pressure         EKCoM_x          EKCoM_y          EKCoM_z         
L5  EKComTot         VIRIAL_x         VIRIAL_y         VIRIAL_z        
L6  VIRIAL_tot       E_pot            E_vdw            E_el            
L7  E_hbon           E_bon            E_angle          E_dih           
L8  E_14vdw          E_14el           E_const          E_pol           
L9  AV_permMoment    AV_indMoment     AV_totMoment     Density          dV/dlambda      
L0     1000  0.1120000000E+03  -.3155069512E+06  0.8441916110E+05
L1 0.3005560193E+03  0.3005560193E+03  -.3999261123E+12  0.1000000000E+01
L2 0.1000000000E+01  0.1202970927E+03  0.1202970927E+03  0.1202970927E+03
L3 0.1340112363E+07  0.1477183050E+03  -.5404272768E+02  0.8874779091E+02
L4 0.6080778940E+02  0.1107475540E+05  0.1111278965E+05  0.1094872237E+05
L5 0.3313626741E+05  0.9650026907E+04  0.1163402643E+05  0.1009275867E+05
L6 0.3137681201E+05  -.3999261123E+06  0.3733956775E+05  -.5387454425E+06
L7 0.0000000000E+00  0.4760426908E+04  0.1289487441E+05  0.2041359669E+05
L8 0.5784688103E+04  0.5762617636E+05  0.0000000000E+00  0.0000000000E+00
L9 0.0000000000E+00  0.0000000000E+00  0.0000000000E+00  0.1040296381E+01  0.0000000000E+00
L0     2000  0.1140000000E+03  -.3150410924E+06  0.8406645776E+05
L1 0.2993002959E+03  0.2993002959E+03  -.3991075502E+12  0.1000000000E+01
L2 0.1000000000E+01  0.1202651773E+03  0.1202651773E+03  0.1202651773E+03
L3 0.1339031914E+07  0.2579843107E+03  -.5124341567E+02  0.3301864565E+03
L4 0.1789757838E+03  0.1118137502E+05  0.1101790085E+05  0.1089428447E+05
L5 0.3309356034E+05  0.8695147880E+04  0.1151174007E+05  0.7712236196E+04
L6 0.2791912415E+05  -.3991075502E+06  0.3725778755E+05  -.5380490215E+06
L7 0.0000000000E+00  0.4840676625E+04  0.1318967361E+05  0.2042786045E+05
L8 0.5788144843E+04  0.5743732823E+05  0.0000000000E+00  0.0000000000E+00
L9 0.0000000000E+00  0.0000000000E+00  0.0000000000E+00  0.1041135783E+01  0.0000000000E+00
L0     3000  0.1160000000E+03  -.3148120221E+06  0.8420266251E+05
L1 0.2997852233E+03  0.2997852233E+03  -.3990146846E+12  0.1000000000E+01
L2 0.1000000000E+01  0.1202300358E+03  0.1202300358E+03  0.1202300358E+03
L3 0.1337900968E+07  -.2609294815E+03  -.1299165725E+03  -.1407521662E+03
L4 -.1771994067E+03  0.1086488497E+05  0.1097626327E+05  0.1089571128E+05
L5 0.3273685951E+05  0.1337737125E+05  0.1222722810E+05  0.1225101190E+05
L6 0.3785561125E+05  -.3990146846E+06  0.3703557741E+05  -.5378181169E+06
L7 0.0000000000E+00  0.4731982054E+04  0.1306183944E+05  0.2039715256E+05
L8 0.5811064319E+04  0.5776581653E+05  0.0000000000E+00  0.0000000000E+00
L9 0.0000000000E+00  0.0000000000E+00  0.0000000000E+00  0.1042015870E+01  0.0000000000E+00
L0     4000  0.1180000000E+03  -.3152621518E+06  0.8431793528E+05
L1 0.3001956268E+03  0.3001956268E+03  -.3995800871E+12  0.1000000000E+01
L2 0.1000000000E+01  0.1202680774E+03  0.1202680774E+03  0.1202680774E+03
L3 0.1339150654E+07  -.3281495660E+02  -.7809552305E+02  0.9868482079E+02
L4 -.4075219619E+01  0.1114221209E+05  0.1107784819E+05  0.1090210749E+05
L5 0.3312216777E+05  0.1145848198E+05  0.1183053128E+05  0.9950985172E+04
L6 0.3323999843E+05  -.3995800871E+06  0.3732178367E+05  -.5384624835E+06
L7 0.0000000000E+00  0.4777534607E+04  0.1296861481E+05  0.2042611482E+05
L8 0.5771199520E+04  0.5761714900E+05  0.0000000000E+00  0.0000000000E+00
L9 0.0000000000E+00  0.0000000000E+00  0.0000000000E+00  0.1041043468E+01  0.0000000000E+00
L0     5000  0.1200000000E+03  -.3146430359E+06  0.8416717717E+05
L1 0.2996588854E+03  0.2996588854E+03  -.3988102130E+12  0.1000000000E+01
L2 0.1000000000E+01  0.1202560411E+03  0.1202560411E+03  0.1202560411E+03
L3 0.1338758997E+07  -.1247413568E+03  0.1066195945E+03  -.2545189277E+03
L4 -.9088023000E+02  0.1094927967E+05  0.1103217990E+05  0.1105582909E+05
L5 0.3303728866E+05  0.1215118275E+05  0.1000488292E+05  0.1350815997E+05
L6 0.3566422564E+05  -.3988102130E+06  0.3727636199E+05  -.5378614375E+06
L7 0.0000000000E+00  0.4806451047E+04  0.1309877107E+05  0.2037888716E+05
L8 0.5851101198E+04  0.5763965202E+05  0.0000000000E+00  0.0000000000E+00
L9 0.0000000000E+00  0.0000000000E+00  0.0000000000E+00  0.1041348028E+01  0.0000000000E+00
L0     6000  0.1220000000E+03  -.3150322640E+06  0.8419641299E+05
L1 0.2997629732E+03  0.2997629732E+03  -.3992286769E+12  0.1000000000E+01
L2 0.1000000000E+01  0.1202644136E+03  0.1202644136E+03  0.1202644136E+03
L3 0.1339016044E+07  0.2086079384E+03  0.5832567885E+01  0.8046152180E+02
L4 0.9830067602E+02  0.1115378617E+05  0.1099726822E+05  0.1109568842E+05
L5 0.3324674281E+05  0.9143429147E+04  0.1094105970E+05  0.1032027983E+05
L6 0.3040476868E+05  -.3992286769E+06  0.3742568533E+05  -.5382679950E+06
L7 0.0000000000E+00  0.4806388524E+04  0.1294951894E+05  0.2043326459E+05
L8 0.5767627087E+04  0.5765683357E+05  0.0000000000E+00  0.0000000000E+00
L9 0.0000000000E+00  0.0000000000E+00  0.0000000000E+00  0.1041148123E+01  0.0000000000E+00
L0     7000  0.1240000000E+03  -.3153983886E+06  0.8429546460E+05
L1 0.3001156249E+03  0.3001156249E+03  -.3996938532E+12  0.1000000000E+01
L2 0.1000000000E+01  0.1202246655E+03  0.1202246655E+03  0.1202246655E+03
L3 0.1337704223E+07  -.1303003379E+03  0.8672621023E+02  -.4868327095E+02
L4 -.3075246620E+02  0.1104213718E+05  0.1094865597E+05  0.1111889858E+05
L5 0.3310969172E+05  0.1229661278E+05  0.1011369332E+05  0.1158760017E+05
L6 0.3399790627E+05  -.3996938532E+06  0.3773541864E+05  -.5391307950E+06
L7 0.0000000000E+00  0.4689752304E+04  0.1303865457E+05  0.2051522083E+05
L8 0.5737732378E+04  0.5772016306E+05  0.0000000000E+00  0.0000000000E+00
L9 0.0000000000E+00  0.0000000000E+00  0.0000000000E+00  0.1042169126E+01  0.0000000000E+00
L0     8000  0.1260000000E+03  -.3148912583E+06  0.8425455466E+05
L1 0.2999699739E+03  0.2999699739E+03  -.3991458130E+12  0.1000000000E+01
L2 0.1000000000E+01  0.1202035436E+03  0.1202035436E+03  0.1202035436E+03
L3 0.1337012892E+07  0.2422723561E+02  -.5442910086E+03  0.8575425298E+02
L4 -.1447698400E+03  0.1083473115E+05  0.1097114333E+05  0.1102808817E+05
L5 0.3283396265E+05  0.1060160229E+05  0.1620863488E+05  0.1020290978E+05
L6 0.3701314695E+05  -.3991458130E+06  0.3734662050E+05  -.5380355590E+06
L7 0.0000000000E+00  0.4768704520E+04  0.1295438402E+05  0.2041995014E+05
L8 0.5791315548E+04  0.5760877137E+05  0.0000000000E+00  0.0000000000E+00
L9 0.0000000000E+00  0.0000000000E+00  0.0000000000E+00  0.1042708002E+01  0.0000000000E+00
L0     9000  0.1280000000E+03  -.3151179536E+06  0.8470353990E+05
L1 0.3015684880E+03  0.3015684880E+03  -.3998214935E+12  0.1000000000E+01
L2 0.1000000000E+01  0.1202353939E+03  0.1202353939E+03  0.1202353939E+03
L3 0.1338053692E+07  -.3327490618E+03  0.2063823102E+03  0.2522357828E+03
L4 0.4195634376E+02  0.1104450404E+05  0.1103162650E+05  0.1116982750E+05
L5 0.3324595805E+05  0.1424890579E+05  0.9044147313E+04  0.8740775471E+04
L6 0.3203382857E+05  -.3998214935E+06  0.3762946758E+05  -.5389201564E+06
L7 0.0000000000E+00  0.4765501461E+04  0.1292344231E+05  0.2044187304E+05
L8 0.5755554295E+04  0.5758282429E+05  0.0000000000E+00  0.0000000000E+00
L9 0.0000000000E+00  0.0000000000E+00  0.0000000000E+00  0.1041896936E+01  0.0000000000E+00
L0    10000  0.1300000000E+03  -.3141110213E+06  0.8463060833E+05
L1 0.3013088311E+03  0.3013088311E+03  -.3987416296E+12  0.1000000000E+01
L2 0.1000000000E+01  0.1202504149E+03  0.1202504149E+03  0.1202504149E+03
L3 0.1338560882E+07  -.3567522406E+03  0.1394814739E+03  0.2014820721E+03
L4 -.5262898230E+01  0.1108377490E+05  0.1115027410E+05  0.1101983956E+05
L5 0.3325388856E+05  0.1452063155E+05  0.9806546506E+04  0.9078814617E+04
L6 0.3340599267E+05  -.3987416296E+06  0.3736645548E+05  -.5377845652E+06
L7 0.0000000000E+00  0.4903388081E+04  0.1307987851E+05  0.2051571517E+05
L8 0.5742261181E+04  0.5743523723E+05  0.0000000000E+00  0.0000000000E+00
L9 0.0000000000E+00  0.0000000000E+00  0.0000000000E+00  0.1041502154E+01  0.0000000000E+00
L0    11000  0.1320000000E+03  -.3143168749E+06  0.8461322343E+05
L1 0.3012469359E+03  0.3012469359E+03  -.3989300983E+12  0.1000000000E+01
L2 0.1000000000E+01  0.1202336774E+03  0.1202336774E+03  0.1202336774E+03
L3 0.1337985823E+07  0.3382238915E+03  0.7050758656E+01  0.4610815102E+02
L4 0.1304609337E+03  0.1118517309E+05  0.1112395853E+05  0.1110133333E+05
L5 0.3341046495E+05  0.7928213472E+04  0.1105606257E+05  0.1065733043E+05
L6 0.2964160648E+05  -.3989300983E+06  0.3757978378E+05  -.5380017362E+06
L7 0.0000000000E+00  0.4709986493E+04  0.1296951269E+05  0.2038159188E+05
L8 0.5766025503E+04  0.5766473754E+05  0.0000000000E+00  0.0000000000E+00
L9 0.0000000000E+00  0.0000000000E+00  0.0000000000E+00  0.1041949785E+01  0.0000000000E+00
L0    12000  0.1340000000E+03  -.3147959011E+06  0.8461644543E+05
L1 0.3012584071E+03  0.3012584071E+03  -.3994123465E+12  0.1000000000E+01
L2 0.1000000000E+01  0.1202487616E+03  0.1202487616E+03  0.1202487616E+03
L3 0.1338491654E+07  -.4000712703E+02  -.1006360642E+03  0.4770858409E+03
L4 0.1121475499E+03  0.1113849620E+05  0.1126724355E+05  0.1114672040E+05
L5 0.3355246015E+05  0.1152389434E+05  0.1223669461E+05  0.6550839401E+04
L6 0.3031142835E+05  -.3994123465E+06  0.3746954522E+05  -.5380564014E+06
L7 0.0000000000E+00  0.4660970829E+04  0.1294846098E+05  0.2038261472E+05
L8 0.5777364738E+04  0.5740509840E+05  0.0000000000E+00  0.0000000000E+00
L9 0.0000000000E+00  0.0000000000E+00  0.0000000000E+00  0.1041556021E+01  0.0000000000E+00
L0    13000  0.1360000000E+03  -.3149280341E+06  0.8464578500E+05
L1 0.3013628643E+03  0.3013628643E+03  -.3995738191E+12  0.1000000000E+01
L2 0.1000000000E+01  0.1202109719E+03  0.1202109719E+03  0.1202109719E+03
L3 0.1337247915E+07  0.1344110209E+03  -.9444267200E+01  -.2357209566E+03
L4 -.3691806766E+02  0.1104169440E+05  0.1103990703E+05  0.1114622262E+05
L5 0.3322782406E+05  0.9748084330E+04  0.1113080136E+05  0.1341486847E+05
L6 0.3429375416E+05  -.3995738191E+06  0.3689680195E+05  -.5380056680E+06
L7 0.0000000000E+00  0.4824563850E+04  0.1293878095E+05  0.2042965297E+05
L8 0.5829591853E+04  0.5751245734E+05  0.0000000000E+00  0.0000000000E+00
L9 0.0000000000E+00  0.0000000000E+00  0.0000000000E+00  0.1042524745E+01  0.0000000000E+00
L0    14000  0.1380000000E+03  -.3150228006E+06  0.8436177197E+05
L1 0.3003516978E+03  0.3003516978E+03  -.3993845725E+12  0.1000000000E+01
L2 0.1000000000E+01  0.1202383970E+03  0.1202383970E+03  0.1202383970E+03
L3 0.1338160986E+07  -.6761745080E+01  0.3579739781E+02  -.7985931652E+02
L4 -.1694122126E+02  0.1104198442E+05  0.1112174505E+05  0.1104868202E+05
L5 0.3321241149E+05  0.1110710582E+05  0.1077698542E+05  0.1181779569E+05
L6 0.3370188693E+05  -.3993845725E+06  0.3774609662E+05  -.5387140002E+06
L7 0.0000000000E+00  0.4748856152E+04  0.1311808682E+05  0.2041137525E+05
L8 0.5754383055E+04  0.5755062973E+05  0.0000000000E+00  0.0000000000E+00
L9 0.0000000000E+00  0.0000000000E+00  0.0000000000E+00  0.1041813396E+01  0.0000000000E+00
L0    15000  0.1400000000E+03  -.3145998451E+06  0.8439350340E+05
L1 0.3004646706E+03  0.3004646706E+03  -.3989933485E+12  0.1000000000E+01
L2 0.1000000000E+01  0.1202460312E+03  0.1202460312E+03  0.1202460312E+03
L3 0.1338417971E+07  -.8758486533E+02  -.9004746456E+02  0.7447421709E+02
L4 -.3438603760E+02  0.1090566459E+05  0.1103372351E+05  0.1107206708E+05
L5 0.3301145519E+05  0.1174934392E+05  0.1190112433E+05  0.1035467879E+05
L6 0.3400514704E+05  -.3989933485E+06  0.3739537856E+05  -.5378955534E+06
L7 0.0000000000E+00  0.4733781211E+04  0.1301417123E+05  0.2040538133E+05
L8 0.5763380298E+04  0.5759011226E+05  0.0000000000E+00  0.0000000000E+00
L9 0.0000000000E+00  0.0000000000E+00  0.0000000000E+00  0.1041613361E+01  0.0000000000E+00
L0    16000  0.1420000000E+03  -.3153525398E+06  0.8451422569E+05
L1 0.3008944760E+03  0.3008944760E+03  -.3998667655E+12  0.1000000000E+01
L2 0.1000000000E+01  0.1201983077E+03  0.1201983077E+03  0.1201983077E+03
L3 0.1336828791E+07  0.1269795182E+02  -.1965866749E+03  -.1408717104E+02
L4 -.6599196471E+02  0.1102261648E+05  0.1113796758E+05  0.1107896720E+05
L5 0.3323955126E+05  0.1090044607E+05  0.1302938091E+05  0.1121450366E+05
L6 0.3514433065E+05  -.3998667655E+06  0.3756284753E+05  -.5386120300E+06
L7 0.0000000000E+00  0.4704152904E+04  0.1314774692E+05  0.2027382739E+05
L8 0.5760992817E+04  0.5729569696E+05  0.0000000000E+00  0.0000000000E+00
L9 0.0000000000E+00  0.0000000000E+00  0.0000000000E+00  0.1042851598E+01  0.0000000000E+00
L0    17000  0.1440000000E+03  -.3146621859E+06  0.8444624361E+05
L1 0.3006524407E+03  0.3006524407E+03  -.3991084296E+12  0.1000000000E+01
L2 0.1000000000E+01  0.1202365092E+03  0.1202365092E+03  0.1202365092E+03
L3 0.1338090744E+07  -.3275906398E+02  0.1605543942E+03  0.2648770145E+01
L4 0.4348136679E+02  0.1117325757E+05  0.1112682927E+05  0.1092634275E+05
L5 0.3322642959E+05  0.1148873887E+05  0.9580633995E+04  0.1090083416E+05
L6 0.3197020703E+05  -.3991084296E+06  0.3768090529E+05  -.5382941273E+06
L7 0.0000000000E+00  0.4840010055E+04  0.1281686975E+05  0.2038997756E+05
L8 0.5791825825E+04  0.5766610926E+05  0.0000000000E+00  0.0000000000E+00
L9 0.0000000000E+00  0.0000000000E+00  0.0000000000E+00  0.1041868085E+01  0.0000000000E+00
L0    18000  0.1460000000E+03  -.3153820371E+06  0.8416176587E+05
L1 0.2996396197E+03  0.2996396197E+03  -.3995438029E+12  0.1000000000E+01
L2 0.1000000000E+01  0.1201854484E+03  0.1201854484E+03  0.1201854484E+03
L3 0.1336382838E+07  0.3477201650E+02  0.4029998385E+02  0.1533113108E+03
L4 0.7612777037E+02  0.1098069528E+05  0.1104202525E+05  0.1100062509E+05
L5 0.3302334562E+05  0.1064625595E+05  0.1065441759E+05  0.9526067745E+04
L6 0.3082674129E+05  -.3995438029E+06  0.3750811895E+05  -.5387211390E+06
L7 0.0000000000E+00  0.4724231387E+04  0.1308143377E+05  0.2041360654E+05
L8 0.5830040631E+04  0.5761990482E+05  0.0000000000E+00  0.0000000000E+00
L9 0.0000000000E+00  0.0000000000E+00  0.0000000000E+00  0.1043199599E+01  0.0000000000E+00
L0    19000  0.1480000000E+03  -.3153333592E+06  0.8427596972E+05
L1 0.3000462176E+03  0.3000462176E+03  -.3996093289E+12  0.1000000000E+01
L2 0.1000000000E+01  0.1202077553E+03  0.1202077553E+03  0.1202077553E+03
L3 0.1337152818E+07  0.8273575034E+02  -.2177173771E+03  -.2837394254E+03
L4 -.1395736840E+03  0.1110156093E+05  0.1101690283E+05  0.1121846487E+05
L5 0.3333692863E+05  0.1030534505E+05  0.1311212807E+05  0.1394905999E+05
L6 0.3736653311E+05  -.3996093289E+06  0.3718251275E+05  -.5381350452E+06
L7 0.0000000000E+00  0.4861502630E+04  0.1294870392E+05  0.2029288151E+05
L8 0.5746833028E+04  0.5749328251E+05  0.0000000000E+00  0.0000000000E+00
L9 0.0000000000E+00  0.0000000000E+00  0.0000000000E+00  0.1042598888E+01  0.0000000000E+00
L0    20000  0.1500000000E+03  -.3149818498E+06  0.8469872643E+05
L1 0.3015513507E+03  0.3015513507E+03  -.3996805762E+12  0.1000000000E+01
L2 0.1000000000E+01  0.1201835950E+03  0.1201835950E+03  0.1201835950E+03
L3 0.1336324501E+07  -.1869550893E+02  0.8091047582E+02  0.7839175798E+02
L4 0.4686890829E+02  0.1124502198E+05  0.1109184312E+05  0.1094280368E+05
L5 0.3327966878E+05  0.1142482865E+05  0.1031367530E+05  0.1018885998E+05
L6 0.3192736393E+05  -.3996805762E+06  0.3763263883E+05  -.5389340966E+06
L7 0.0000000000E+00  0.4801202172E+04  0.1332597477E+05  0.2028407991E+05
L8 0.5736664557E+04  0.5747296018E+05  0.0000000000E+00  0.0000000000E+00
L9 0.0000000000E+00  0.0000000000E+00  0.0000000000E+00  0.1043245140E+01  0.0000000000E+00
L0    21000  0.1520000000E+03  -.3152121579E+06  0.8421983868E+05
L1 0.2998463753E+03  0.2998463753E+03  -.3994319966E+12  0.1000000000E+01
L2 0.1000000000E+01  0.1202081630E+03  0.1202081630E+03  0.1202081630E+03
L3 0.1337149489E+07  0.1938926395E+03  0.5579625533E+02  -.2424865231E+03
L4 0.2400790578E+01  0.1107360826E+05  0.1105665929E+05  0.1096061300E+05
L5 0.3309088054E+05  0.9207667435E+04  0.1051969971E+05  0.1329420082E+05
L6 0.3302156796E+05  -.3994319966E+06  0.3726211288E+05  -.5381011769E+06
L7 0.0000000000E+00  0.4764722748E+04  0.1302577237E+05  0.2035310692E+05
L8 0.5810265111E+04  0.5745320023E+05  0.0000000000E+00  0.0000000000E+00
L9 0.0000000000E+00  0.0000000000E+00  0.0000000000E+00  0.1042601483E+01  0.0000000000E+00
L0    22000  0.1540000000E+03  -.3154565392E+06  0.8442786905E+05
L1 0.3005870220E+03  0.3005870220E+03  -.3998844082E+12  0.1000000000E+01
L2 0.1000000000E+01  0.1201952813E+03  0.1201952813E+03  0.1201952813E+03
L3 0.1336708143E+07  0.1332542780E+03  -.1731595658E+03  0.3369008311E+03
L4 0.9899851445E+02  0.1104596905E+05  0.1107732077E+05  0.1105505410E+05
L5 0.3317834392E+05  0.9764009463E+04  0.1274318523E+05  0.7813933014E+04
L6 0.3032112771E+05  -.3998844082E+06  0.3738567308E+05  -.5388578195E+06
L7 0.0000000000E+00  0.4727249536E+04  0.1297038582E+05  0.2039753057E+05
L8 0.5844703759E+04  0.5764786849E+05  0.0000000000E+00  0.0000000000E+00
L9 0.0000000000E+00  0.0000000000E+00  0.0000000000E+00  0.1042945723E+01  0.0000000000E+00
L0    23000  0.1560000000E+03  -.3151850923E+06  0.8453776243E+05
L1 0.3009782735E+03  0.3009782735E+03  -.3997228548E+12  0.1000000000E+01
L2 0.1000000000E+01  0.1201215139E+03  0.1201215139E+03  0.1201215139E+03
L3 0.1334250348E+07  0.5274175998E+02  -.5239609519E+02  0.2506434913E+03
L4 0.8366305202E+02  0.1103361358E+05  0.1104779153E+05  0.1108066473E+05
L5 0.3316206984E+05  0.1052714964E+05  0.1155093614E+05  0.8673807469E+04
L6 0.3075189326E+05  -.3997228548E+06  0.3766205812E+05  -.5390953048E+06
L7 0.0000000000E+00  0.4821272004E+04  0.1297987626E+05  0.2041308428E+05
L8 0.5839721814E+04  0.5765643759E+05  0.0000000000E+00  0.0000000000E+00
L9 0.0000000000E+00  0.0000000000E+00  0.0000000000E+00  0.1044866912E+01  0.0000000000E+00
L0    24000  0.1580000000E+03  -.3153006337E+06  0.8438950354E+05
L1 0.3004504300E+03  0.3004504300E+03  -.3996901372E+12  0.1000000000E+01
L2 0.1000000000E+01  0.1202209053E+03  0.1202209053E+03  0.1202209053E+03
L3 0.1337604115E+07  -.1320943562E+03  -.8232895994E+02  -.5166333450E+03
L4 -.2436855537E+03  0.1105456746E+05  0.1103518846E+05  0.1102116750E+05
L5 0.3311092342E+05  0.1232621993E+05  0.1182775696E+05  0.1599471889E+05
L6 0.4014869578E+05  -.3996901372E+06  0.3734032584E+05  -.5385103918E+06
L7 0.0000000000E+00  0.4809114675E+04  0.1311573325E+05  0.2036409601E+05
L8 0.5710802756E+04  0.5748018207E+05  0.0000000000E+00  0.0000000000E+00
L9 0.0000000000E+00  0.0000000000E+00  0.0000000000E+00  0.1042247123E+01  0.0000000000E+00
L0    25000  0.1600000000E+03  -.3152860776E+06  0.8437784822E+05
L1 0.3004089338E+03  0.3004089338E+03  -.3996639258E+12  0.1000000000E+01
L2 0.1000000000E+01  0.1201573284E+03  0.1201573284E+03  0.1201573284E+03
L3 0.1335464455E+07  -.4584803400E+02  0.1974904019E+03  -.4124634526E+03
L4 -.8694036156E+02  0.1081469510E+05  0.1117364693E+05  0.1118913431E+05
L5 0.3317747634E+05  0.1125536119E+05  0.9275477799E+04  0.1515350618E+05
L6 0.3568434517E+05  -.3996639258E+06  0.3704049768E+05  -.5382678687E+06
L7 0.0000000000E+00  0.4843018749E+04  0.1299665889E+05  0.2039540693E+05
L8 0.5821134300E+04  0.5750722641E+05  0.0000000000E+00  0.0000000000E+00
L9 0.0000000000E+00  0.0000000000E+00  0.0000000000E+00  0.1043916995E+01  0.0000000000E+00
L0    26000  0.1620000000E+03  -.3152657686E+06  0.8428917710E+05
L1 0.3000932396E+03  0.3000932396E+03  -.3995549457E+12  0.1000000000E+01
L2 0.1000000000E+01  0.1201584337E+03  0.1201584337E+03  0.1201584337E+03
L3 0.1335494593E+07  0.2198924896E+03  0.7077127578E+02  -.3823973229E+03
L4 -.3057785253E+02  0.1118358079E+05  0.1110904149E+05  0.1095170278E+05
L5 0.3324432506E+05  0.9070047412E+04  0.1042881155E+05  0.1462717849E+05
L6 0.3412603746E+05  -.3995549457E+06  0.3730869278E+05  -.5384584931E+06
L7 0.0000000000E+00  0.4794334606E+04  0.1298867283E+05  0.2036462648E+05
L8 0.5806665411E+04  0.5764055532E+05  0.0000000000E+00  0.0000000000E+00
L9 0.0000000000E+00  0.0000000000E+00  0.0000000000E+00  0.1043893437E+01  0.0000000000E+00
L0    27000  0.1640000000E+03  -.3151087823E+06  0.8458184651E+05
L1 0.3011352252E+03  0.3011352252E+03  -.3996906288E+12  0.1000000000E+01
L2 0.1000000000E+01  0.1201746112E+03  0.1201746112E+03  0.1201746112E+03
L3 0.1336026875E+07  0.6022736920E+02  -.1028621554E+03  0.1322458473E+03
L4 0.2987035369E+02  0.1107061799E+05  0.1105839214E+05  0.1101982889E+05
L5 0.3314883902E+05  0.1049150185E+05  0.1204746297E+05  0.9748219232E+04
L6 0.3228718406E+05  -.3996906288E+06  0.3727185238E+05  -.5382808188E+06
L7 0.0000000000E+00  0.4682955191E+04  0.1295525537E+05  0.2035467776E+05
L8 0.5777084704E+04  0.5754836462E+05  0.0000000000E+00  0.0000000000E+00
L9 0.0000000000E+00  0.0000000000E+00  0.0000000000E+00  0.1043477543E+01  0.0000000000E+00
L0    28000  0.1660000000E+03  -.3158169143E+06  0.8424275448E+05
L1 0.2999279620E+03  0.2999279620E+03  -.4000596688E+12  0.1000000000E+01
L2 0.1000000000E+01  0.1202079854E+03  0.1202079854E+03  0.1202079854E+03
L3 0.1337149349E+07  0.1544772594E+03  -.1801476247E+03  -.1127138193E+03
L4 -.4612806155E+02  0.1099873160E+05  0.1107011853E+05  0.1098352762E+05
L5 0.3305237776E+05  0.9512107896E+04  0.1280378296E+05  0.1206823767E+05
L6 0.3438412853E+05  -.4000596688E+06  0.3748786797E+05  -.5388108059E+06
L7 0.0000000000E+00  0.4768827812E+04  0.1306571410E+05  0.2026576538E+05
L8 0.5804056236E+04  0.5735890562E+05  0.0000000000E+00  0.0000000000E+00
L9 0.0000000000E+00  0.0000000000E+00  0.0000000000E+00  0.1042601592E+01  0.0000000000E+00
L0    29000  0.1680000000E+03  -.3157472167E+06  0.8402101795E+05
L1 0.2991385174E+03  0.2991385174E+03  -.3997682346E+12  0.1000000000E+01
L2 0.1000000000E+01  0.1202032874E+03  0.1202032874E+03  0.1202032874E+03
L3 0.1336982476E+07  -.9701206790E+02  -.5429551857E+02  0.2670932538E+03
L4 0.3859522246E+02  0.1090519240E+05  0.1107946705E+05  0.1100304305E+05
L5 0.3298770250E+05  0.1183867893E+05  0.1160191891E+05  0.8432971505E+04
L6 0.3187356935E+05  -.3997682346E+06  0.3736491997E+05  -.5385287256E+06
L7 0.0000000000E+00  0.4716564274E+04  0.1294966443E+05  0.2028454836E+05
L8 0.5783295911E+04  0.5766149804E+05  0.0000000000E+00  0.0000000000E+00
L9 0.0000000000E+00  0.0000000000E+00  0.0000000000E+00  0.1042731723E+01  0.0000000000E+00
L0    30000  0.1700000000E+03  -.3146225279E+06  0.8441580657E+05
L1 0.3005440762E+03  0.3005440762E+03  -.3990383345E+12  0.1000000000E+01
L2 0.1000000000E+01  0.1202332442E+03  0.1202332442E+03  0.1202332442E+03
L3 0.1337999399E+07  -.1979287309E+03  -.3401353920E+02  -.8151622222E+02
L4 -.1044861641E+03  0.1103019418E+05  0.1113780319E+05  0.1118073861E+05
L5 0.3334873598E+05  0.1293618734E+05  0.1146534318E+05  0.1196571491E+05
L6 0.3636724542E+05  -.3990383345E+06  0.3730614404E+05  -.5377087454E+06
L7 0.0000000000E+00  0.4795321765E+04  0.1318611116E+05  0.2033900395E+05
L8 0.5724382761E+04  0.5731944724E+05  0.0000000000E+00  0.0000000000E+00
L9 0.0000000000E+00  0.0000000000E+00  0.0000000000E+00  0.1041939213E+01  0.0000000000E+00
L0    31000  0.1720000000E+03  -.3146152011E+06  0.8468151104E+05
L1 0.3014900591E+03  0.3014900591E+03  -.3992967122E+12  0.1000000000E+01
L2 0.1000000000E+01  0.1201989036E+03  0.1201989036E+03  0.1201989036E+03
L3 0.1336846108E+07  0.1980754380E+03  -.6454117011E+02  -.2669548505E+03
L4 -.4447352752E+02  0.1101553736E+05  0.1097606585E+05  0.1111776954E+05
L5 0.3310937275E+05  0.9109775544E+04  0.1159704187E+05  0.1368624732E+05
L6 0.3439306473E+05  -.3992967122E+06  0.3720671172E+05  -.5381025827E+06
L7 0.0000000000E+00  0.4827504516E+04  0.1313480408E+05  0.2034792377E+05
L8 0.5767257314E+04  0.5752166909E+05  0.0000000000E+00  0.0000000000E+00
L9 0.0000000000E+00  0.0000000000E+00  0.0000000000E+00  0.1042838089E+01  0.0000000000E+00
L0    32000  0.1740000000E+03  -.3153910017E+06  0.8422173220E+05
L1 0.2998531167E+03  0.2998531167E+03  -.3996127339E+12  0.1000000000E+01
L2 0.1000000000E+01  0.1201945372E+03  0.1201945372E+03  0.1201945372E+03
L3 0.1336681715E+07  -.4890167357E+01  0.2308480078E+03  0.1113565948E+03
L4 0.1124381451E+03  0.1110712558E+05  0.1093116662E+05  0.1104357975E+05
L5 0.3308187195E+05  0.1115417002E+05  0.8710360128E+04  0.9972305842E+04
L6 0.2983683599E+05  -.3996127339E+06  0.3738557585E+05  -.5385593189E+06
L7 0.0000000000E+00  0.4827678340E+04  0.1304918308E+05  0.2040517110E+05
L8 0.5775946752E+04  0.5750302992E+05  0.0000000000E+00  0.0000000000E+00
L9 0.0000000000E+00  0.0000000000E+00  0.0000000000E+00  0.1042966344E+01  0.0000000000E+00
L0    33000  0.1760000000E+03  -.3153693907E+06  0.8425283713E+05
L1 0.2999638591E+03  0.2999638591E+03  -.3996222279E+12  0.1000000000E+01
L2 0.1000000000E+01  0.1202330786E+03  0.1202330786E+03  0.1202330786E+03
L3 0.1337992277E+07  -.4839861897E+02  -.1469004705E+03  -.7805004125E+02
L4 -.9111637691E+02  0.1104084993E+05  0.1086545178E+05  0.1105350907E+05
L5 0.3295981078E+05  0.1150691135E+05  0.1228005086E+05  0.1180510310E+05
L6 0.3559206532E+05  -.3996222279E+06  0.3782814243E+05  -.5389757719E+06
L7 0.0000000000E+00  0.4689424329E+04  0.1295479522E+05  0.2037505546E+05
L8 0.5772465640E+04  0.5773366097E+05  0.0000000000E+00  0.0000000000E+00
L9 0.0000000000E+00  0.0000000000E+00  0.0000000000E+00  0.1041944759E+01  0.0000000000E+00
L0    34000  0.1780000000E+03  -.3149774293E+06  0.8453324932E+05
L1 0.3009622055E+03  0.3009622055E+03  -.3995106786E+12  0.1000000000E+01
L2 0.1000000000E+01  0.1202058798E+03  0.1202058798E+03  0.1202058798E+03
L3 0.1337052665E+07  0.2956903844E+03  0.2205733482E+02  0.2084558017E+03
L4 0.1754011737E+03  0.1112976787E+05  0.1105197209E+05  0.1092855302E+05
L5 0.3311029298E+05  0.8284374625E+04  0.1083971699E+05  0.8922607749E+04
L6 0.2804669937E+05  -.3995106786E+06  0.3748504309E+05  -.5384280571E+06
L7 0.0000000000E+00  0.4723365570E+04  0.1306494133E+05  0.2038955582E+05
L8 0.5753080609E+04  0.5750139212E+05  0.0000000000E+00  0.0000000000E+00
L9 0.0000000000E+00  0.0000000000E+00  0.0000000000E+00  0.1042676985E+01  0.0000000000E+00
L0    35000  0.1800000000E+03  -.3154947986E+06  0.8410556577E+05
L1 0.2994395315E+03  0.2994395315E+03  -.3996003644E+12  0.1000000000E+01
L2 0.1000000000E+01  0.1202144339E+03  0.1202144339E+03  0.1202144339E+03
L3 0.1337348651E+07  0.6229925213E+02  -.1696742552E+02  0.2162021944E+03
L4 0.8717800699E+02  0.1097296222E+05  0.1102852459E+05  0.1092129604E+05
L5 0.3292278285E+05  0.1037333125E+05  0.1119183625E+05  0.8840347589E+04
L6 0.3040551508E+05  -.3996003644E+06  0.3798372164E+05  -.5392368388E+06
L7 0.0000000000E+00  0.4805499444E+04  0.1305753071E+05  0.2039433929E+05
L8 0.5800383050E+04  0.5759500026E+05  0.0000000000E+00  0.0000000000E+00
L9 0.0000000000E+00  0.0000000000E+00  0.0000000000E+00  0.1042446216E+01  0.0000000000E+00
L0    36000  0.1820000000E+03  -.3156161338E+06  0.8417818556E+05
L1 0.2996980784E+03  0.2996980784E+03  -.3997943193E+12  0.1000000000E+01
L2 0.1000000000E+01  0.1202191256E+03  0.1202191256E+03  0.1202191256E+03
L3 0.1337525309E+07  -.7795995118E+02  0.8204427463E+02  -.2472640708E+03
L4 -.8105991577E+02  0.1095828058E+05  0.1104989315E+05  0.1107362912E+05
L5 0.3308180284E+05  0.1170874507E+05  0.1026011181E+05  0.1345386284E+05
L6 0.3542271971E+05  -.3997943193E+06  0.3776519405E+05  -.5391635603E+06
L7 0.0000000000E+00  0.4871947560E+04  0.1314500168E+05  0.2040587103E+05
L8 0.5717725855E+04  0.5746350084E+05  0.0000000000E+00  0.0000000000E+00
L9 0.0000000000E+00  0.0000000000E+00  0.0000000000E+00  0.1042308532E+01  0.0000000000E+00
L0    37000  0.1840000000E+03  -.3153421694E+06  0.8451835332E+05
L1 0.3009091716E+03  0.3009091716E+03  -.3998605227E+12  0.1000000000E+01
L2 0.1000000000E+01  0.1202152348E+03  0.1202152348E+03  0.1202152348E+03
L3 0.1337383874E+07  -.1109961427E+03  0.7087902992E+02  0.8803323166E+02
L4 0.1597203963E+02  0.1114876017E+05  0.1104607174E+05  0.1109803850E+05
L5 0.3329287041E+05  0.1221712737E+05  0.1036384235E+05  0.1025069538E+05
L6 0.3283166510E+05  -.3998605227E+06  0.3769404775E+05  -.5390122315E+06
L7 0.0000000000E+00  0.4771358123E+04  0.1297416439E+05  0.2043020548E+05
L8 0.5753569565E+04  0.5752836344E+05  0.0000000000E+00  0.0000000000E+00
L9 0.0000000000E+00  0.0000000000E+00  0.0000000000E+00  0.1042418761E+01  0.0000000000E+00
L0    38000  0.1860000000E+03  -.3155576151E+06  0.8392506880E+05
L1 0.2987969114E+03  0.2987969114E+03  -.3994826839E+12  0.1000000000E+01
L2 0.1000000000E+01  0.1202121087E+03  0.1202121087E+03  0.1202121087E+03
L3 0.1337283368E+07  0.3862711697E+02  -.6774906516E+02  -.1912103385E+02
L4 -.1608099401E+02  0.1101146962E+05  0.1097639622E+05  0.1097143202E+05
L5 0.3295929786E+05  0.1063970135E+05  0.1162844987E+05  0.1115546320E+05
L6 0.3342361441E+05  -.3994826839E+06  0.3721614684E+05  -.5380596823E+06
L7 0.0000000000E+00  0.4755154488E+04  0.1305711684E+05  0.2035987812E+05
L8 0.5710258986E+04  0.5747844315E+05  0.0000000000E+00  0.0000000000E+00
L9 0.0000000000E+00  0.0000000000E+00  0.0000000000E+00  0.1042497106E+01  0.0000000000E+00
L0    39000  0.1880000000E+03  -.3151021811E+06  0.8438399552E+05
L1 0.3004308199E+03  0.3004308199E+03  -.3994861766E+12  0.1000000000E+01
L2 0.1000000000E+01  0.1202543739E+03  0.1202543739E+03  0.1202543739E+03
L3 0.1338684910E+07  0.7982231918E+02  0.1091892988E+02  0.9905642932E+02
L4 0.6326589279E+02  0.1123427686E+05  0.1099246525E+05  0.1092972402E+05
L5 0.3315646614E+05  0.1046521851E+05  0.1088726543E+05  0.9975352183E+04
L6 0.3132783612E+05  -.3994861766E+06  0.3707089913E+05  -.5378705764E+06
L7 0.0000000000E+00  0.4658241384E+04  0.1307584362E+05  0.2034022157E+05
L8 0.5770434084E+04  0.5746875997E+05  0.0000000000E+00  0.0000000000E+00
L9 0.0000000000E+00  0.0000000000E+00  0.0000000000E+00  0.1041405660E+01  0.0000000000E+00
L0    40000  0.1900000000E+03  -.3156935349E+06  0.8402126829E+05
L1 0.2991394087E+03  0.2991394087E+03  -.3997148031E+12  0.1000000000E+01
L2 0.1000000000E+01  0.1201878931E+03  0.1201878931E+03  0.1201878931E+03
L3 0.1336466431E+07  0.9966104163E+02  0.3008820266E+02  0.4723053966E+02
L4 0.5899326132E+02  0.1098241765E+05  0.1088080767E+05  0.1099468925E+05
L5 0.3285791457E+05  0.1002381184E+05  0.1059139944E+05  0.1054039469E+05
L6 0.3115560597E+05  -.3997148031E+06  0.3724441981E+05  -.5383730237E+06
L7 0.0000000000E+00  0.4767346134E+04  0.1297380707E+05  0.2035500330E+05
L8 0.5785588005E+04  0.5753205623E+05  0.0000000000E+00  0.0000000000E+00
L9 0.0000000000E+00  0.0000000000E+00  0.0000000000E+00  0.1043134350E+01  0.0000000000E+00
L0    41000  0.1920000000E+03  -.3161190123E+06  0.8418188526E+05
L1 0.2997112504E+03  0.2997112504E+03  -.4003008975E+12  0.1000000000E+01
L2 0.1000000000E+01  0.1201721155E+03  0.1201721155E+03  0.1201721155E+03
L3 0.1335947510E+07  0.1145790785E+03  -.1645692978E+03  0.4220127386E+02
L4 -.2596315151E+01  0.1123207804E+05  0.1104432692E+05  0.1099540810E+05
L5 0.3327181306E+05  0.1013040861E+05  0.1262664864E+05  0.1058964594E+05
L6 0.3334670319E+05  -.4003008975E+06  0.3675249989E+05  -.5383659663E+06
L7 0.0000000000E+00  0.4758490255E+04  0.1308016664E+05  0.2033413742E+05
L8 0.5767784916E+04  0.5737198970E+05  0.0000000000E+00  0.0000000000E+00
L9 0.0000000000E+00  0.0000000000E+00  0.0000000000E+00  0.1043539533E+01  0.0000000000E+00
L0    42000  0.1940000000E+03  -.3152359992E+06  0.8425129129E+05
L1 0.2999583554E+03  0.2999583554E+03  -.3994872905E+12  0.1000000000E+01
L2 0.1000000000E+01  0.1201536090E+03  0.1201536090E+03  0.1201536090E+03
L3 0.1335328730E+07  0.2820913835E+03  -.3404055413E+03  0.9251169404E+02
L4 0.1139917875E+02  0.1115234428E+05  0.1107909362E+05  0.1108806595E+05
L5 0.3331950385E+05  0.8441312591E+04  0.1435055196E+05  0.1019898479E+05
L6 0.3299084935E+05  -.3994872905E+06  0.3704326057E+05  -.5379505279E+06
L7 0.0000000000E+00  0.4904368740E+04  0.1299486720E+05  0.2029089294E+05
L8 0.5761677133E+04  0.5746817089E+05  0.0000000000E+00  0.0000000000E+00
L9 0.0000000000E+00  0.0000000000E+00  0.0000000000E+00  0.1044023101E+01  0.0000000000E+00
L0    43000  0.1960000000E+03  -.3150749033E+06  0.8455809604E+05
L1 0.3010506669E+03  0.3010506669E+03  -.3996329993E+12  0.1000000000E+01
L2 0.1000000000E+01  0.1201498071E+03  0.1201498071E+03  0.1201498071E+03
L3 0.1335226572E+07  -.4959828350E+02  -.3139365310E+03  -.2217731718E+03
L4 -.1951026621E+03  0.1100784341E+05  0.1106230942E+05  0.1108343221E+05
L5 0.3315358503E+05  0.1148446992E+05  0.1407915722E+05  0.1321461428E+05
L6 0.3877824142E+05  -.3996329993E+06  0.3705344431E+05  -.5379574655E+06
L7 0.0000000000E+00  0.4716446597E+04  0.1296160415E+05  0.2036251175E+05
L8 0.5780236041E+04  0.5745022335E+05  0.0000000000E+00  0.0000000000E+00
L9 0.0000000000E+00  0.0000000000E+00  0.0000000000E+00  0.1044102979E+01  0.0000000000E+00
L0    44000  0.1980000000E+03  -.3151174053E+06  0.8454190850E+05
L1 0.3009930346E+03  0.3009930346E+03  -.3996593138E+12  0.1000000000E+01
L2 0.1000000000E+01  0.1202094138E+03  0.1202094138E+03  0.1202094138E+03
L3 0.1337195492E+07  0.2697729035E+02  0.2091710740E+02  -.1479334153E+03
L4 -.3334633917E+02  0.1103308874E+05  0.1100406410E+05  0.1106317819E+05
L5 0.3310033103E+05  0.1077346176E+05  0.1080275978E+05  0.1248687584E+05
L6 0.3406309738E+05  -.3996593138E+06  0.3697929711E+05  -.5380358223E+06
L7 0.0000000000E+00  0.4700200556E+04  0.1299846233E+05  0.2037573540E+05
L8 0.5772937509E+04  0.5754987563E+05  0.0000000000E+00  0.0000000000E+00
L9 0.0000000000E+00  0.0000000000E+00  0.0000000000E+00  0.1042565615E+01  0.0000000000E+00
L0    45000  0.2000000000E+03  -.3159040001E+06  0.8404014696E+05
L1 0.2992066221E+03  0.2992066221E+03  -.3999441471E+12  0.1000000000E+01
L2 0.1000000000E+01  0.1202116978E+03  0.1202116978E+03  0.1202116978E+03
L3 0.1337264468E+07  0.5247167561E+01  -.4701260907E+02  0.1239675543E+03
L4 0.2740070427E+02  0.1095501212E+05  0.1111228577E+05  0.1088139330E+05
L5 0.3294869119E+05  0.1090451126E+05  0.1156475416E+05  0.9688279361E+04
L6 0.3215754478E+05  -.3999441471E+06  0.3764302976E+05  -.5389857211E+06
L7 0.0000000000E+00  0.4822459351E+04  0.1304299738E+05  0.2042075415E+05
L8 0.5734199481E+04  0.5737813394E+05  0.0000000000E+00  0.0000000000E+00
L9 0.0000000000E+00  0.0000000000E+00  0.0000000000E+00  0.1042511840E+01  0.0000000000E+00
L0    46000  0.2020000000E+03  -.3162825988E+06  0.8403509411E+05
L1 0.2991886325E+03  0.2991886325E+03  -.4003176929E+12  0.1000000000E+01
L2 0.1000000000E+01  0.1201181633E+03  0.1201181633E+03  0.1201181633E+03
L3 0.1334150877E+07  0.1793599311E+03  -.3151303839E+03  0.7978848670E+02
L4 -.1866065536E+02  0.1096903416E+05  0.1088527861E+05  0.1104679317E+05
L5 0.3290110594E+05  0.9246820795E+04  0.1391115934E+05  0.1028066443E+05
L6 0.3343864456E+05  -.4003176929E+06  0.3762764333E+05  -.5393364136E+06
L7 0.0000000000E+00  0.4688436343E+04  0.1295357105E+05  0.2040095037E+05
L8 0.5834672185E+04  0.5751344741E+05  0.0000000000E+00  0.0000000000E+00
L9 0.0000000000E+00  0.0000000000E+00  0.0000000000E+00  0.1044944815E+01  0.0000000000E+00
L0    47000  0.2040000000E+03  -.3153285871E+06  0.8413833941E+05
L1 0.2995562149E+03  0.2995562149E+03  -.3994669265E+12  0.1000000000E+01
L2 0.1000000000E+01  0.1201609294E+03  0.1201609294E+03  0.1201609294E+03
L3 0.1335569736E+07  0.1071917116E+03  0.5584297843E+02  -.5139469111E+02
L4 0.3721333296E+02  0.1089074190E+05  0.1108962748E+05  0.1117119851E+05
L5 0.3315156789E+05  0.9860392899E+04  0.1055285317E+05  0.1166521496E+05
L6 0.3207846103E+05  -.3994669265E+06  0.3713082561E+05  -.5380599462E+06
L7 0.0000000000E+00  0.4803496830E+04  0.1308691334E+05  0.2036552610E+05
L8 0.5750447526E+04  0.5745581026E+05  0.0000000000E+00  0.0000000000E+00
L9 0.0000000000E+00  0.0000000000E+00  0.0000000000E+00  0.1043834705E+01  0.0000000000E+00
L0    48000  0.2060000000E+03  -.3154255041E+06  0.8416221609E+05
L1 0.2996412226E+03  0.2996412226E+03  -.3995877202E+12  0.1000000000E+01
L2 0.1000000000E+01  0.1201914994E+03  0.1201914994E+03  0.1201914994E+03
L3 0.1336572660E+07  0.2330874189E+03  -.2792920703E+02  0.3261026611E+03
L4 0.1770869577E+03  0.1105547311E+05  0.1107345415E+05  0.1099302879E+05
L5 0.3312195605E+05  0.8813305958E+04  0.1134211709E+05  0.7856108405E+04
L6 0.2801153145E+05  -.3995877202E+06  0.3770620564E+05  -.5386683680E+06
L7 0.0000000000E+00  0.4873775925E+04  0.1293780272E+05  0.2037636405E+05
L8 0.5776702751E+04  0.5740979666E+05  0.0000000000E+00  0.0000000000E+00
L9 0.0000000000E+00  0.0000000000E+00  0.0000000000E+00  0.1043051442E+01  0.0000000000E+00
L0    49000  0.2080000000E+03  -.3157447855E+06  0.8410866572E+05
L1 0.2994505682E+03  0.2994505682E+03  -.3998534513E+12  0.1000000000E+01
L2 0.1000000000E+01  0.1201631362E+03  0.1201631362E+03  0.1201631362E+03
L3 0.1335633901E+07  0.1432151547E+03  0.2388570715E+03  -.3322169732E+02
L4 0.1162835096E+03  0.1104447739E+05  0.1091692963E+05  0.1093138654E+05
L5 0.3289279356E+05  0.9667797435E+04  0.8620875531E+04  0.1125073574E+05
L6 0.2953940870E+05  -.3998534513E+06  0.3763166454E+05  -.5389166682E+06
L7 0.0000000000E+00  0.4673745782E+04  0.1294614424E+05  0.2040968300E+05
L8 0.5835648215E+04  0.5756633112E+05  0.0000000000E+00  0.0000000000E+00
L9 0.0000000000E+00  0.0000000000E+00  0.0000000000E+00  0.1043784558E+01  0.0000000000E+00
L0    50000  0.2100000000E+03  -.3152891842E+06  0.8417279059E+05
L1 0.2996788708E+03  0.2996788708E+03  -.3994619748E+12  0.1000000000E+01
L2 0.1000000000E+01  0.1201946007E+03  0.1201946007E+03  0.1201946007E+03
L3 0.1336704866E+07  0.1796846285E+02  -.7933454077E+02  -.1304611310E+03
L4 -.6394240298E+02  0.1108861935E+05  0.1105018014E+05  0.1097724812E+05
L5 0.3311604761E+05  0.1091575595E+05  0.1181340836E+05  0.1223233344E+05
L6 0.3496149775E+05  -.3994619748E+06  0.3729157433E+05  -.5381676658E+06
L7 0.0000000000E+00  0.4641882763E+04  0.1311539046E+05  0.2040260231E+05
L8 0.5813174831E+04  0.5744106632E+05  0.0000000000E+00  0.0000000000E+00
L9 0.0000000000E+00  0.0000000000E+00  0.0000000000E+00  0.1042948281E+01  0.0000000000E+00
L0    51000  0.2120000000E+03  -.3154039312E+06  0.8439740510E+05
L1 0.3004785618E+03  0.3004785618E+03  -.3998013363E+12  0.1000000000E+01
L2 0.1000000000E+01  0.1201568069E+03  0.1201568069E+03  0.1201568069E+03
L3 0.1335447245E+07  -.5679076011E+02  0.1557495129E+03  -.3642937679E+03
L4 -.8844500503E+02  0.1108180251E+05  0.1108343293E+05  0.1107450976E+05
L5 0.3323974520E+05  0.1162763703E+05  0.9586473559E+04  0.1457585599E+05
L6 0.3578996658E+05  -.3998013363E+06  0.3724711594E+05  -.5384489216E+06
L7 0.0000000000E+00  0.4778770058E+04  0.1301725308E+05  0.2034757699E+05
L8 0.5789303610E+04  0.5746756564E+05  0.0000000000E+00  0.0000000000E+00
L9 0.0000000000E+00  0.0000000000E+00  0.0000000000E+00  0.1043930448E+01  0.0000000000E+00
L0    52000  0.2140000000E+03  -.3155996654E+06  0.8431463198E+05
L1 0.3001838662E+03  0.3001838662E+03  -.3999142974E+12  0.1000000000E+01
L2 0.1000000000E+01  0.1202260337E+03  0.1202260337E+03  0.1202260337E+03
L3 0.1337760020E+07  -.9839258327E+02  -.1698645344E+03  -.7859901898E+02
L4 -.1156187122E+03  0.1105766098E+05  0.1106864164E+05  0.1108756339E+05
L5 0.3321386601E+05  0.1200498196E+05  0.1270409252E+05  0.1184431249E+05
L6 0.3655338698E+05  -.3999142974E+06  0.3736314433E+05  -.5385597732E+06
L7 0.0000000000E+00  0.4815177557E+04  0.1305737515E+05  0.2038943856E+05
L8 0.5751176209E+04  0.5726916405E+05  0.0000000000E+00  0.0000000000E+00
L9 0.0000000000E+00  0.0000000000E+00  0.0000000000E+00  0.1042125658E+01  0.0000000000E+00
L0    53000  0.2160000000E+03  -.3158817145E+06  0.8416045348E+05
L1 0.2996349472E+03  0.2996349472E+03  -.4000421680E+12  0.1000000000E+01
L2 0.1000000000E+01  0.1201687034E+03  0.1201687034E+03  0.1201687034E+03
L3 0.1335831655E+07  0.9696633976E+02  -.2330122180E+03  0.1801576665E+03
L4 0.1470392941E+02  0.1096273887E+05  0.1094053014E+05  0.1123637876E+05
L5 0.3313964777E+05  0.1003049548E+05  0.1318073123E+05  0.9504326233E+04
L6 0.3271555295E+05  -.4000421680E+06  0.3728893132E+05  -.5388218966E+06
L7 0.0000000000E+00  0.4813018618E+04  0.1318168966E+05  0.2029483543E+05
L8 0.5784616355E+04  0.5741663727E+05  0.0000000000E+00  0.0000000000E+00
L9 0.0000000000E+00  0.0000000000E+00  0.0000000000E+00  0.1043630038E+01  0.0000000000E+00
L0    54000  0.2180000000E+03  -.3153614056E+06  0.8401257151E+05
L1 0.2991084457E+03  0.2991084457E+03  -.3993739771E+12  0.1000000000E+01
L2 0.1000000000E+01  0.1201427093E+03  0.1201427093E+03  0.1201427093E+03
L3 0.1334958160E+07  0.1325668390E+01  0.1355204117E+03  0.7873702805E+02
L4 0.7186103604E+02  0.1116816780E+05  0.1089765231E+05  0.1105643722E+05
L5 0.3312225734E+05  0.1115543104E+05  0.9595598463E+04  0.1029994712E+05
L6 0.3105097662E+05  -.3993739771E+06  0.3723227227E+05  -.5381294277E+06
L7 0.0000000000E+00  0.4847110461E+04  0.1302384526E+05  0.2036137554E+05
L8 0.5766491904E+04  0.5752435524E+05  0.0000000000E+00  0.0000000000E+00
L9 0.0000000000E+00  0.0000000000E+00  0.0000000000E+00  0.1044312911E+01  0.0000000000E+00
L0    55000  0.2200000000E+03  -.3153443524E+06  0.8411849457E+05
L1 0.2994855617E+03  0.2994855617E+03  -.3994628470E+12  0.1000000000E+01
L2 0.1000000000E+01  0.1201585113E+03  0.1201585113E+03  0.1201585113E+03
L3 0.1335489754E+07  -.1280846502E+03  -.1909353944E+02  0.2424839633E+03
L4 0.3176859121E+02  0.1113106655E+05  0.1099527514E+05  0.1108801305E+05
L5 0.3321435475E+05  0.1236216909E+05  0.1117879522E+05  0.8757346400E+04
L6 0.3229831071E+05  -.3994628470E+06  0.3669934780E+05  -.5377264717E+06
L7 0.0000000000E+00  0.4797605788E+04  0.1307204825E+05  0.2028124861E+05
L8 0.5818141499E+04  0.5759523283E+05  0.0000000000E+00  0.0000000000E+00
L9 0.0000000000E+00  0.0000000000E+00  0.0000000000E+00  0.1043897220E+01  0.0000000000E+00
L0    56000  0.2220000000E+03  -.3153819706E+06  0.8440414154E+05
L1 0.3005025454E+03  0.3005025454E+03  -.3997861121E+12  0.1000000000E+01
L2 0.1000000000E+01  0.1202029961E+03  0.1202029961E+03  0.1202029961E+03
L3 0.1336985391E+07  -.1352956331E+03  -.1263810206E+03  0.5960136545E+02
L4 -.6735842944E+02  0.1104453637E+05  0.1112750634E+05  0.1093061405E+05
L5 0.3310265677E+05  0.1234640458E+05  0.1234359461E+05  0.1035710609E+05
L6 0.3504710529E+05  -.3997861121E+06  0.3732610937E+05  -.5384694963E+06
L7 0.0000000000E+00  0.4718879047E+04  0.1310942162E+05  0.2035169601E+05
L8 0.5768864992E+04  0.5740841309E+05  0.0000000000E+00  0.0000000000E+00
L9 0.0000000000E+00  0.0000000000E+00  0.0000000000E+00  0.1042729450E+01  0.0000000000E+00
L0    57000  0.2240000000E+03  -.3158232618E+06  0.8393120211E+05
L1 0.2988187477E+03  0.2988187477E+03  -.3997544639E+12  0.1000000000E+01
L2 0.1000000000E+01  0.1201627171E+03  0.1201627171E+03  0.1201627171E+03
L3 0.1335628948E+07  -.4838387445E+02  0.5102008584E+02  0.1189813262E+03
L4 0.4053917921E+02  0.1099370437E+05  0.1107721930E+05  0.1108924389E+05
L5 0.3316016755E+05  0.1145880084E+05  0.1058678189E+05  0.9945519955E+04
L6 0.3199110268E+05  -.3997544639E+06  0.3770961610E+05  -.5388656817E+06
L7 0.0000000000E+00  0.4780107947E+04  0.1304434324E+05  0.2037222701E+05
L8 0.5771463896E+04  0.5743345965E+05  0.0000000000E+00  0.0000000000E+00
L9 0.0000000000E+00  0.0000000000E+00  0.0000000000E+00  0.1043788429E+01  0.0000000000E+00
L0    58000  0.2260000000E+03  -.3155433988E+06  0.8394428841E+05
L1 0.2988653386E+03  0.2988653386E+03  -.3994876872E+12  0.1000000000E+01
L2 0.1000000000E+01  0.1201892901E+03  0.1201892901E+03  0.1201892901E+03
L3 0.1336497526E+07  0.6339800878E+02  0.1375733262E+03  0.3662851631E+03
L4 0.1890854994E+03  0.1098444975E+05  0.1104614819E+05  0.1107663775E+05
L5 0.3310723569E+05  0.1037463159E+05  0.9722846166E+04  0.7553382831E+04
L6 0.2765086059E+05  -.3994876872E+06  0.3791298383E+05  -.5386990148E+06
L7 0.0000000000E+00  0.4826526376E+04  0.1290505618E+05  0.2037377725E+05
L8 0.5750203392E+04  0.5744278053E+05  0.0000000000E+00  0.0000000000E+00
L9 0.0000000000E+00  0.0000000000E+00  0.0000000000E+00  0.1043110080E+01  0.0000000000E+00
L0    59000  0.2280000000E+03  -.3158813527E+06  0.8395612347E+05
L1 0.2989074747E+03  0.2989074747E+03  -.3998374762E+12  0.1000000000E+01
L2 0.1000000000E+01  0.1201554472E+03  0.1201554472E+03  0.1201554472E+03
L3 0.1335384010E+07  0.1079928953E+03  -.1646116281E+03  0.2420575393E+03
L4 0.6181293551E+02  0.1097668108E+05  0.1098868285E+05  0.1100884443E+05
L5 0.3297420836E+05  0.9938775284E+04  0.1257074399E+05  0.8682460625E+04
L6 0.3119197990E+05  -.3998374762E+06  0.3785015594E+05  -.5390821371E+06
L7 0.0000000000E+00  0.4780793561E+04  0.1308937179E+05  0.2036931902E+05
L8 0.5754876469E+04  0.5740014410E+05  0.0000000000E+00  0.0000000000E+00
L9 0.0000000000E+00  0.0000000000E+00  0.0000000000E+00  0.1043979882E+01  0.0000000000E+00
L0    60000  0.2300000000E+03  -.3158669419E+06  0.8437377347E+05
L1 0.3003944265E+03  0.3003944265E+03  -.4002407154E+12  0.1000000000E+01
L2 0.1000000000E+01  0.1201860103E+03  0.1201860103E+03  0.1201860103E+03
L3 0.1336419692E+07  0.2468694031E+01  -.2045050694E+03  -.2534526330E+02
L4 -.7579387954E+02  0.1108062431E+05  0.1091623620E+05  0.1103157478E+05
L5 0.3302843529E+05  0.1105687961E+05  0.1288323242E+05  0.1127535376E+05
L6 0.3521546579E+05  -.4002407154E+06  0.3776025364E+05  -.5392372211E+06
L7 0.0000000000E+00  0.4740518362E+04  0.1301487636E+05  0.2033498448E+05
L8 0.5710851084E+04  0.5743502180E+05  0.0000000000E+00  0.0000000000E+00
L9 0.0000000000E+00  0.0000000000E+00  0.0000000000E+00  0.1043170831E+01  0.0000000000E+00
L0    61000  0.2320000000E+03  -.3158320489E+06  0.8419549163E+05
L1 0.2997596929E+03  0.2997596929E+03  -.4000275405E+12  0.1000000000E+01
L2 0.1000000000E+01  0.1201495489E+03  0.1201495489E+03  0.1201495489E+03
L3 0.1335204664E+07  -.1032598485E+02  -.1502213027E+03  -.8981201203E+02
L4 -.8345309988E+02  0.1106879001E+05  0.1102411864E+05  0.1094601951E+05
L5 0.3303892816E+05  0.1116801839E+05  0.1246768231E+05  0.1180907525E+05
L6 0.3544477596E+05  -.4000275405E+06  0.3718916117E+05  -.5385941352E+06
L7 0.0000000000E+00  0.4822053660E+04  0.1305372245E+05  0.2031909018E+05
L8 0.5773403731E+04  0.5740916347E+05  0.0000000000E+00  0.0000000000E+00
L9 0.0000000000E+00  0.0000000000E+00  0.0000000000E+00  0.1044120111E+01  0.0000000000E+00
L0    62000  0.2340000000E+03  -.3157564479E+06  0.8433918272E+05
L1 0.3002712737E+03  0.3002712737E+03  -.4000956306E+12  0.1000000000E+01
L2 0.1000000000E+01  0.1201444521E+03  0.1201444521E+03  0.1201444521E+03
L3 0.1335022676E+07  0.9925743025E+02  -.1597316498E+03  0.1143257797E+03
L4 0.1795052006E+02  0.1106557163E+05  0.1105544297E+05  0.1106958251E+05
L5 0.3319059711E+05  0.1011187939E+05  0.1259018787E+05  0.9971109492E+04
L6 0.3267317675E+05  -.4000956306E+06  0.3705847914E+05  -.5385898391E+06
L7 0.0000000000E+00  0.4749307124E+04  0.1309604290E+05  0.2037008431E+05
L8 0.5800438494E+04  0.5741985652E+05  0.0000000000E+00  0.0000000000E+00
L9 0.0000000000E+00  0.0000000000E+00  0.0000000000E+00  0.1044262443E+01  0.0000000000E+00
L0    63000  0.2360000000E+03  -.3155423434E+06  0.8420474584E+05
L1 0.2997926405E+03  0.2997926405E+03  -.3997470893E+12  0.1000000000E+01
L2 0.1000000000E+01  0.1201373953E+03  0.1201373953E+03  0.1201373953E+03
L3 0.1334790650E+07  0.1333941639E+03  -.3755218611E+02  -.1226198351E+03
L4 -.8925952447E+01  0.1096708857E+05  0.1113976659E+05  0.1104212400E+05
L5 0.3314897916E+05  0.9685624111E+04  0.1150051544E+05  0.1222008379E+05
L6 0.3340622334E+05  -.3997470893E+06  0.3698706573E+05  -.5379241768E+06
L7 0.0000000000E+00  0.4762363038E+04  0.1287364488E+05  0.2028125862E+05
L8 0.5781818019E+04  0.5749093728E+05  0.0000000000E+00  0.0000000000E+00
L9 0.0000000000E+00  0.0000000000E+00  0.0000000000E+00  0.1044443967E+01  0.0000000000E+00
L0    64000  0.2380000000E+03  -.3156929767E+06  0.8415784279E+05
L1 0.2996256524E+03  0.2996256524E+03  -.3998508195E+12  0.1000000000E+01
L2 0.1000000000E+01  0.1201383525E+03  0.1201383525E+03  0.1201383525E+03
L3 0.1334809154E+07  0.1977269892E+03  -.1833776369E+02  0.1314723341E+03
L4 0.1036205199E+03  0.1098834906E+05  0.1103701843E+05  0.1098558418E+05
L5 0.3301095167E+05  0.9088838511E+04  0.1121318444E+05  0.9722564464E+04
L6 0.3002458742E+05  -.3998508195E+06  0.3741317696E+05  -.5386013043E+06
L7 0.0000000000E+00  0.4784795020E+04  0.1306223272E+05  0.2038445106E+05
L8 0.5731624032E+04  0.5737420503E+05  0.0000000000E+00  0.0000000000E+00
L9 0.0000000000E+00  0.0000000000E+00  0.0000000000E+00  0.1044429488E+01  0.0000000000E+00
L0    65000  0.2400000000E+03  -.3154492755E+06  0.8423237902E+05
L1 0.2998910224E+03  0.2998910224E+03  -.3996816546E+12  0.1000000000E+01
L2 0.1000000000E+01  0.1201322656E+03  0.1201322656E+03  0.1201322656E+03
L3 0.1334609969E+07  0.2246205852E+03  0.4063892505E+02  -.4743385406E+02
L4 0.7260855207E+02  0.1101069220E+05  0.1103383405E+05  0.1089070974E+05
L5 0.3293523599E+05  0.8853144037E+04  0.1064348498E+05  0.1134632615E+05
L6 0.3084295516E+05  -.3996816546E+06  0.3738131032E+05  -.5384283083E+06
L7 0.0000000000E+00  0.4734828899E+04  0.1299775530E+05  0.2036813584E+05
L8 0.5770778295E+04  0.5749384504E+05  0.0000000000E+00  0.0000000000E+00
L9 0.0000000000E+00  0.0000000000E+00  0.0000000000E+00  0.1044585364E+01  0.0000000000E+00
L0    66000  0.2420000000E+03  -.3154139005E+06  0.8435869704E+05
L1 0.3003407502E+03  0.3003407502E+03  -.3997725975E+12  0.1000000000E+01
L2 0.1000000000E+01  0.1201536019E+03  0.1201536019E+03  0.1201536019E+03
L3 0.1335315735E+07  0.1911843188E+01  0.3940573851E+02  0.3141908328E+03
L4 0.1185028048E+03  0.1093551485E+05  0.1117205250E+05  0.1104359550E+05
L5 0.3315116285E+05  0.1091714131E+05  0.1079334839E+05  0.8024102301E+04
L6 0.2973459200E+05  -.3997725975E+06  0.3693636288E+05  -.5381879372E+06
L7 0.0000000000E+00  0.4673245986E+04  0.1302399105E+05  0.2041294640E+05
L8 0.5841131499E+04  0.5752766184E+05  0.0000000000E+00  0.0000000000E+00
L9 0.0000000000E+00  0.0000000000E+00  0.0000000000E+00  0.1044033261E+01  0.0000000000E+00
L0    67000  0.2440000000E+03  -.3160610920E+06  0.8377785582E+05
L1 0.2982727917E+03  0.2982727917E+03  -.3998389478E+12  0.1000000000E+01
L2 0.1000000000E+01  0.1201657493E+03  0.1201657493E+03  0.1201657493E+03
L3 0.1335746476E+07  -.9236854062E+02  -.2375455964E+03  0.3824837717E+02
L4 -.9722191996E+02  0.1100569056E+05  0.1094930986E+05  0.1098704775E+05
L5 0.3294204817E+05  0.1189367366E+05  0.1323294965E+05  0.1061934775E+05
L6 0.3574597106E+05  -.3998389478E+06  0.3704563300E+05  -.5382562353E+06
L7 0.0000000000E+00  0.4752222487E+04  0.1297100292E+05  0.2035914257E+05
L8 0.5826273672E+04  0.5746301286E+05  0.0000000000E+00  0.0000000000E+00
L9 0.0000000000E+00  0.0000000000E+00  0.0000000000E+00  0.1043696589E+01  0.0000000000E+00
L0    68000  0.2460000000E+03  -.3159815572E+06  0.8406507336E+05
L1 0.2992953671E+03  0.2992953671E+03  -.4000466306E+12  0.1000000000E+01
L2 0.1000000000E+01  0.1201922929E+03  0.1201922929E+03  0.1201922929E+03
L3 0.1336619637E+07  -.1344014327E+03  -.4243089428E+02  0.1921576533E+03
L4 0.5108442110E+01  0.1095893806E+05  0.1094786936E+05  0.1105891796E+05
L5 0.3296572537E+05  0.1225184812E+05  0.1135604454E+05  0.9210406682E+04
L6 0.3281829935E+05  -.4000466306E+06  0.3710304665E+05  -.5385955656E+06
L7 0.0000000000E+00  0.4805111709E+04  0.1292610259E+05  0.2046974495E+05
L8 0.5774911826E+04  0.5747001734E+05  0.0000000000E+00  0.0000000000E+00
L9 0.0000000000E+00  0.0000000000E+00  0.0000000000E+00  0.1043014783E+01  0.0000000000E+00
L0    69000  0.2480000000E+03  -.3156245313E+06  0.8430352647E+05
L1 0.3001443274E+03  0.3001443274E+03  -.3999280577E+12  0.1000000000E+01
L2 0.1000000000E+01  0.1201722701E+03  0.1201722701E+03  0.1201722701E+03
L3 0.1335978495E+07  -.1278557074E+03  -.2752175473E+03  -.2550002078E+03
L4 -.2193578208E+03  0.1096839555E+05  0.1097694386E+05  0.1116980767E+05
L5 0.3311514709E+05  0.1219774731E+05  0.1362320176E+05  0.1362167283E+05
L6 0.3944262190E+05  -.3999280577E+06  0.3709163054E+05  -.5383784818E+06
L7 0.0000000000E+00  0.4764653902E+04  0.1296227895E+05  0.2036550781E+05
L8 0.5781908623E+04  0.5748444421E+05  0.0000000000E+00  0.0000000000E+00
L9 0.0000000000E+00  0.0000000000E+00  0.0000000000E+00  0.1043515330E+01  0.0000000000E+00
L0    70000  0.2500000000E+03  -.3155776917E+06  0.8459431138E+05
L1 0.3011796037E+03  0.3011796037E+03  -.4001720031E+12  0.1000000000E+01
L2 0.1000000000E+01  0.1201739368E+03  0.1201739368E+03  0.1201739368E+03
L3 0.1336028210E+07  -.1565369057E+03  -.1195478630E+03  -.2340881192E+03
L4 -.1700576293E+03  0.1121022629E+05  0.1104115023E+05  0.1111310278E+05
L5 0.3336447929E+05  0.1271540807E+05  0.1219066359E+05  0.1336397883E+05
L6 0.3827005049E+05  -.4001720031E+06  0.3745159563E+05  -.5389010957E+06
L7 0.0000000000E+00  0.4785981236E+04  0.1299386062E+05  0.2027781607E+05
L8 0.5796493557E+04  0.5742334550E+05  0.0000000000E+00  0.0000000000E+00
L9 0.0000000000E+00  0.0000000000E+00  0.0000000000E+00  0.1043476500E+01  0.0000000000E+00
L0    71000  0.2520000000E+03  -.3161625464E+06  0.8394244399E+05
L1 0.2988587719E+03  0.2988587719E+03  -.4001049904E+12  0.1000000000E+01
L2 0.1000000000E+01  0.1201438845E+03  0.1201438845E+03  0.1201438845E+03
L3 0.1335012561E+07  0.6290547296E+02  0.2329435258E+02  -.2541729893E+03
L4 -.5599105460E+02  0.1089823290E+05  0.1108640547E+05  0.1090413741E+05
L5 0.3288877577E+05  0.1029382467E+05  0.1086258872E+05  0.1334628175E+05
L6 0.3450269515E+05  -.4001049904E+06  0.3723195722E+05  -.5384711452E+06
L7 0.0000000000E+00  0.4644365587E+04  0.1284092167E+05  0.2030163808E+05
L8 0.5820981765E+04  0.5752629045E+05  0.0000000000E+00  0.0000000000E+00
L9 0.0000000000E+00  0.0000000000E+00  0.0000000000E+00  0.1044270355E+01  0.0000000000E+00
L0    72000  0.2540000000E+03  -.3153642867E+06  0.8460962627E+05
L1 0.3012341290E+03  0.3012341290E+03  -.3999739129E+12  0.1000000000E+01
L2 0.1000000000E+01  0.1201619826E+03  0.1201619826E+03  0.1201619826E+03
L3 0.1335608602E+07  0.2209517091E+03  -.1948026370E+03  -.8873883761E+01
L4 0.5758396122E+01  0.1105533465E+05  0.1103740654E+05  0.1113608714E+05
L5 0.3322882833E+05  0.8931439111E+04  0.1290994445E+05  0.1122138723E+05
L6 0.3306277080E+05  -.3999739129E+06  0.3706062909E+05  -.5382971714E+06
L7 0.0000000000E+00  0.4778349425E+04  0.1289865426E+05  0.2030186682E+05
L8 0.5773417362E+04  0.5751034151E+05  0.0000000000E+00  0.0000000000E+00
L9 0.0000000000E+00  0.0000000000E+00  0.0000000000E+00  0.1043804329E+01  0.0000000000E+00
L0    73000  0.2560000000E+03  -.3157742771E+06  0.8422124139E+05
L1 0.2998513693E+03  0.2998513693E+03  -.3999955185E+12  0.1000000000E+01
L2 0.1000000000E+01  0.1201626179E+03  0.1201626179E+03  0.1201626179E+03
L3 0.1335633743E+07  -.6733715809E+02  0.2214827309E+02  -.3722779003E+02
L4 -.2747222501E+02  0.1105023760E+05  0.1090375800E+05  0.1105700286E+05
L5 0.3301099846E+05  0.1169752737E+05  0.1069085400E+05  0.1141486126E+05
L6 0.3380324263E+05  -.3999955185E+06  0.3746219048E+05  -.5391220251E+06
L7 0.0000000000E+00  0.4795983145E+04  0.1310615610E+05  0.2029740600E+05
L8 0.5784689826E+04  0.5768008101E+05  0.0000000000E+00  0.0000000000E+00
L9 0.0000000000E+00  0.0000000000E+00  0.0000000000E+00  0.1043784682E+01  0.0000000000E+00
L0    74000  0.2580000000E+03  -.3153966802E+06  0.8431320931E+05
L1 0.3001788011E+03  0.3001788011E+03  -.3997098895E+12  0.1000000000E+01
L2 0.1000000000E+01  0.1201959781E+03  0.1201959781E+03  0.1201959781E+03
L3 0.1336747144E+07  0.6656024605E+02  -.5413994487E+02  -.1118126666E+03
L4 -.3313078846E+02  0.1106882162E+05  0.1101236824E+05  0.1107513855E+05
L5 0.3315632841E+05  0.1042846668E+05  0.1153323142E+05  0.1215085263E+05
L6 0.3411255072E+05  -.3997098895E+06  0.3717107920E+05  -.5383351003E+06
L7 0.0000000000E+00  0.4898409353E+04  0.1306784673E+05  0.2027348477E+05
L8 0.5717778069E+04  0.5749661269E+05  0.0000000000E+00  0.0000000000E+00
L9 0.0000000000E+00  0.0000000000E+00  0.0000000000E+00  0.1042915294E+01  0.0000000000E+00
L0    75000  0.2600000000E+03  -.3149905811E+06  0.8492669097E+05
L1 0.3023629687E+03  0.3023629687E+03  -.3999172720E+12  0.1000000000E+01
L2 0.1000000000E+01  0.1201694394E+03  0.1201694394E+03  0.1201694394E+03
L3 0.1335863278E+07  0.1342523204E+03  -.2212886207E+03  -.4709068168E+02
L4 -.4470899398E+02  0.1114168973E+05  0.1112525976E+05  0.1112357622E+05
L5 0.3339052570E+05  0.9850944903E+04  0.1325279946E+05  0.1157632112E+05
L6 0.3468006548E+05  -.3999172720E+06  0.3748188443E+05  -.5388368615E+06
L7 0.0000000000E+00  0.4781663219E+04  0.1295622534E+05  0.2032889065E+05
L8 0.5774401466E+04  0.5759652435E+05  0.0000000000E+00  0.0000000000E+00
L9 0.0000000000E+00  0.0000000000E+00  0.0000000000E+00  0.1043605333E+01  0.0000000000E+00
L0    76000  0.2620000000E+03  -.3152410138E+06  0.8407476670E+05
L1 0.2993298781E+03  0.2993298781E+03  -.3993157805E+12  0.1000000000E+01
L2 0.1000000000E+01  0.1201829275E+03  0.1201829275E+03  0.1201829275E+03
L3 0.1336306617E+07  0.1106870481E+03  -.1160207675E+03  0.3560145910E+02
L4 0.1008924657E+02  0.1091844030E+05  0.1100545468E+05  0.1105384997E+05
L5 0.3297774494E+05  0.9853906380E+04  0.1212128570E+05  0.1071145254E+05
L6 0.3268664462E+05  -.3993157805E+06  0.3693837968E+05  -.5375265363E+06
L7 0.0000000000E+00  0.4793485998E+04  0.1295786913E+05  0.2029706926E+05
L8 0.5754806940E+04  0.5746914481E+05  0.0000000000E+00  0.0000000000E+00
L9 0.0000000000E+00  0.0000000000E+00  0.0000000000E+00  0.1043259102E+01  0.0000000000E+00
L0    77000  0.2640000000E+03  -.3155266186E+06  0.8444408663E+05
L1 0.3006447612E+03  0.3006447612E+03  -.3999707052E+12  0.1000000000E+01
L2 0.1000000000E+01  0.1201165750E+03  0.1201165750E+03  0.1201165750E+03
L3 0.1334098924E+07  0.2200910405E+02  -.1538454072E+03  0.5135325507E+02
L4 -.2682768268E+02  0.1103356850E+05  0.1108629605E+05  0.1100122523E+05
L5 0.3312108978E+05  0.1082224539E+05  0.1256346153E+05  0.1050815068E+05
L6 0.3389385760E+05  -.3999707052E+06  0.3694913599E+05  -.5380225713E+06
L7 0.0000000000E+00  0.4794194033E+04  0.1287802157E+05  0.2037326649E+05
L8 0.5744337002E+04  0.5731291103E+05  0.0000000000E+00  0.0000000000E+00
L9 0.0000000000E+00  0.0000000000E+00  0.0000000000E+00  0.1044985507E+01  0.0000000000E+00
L0    78000  0.2660000000E+03  -.3155665404E+06  0.8401913751E+05
L1 0.2991318225E+03  0.2991318225E+03  -.3995856779E+12  0.1000000000E+01
L2 0.1000000000E+01  0.1201781619E+03  0.1201781619E+03  0.1201781619E+03
L3 0.1336135722E+07  0.1847482556E+03  0.1850261778E+03  -.3897876261E+02
L4 0.1102652236E+03  0.1105620518E+05  0.1087648562E+05  0.1102745072E+05
L5 0.3296014152E+05  0.9279614001E+04  0.9097221862E+04  0.1140228146E+05
L6 0.2977911733E+05  -.3995856779E+06  0.3790601938E+05  -.5388246076E+06
L7 0.0000000000E+00  0.4831343037E+04  0.1307837961E+05  0.2028313275E+05
L8 0.5775873662E+04  0.5736418126E+05  0.0000000000E+00  0.0000000000E+00
L9 0.0000000000E+00  0.0000000000E+00  0.0000000000E+00  0.1043392538E+01  0.0000000000E+00
L0    79000  0.2680000000E+03  -.3156103565E+06  0.8424488764E+05
L1 0.2999355566E+03  0.2999355566E+03  -.3998552442E+12  0.1000000000E+01
L2 0.1000000000E+01  0.1201717016E+03  0.1201717016E+03  0.1201717016E+03
L3 0.1335932130E+07  0.3443093981E+02  -.1334154884E+03  0.1308497788E+03
L4 0.1062174343E+02  0.1109448748E+05  0.1098791079E+05  0.1116504814E+05
L5 0.3324744642E+05  0.1076344033E+05  0.1227067616E+05  0.9906951603E+04
L6 0.3294106809E+05  -.3998552442E+06  0.3730226162E+05  -.5384750393E+06
L7 0.0000000000E+00  0.4786817532E+04  0.1285881863E+05  0.2034399223E+05
L8 0.5791692195E+04  0.5753621291E+05  0.0000000000E+00  0.0000000000E+00
L9 0.0000000000E+00  0.0000000000E+00  0.0000000000E+00  0.1043551547E+01  0.0000000000E+00
L0    80000  0.2700000000E+03  -.3158961618E+06  0.8385631671E+05
L1 0.2985521346E+03  0.2985521346E+03  -.3997524785E+12  0.1000000000E+01
L2 0.1000000000E+01  0.1201850347E+03  0.1201850347E+03  0.1201850347E+03
L3 0.1336380608E+07  -.7203786675E+02  -.4134906955E+03  0.4226565480E+03
L4 -.2095733806E+02  0.1098454381E+05  0.1101432455E+05  0.1096409300E+05
L5 0.3296296136E+05  0.1167740716E+05  0.1499129612E+05  0.6898963858E+04
L6 0.3356766714E+05  -.3997524785E+06  0.3697417085E+05  -.5378648310E+06
L7 0.0000000000E+00  0.4710709891E+04  0.1290470007E+05  0.2035099366E+05
L8 0.5745762149E+04  0.5742601589E+05  0.0000000000E+00  0.0000000000E+00
L9 0.0000000000E+00  0.0000000000E+00  0.0000000000E+00  0.1043201340E+01  0.0000000000E+00
L0    81000  0.2720000000E+03  -.3156741052E+06  0.8447015764E+05
L1 0.3007375814E+03  0.3007375814E+03  -.4001442628E+12  0.1000000000E+01
L2 0.1000000000E+01  0.1201789359E+03  0.1201789359E+03  0.1201789359E+03
L3 0.1336177829E+07  0.7522922893E+02  -.2044825506E+03  0.4998772757E+02
L4 -.2642186470E+02  0.1104533930E+05  0.1109994818E+05  0.1115203729E+05
L5 0.3329732476E+05  0.1032189108E+05  0.1306637186E+05  0.1067132609E+05
L6 0.3405958903E+05  -.4001442628E+06  0.3731942710E+05  -.5386800212E+06
L7 0.0000000000E+00  0.4712756353E+04  0.1291094822E+05  0.2032118369E+05
L8 0.5815607809E+04  0.5745583519E+05  0.0000000000E+00  0.0000000000E+00
L9 0.0000000000E+00  0.0000000000E+00  0.0000000000E+00  0.1043359657E+01  0.0000000000E+00
L0    82000  0.2740000000E+03  -.3150108179E+06  0.8468769095E+05
L1 0.3015120613E+03  0.3015120613E+03  -.3996985089E+12  0.1000000000E+01
L2 0.1000000000E+01  0.1201889370E+03  0.1201889370E+03  0.1201889370E+03
L3 0.1336503047E+07  -.1070382454E+02  0.1164943450E+03  0.2615161363E+02
L4 0.4398071137E+02  0.1103205659E+05  0.1108729638E+05  0.1113935072E+05
L5 0.3325870370E+05  0.1113501587E+05  0.9966746028E+04  0.1088780032E+05
L6 0.3198956222E+05  -.3996985089E+06  0.3718798508E+05  -.5381311214E+06
L7 0.0000000000E+00  0.4772839835E+04  0.1307857450E+05  0.2027929199E+05
L8 0.5725134722E+04  0.5738878642E+05  0.0000000000E+00  0.0000000000E+00
L9 0.0000000000E+00  0.0000000000E+00  0.0000000000E+00  0.1043105771E+01  0.0000000000E+00
L0    83000  0.2760000000E+03  -.3151867901E+06  0.8407717382E+05
L1 0.2993384481E+03  0.2993384481E+03  -.3992639640E+12  0.1000000000E+01
L2 0.1000000000E+01  0.1202079268E+03  0.1202079268E+03  0.1202079268E+03
L3 0.1337132808E+07  0.6908373563E+02  0.4884325302E+02  0.1105588844E+03
L4 0.7616195768E+02  0.1105051832E+05  0.1111030731E+05  0.1095454225E+05
L5 0.3311536788E+05  0.1038569394E+05  0.1064026635E+05  0.9890583540E+04
L6 0.3091654383E+05  -.3992639640E+06  0.3698196802E+05  -.5376341536E+06
L7 0.0000000000E+00  0.4771750254E+04  0.1311016685E+05  0.2028758631E+05
L8 0.5768000817E+04  0.5745071739E+05  0.0000000000E+00  0.0000000000E+00
L9 0.0000000000E+00  0.0000000000E+00  0.0000000000E+00  0.1042614490E+01  0.0000000000E+00
L0    84000  0.2780000000E+03  -.3156742738E+06  0.8403211514E+05
L1 0.2991780265E+03  0.2991780265E+03  -.3997063890E+12  0.1000000000E+01
L2 0.1000000000E+01  0.1201399100E+03  0.1201399100E+03  0.1201399100E+03
L3 0.1334879018E+07  -.2998810029E+02  0.7862960751E+02  -.1899734733E+03
L4 -.4711065536E+02  0.1088940020E+05  0.1113663783E+05  0.1094715460E+05
L5 0.3297319263E+05  0.1117750298E+05  0.1038122458E+05  0.1277227470E+05
L6 0.3433100227E+05  -.3997063890E+06  0.3705275414E+05  -.5382267477E+06
L7 0.0000000000E+00  0.4866617462E+04  0.1299656013E+05  0.2034374073E+05
L8 0.5733134152E+04  0.5752755218E+05  0.0000000000E+00  0.0000000000E+00
L9 0.0000000000E+00  0.0000000000E+00  0.0000000000E+00  0.1044374826E+01  0.0000000000E+00
L0    85000  0.2800000000E+03  -.3159036673E+06  0.8438603999E+05
L1 0.3004380988E+03  0.3004380988E+03  -.4002897073E+12  0.1000000000E+01
L2 0.1000000000E+01  0.1201335568E+03  0.1201335568E+03  0.1201335568E+03
L3 0.1334653964E+07  0.3881179516E+02  0.2626660684E+03  -.1079069310E+03
L4 0.6452364419E+02  0.1104033671E+05  0.1109828731E+05  0.1100358828E+05
L5 0.3314221230E+05  0.1066752547E+05  0.8575217694E+04  0.1204010092E+05
L6 0.3128284408E+05  -.4002897073E+06  0.3729726079E+05  -.5386723989E+06
L7 0.0000000000E+00  0.4723654148E+04  0.1297173031E+05  0.2026041514E+05
L8 0.5735341446E+04  0.5739428981E+05  0.0000000000E+00  0.0000000000E+00
L9 0.0000000000E+00  0.0000000000E+00  0.0000000000E+00  0.1044550932E+01  0.0000000000E+00
L0    86000  0.2820000000E+03  -.3152996812E+06  0.8430269071E+05
L1 0.3001413519E+03  0.3001413519E+03  -.3996023719E+12  0.1000000000E+01
L2 0.1000000000E+01  0.1201986723E+03  0.1201986723E+03  0.1201986723E+03
L3 0.1336835341E+07  0.4546276600E+02  -.5645144092E+02  -.4572926461E+02
L4 -.1890597984E+02  0.1088532038E+05  0.1104225240E+05  0.1105242109E+05
L5 0.3297999387E+05  0.1044790872E+05  0.1158538958E+05  0.1149239681E+05
L6 0.3352569511E+05  -.3996023719E+06  0.3751213416E+05  -.5383137614E+06
L7 0.0000000000E+00  0.4755806479E+04  0.1300766178E+05  0.2025815246E+05
L8 0.5751980953E+04  0.5742565364E+05  0.0000000000E+00  0.0000000000E+00
L9 0.0000000000E+00  0.0000000000E+00  0.0000000000E+00  0.1042846489E+01  0.0000000000E+00
L0    87000  0.2840000000E+03  -.3152394558E+06  0.8436590736E+05
L1 0.3003664210E+03  0.3003664210E+03  -.3996053632E+12  0.1000000000E+01
L2 0.1000000000E+01  0.1202077008E+03  0.1202077008E+03  0.1202077008E+03
L3 0.1337140298E+07  0.1317290427E+03  -.5720984597E+02  -.2241140810E+03
L4 -.4986496140E+02  0.1113383881E+05  0.1097599416E+05  0.1100224697E+05
L5 0.3311207994E+05  0.9866142883E+04  0.1152655376E+05  0.1315901135E+05
L6 0.3455170799E+05  -.3996053632E+06  0.3746646579E+05  -.5384688652E+06
L7 0.0000000000E+00  0.4722853941E+04  0.1318627486E+05  0.2036465572E+05
L8 0.5734216802E+04  0.5738903490E+05  0.0000000000E+00  0.0000000000E+00
L9 0.0000000000E+00  0.0000000000E+00  0.0000000000E+00  0.1042608650E+01  0.0000000000E+00
L0    88000  0.2860000000E+03  -.3151275372E+06  0.8452878135E+05
L1 0.3009462983E+03  0.3009462983E+03  -.3996563185E+12  0.1000000000E+01
L2 0.1000000000E+01  0.1201178852E+03  0.1201178852E+03  0.1201178852E+03
L3 0.1334129337E+07  -.1419590487E+03  0.1971275914E+03  0.1982369705E+03
L4 0.8446850441E+02  0.1102485509E+05  0.1112442817E+05  0.1116619173E+05
L5 0.3331547499E+05  0.1238792331E+05  0.9231640367E+04  0.9262751842E+04
L6 0.3088231552E+05  -.3996563185E+06  0.3730781883E+05  -.5381597329E+06
L7 0.0000000000E+00  0.4689028892E+04  0.1296847868E+05  0.2034405241E+05
L8 0.5796141388E+04  0.5739789415E+05  0.0000000000E+00  0.0000000000E+00
L9 0.0000000000E+00  0.0000000000E+00  0.0000000000E+00  0.1044961686E+01  0.0000000000E+00
L0    89000  0.2880000000E+03  -.3153563214E+06  0.8429096360E+05
L1 0.3000996000E+03  0.3000996000E+03  -.3996472850E+12  0.1000000000E+01
L2 0.1000000000E+01  0.1201556778E+03  0.1201556778E+03  0.1201556778E+03
L3 0.1335394579E+07  0.6063596078E+02  0.1661774846E+03  -.1139100068E+03
L4 0.3763447953E+02  0.1100352889E+05  0.1107530690E+05  0.1101646805E+05
L5 0.3309530385E+05  0.1042075988E+05  0.9478183883E+04  0.1211125111E+05
L6 0.3201019487E+05  -.3996472850E+06  0.3747085263E+05  -.5385253312E+06
L7 0.0000000000E+00  0.4733119379E+04  0.1320116143E+05  0.2027074976E+05
L8 0.5745504864E+04  0.5745665817E+05  0.0000000000E+00  0.0000000000E+00
L9 0.0000000000E+00  0.0000000000E+00  0.0000000000E+00  0.1043971620E+01  0.0000000000E+00
L0    90000  0.2900000000E+03  -.3156357462E+06  0.8434362972E+05
L1 0.3002871063E+03  0.3002871063E+03  -.3999793759E+12  0.1000000000E+01
L2 0.1000000000E+01  0.1201698623E+03  0.1201698623E+03  0.1201698623E+03
L3 0.1335864942E+07  -.2908467535E+02  0.3890371514E+02  0.1692470314E+03
L4 0.5968869041E+02  0.1110793939E+05  0.1100563251E+05  0.1097206054E+05
L5 0.3308563244E+05  0.1138756913E+05  0.1063159926E+05  0.9344863320E+04
L6 0.3136403171E+05  -.3999793759E+06  0.3772553181E+05  -.5390155206E+06
L7 0.0000000000E+00  0.4777246373E+04  0.1293905639E+05  0.2030958261E+05
L8 0.5793336479E+04  0.5749139097E+05  0.0000000000E+00  0.0000000000E+00
L9 0.0000000000E+00  0.0000000000E+00  0.0000000000E+00  0.1043604033E+01  0.0000000000E+00
L0    91000  0.2920000000E+03  -.3150225667E+06  0.8454167829E+05
L1 0.3009922150E+03  0.3009922150E+03  -.3995642450E+12  0.1000000000E+01
L2 0.1000000000E+01  0.1201970589E+03  0.1201970589E+03  0.1201970589E+03
L3 0.1336780741E+07  0.2199553848E+03  -.2869938515E+03  0.2964460224E+02
L4 -.1246462150E+02  0.1104096735E+05  0.1114187102E+05  0.1115240048E+05
L5 0.3333523885E+05  0.8924793425E+04  0.1390301690E+05  0.1086719203E+05
L6 0.3369500235E+05  -.3995642450E+06  0.3721339237E+05  -.5380436636E+06
L7 0.0000000000E+00  0.4820717266E+04  0.1295770720E+05  0.2032197552E+05
L8 0.5785313168E+04  0.5738031308E+05  0.0000000000E+00  0.0000000000E+00
L9 0.0000000000E+00  0.0000000000E+00  0.0000000000E+00  0.1042889083E+01  0.0000000000E+00
L0    92000  0.2940000000E+03  -.3154122179E+06  0.8399427428E+05
L1 0.2990433024E+03  0.2990433024E+03  -.3994064922E+12  0.1000000000E+01
L2 0.1000000000E+01  0.1201789498E+03  0.1201789498E+03  0.1201789498E+03
L3 0.1336162501E+07  -.1000050184E+03  0.9604540568E+02  0.3221087487E+03
L4 0.1060497120E+03  0.1096937773E+05  0.1096892717E+05  0.1108738538E+05
L5 0.3302569028E+05  0.1193107339E+05  0.1004530903E+05  0.7989834988E+04
L6 0.2996621740E+05  -.3994064922E+06  0.3724963706E+05  -.5381860461E+06
L7 0.0000000000E+00  0.4831153315E+04  0.1317759823E+05  0.2034975183E+05
L8 0.5764733548E+04  0.5740667989E+05  0.0000000000E+00  0.0000000000E+00
L9 0.0000000000E+00  0.0000000000E+00  0.0000000000E+00  0.1043371626E+01  0.0000000000E+00
L0    93000  0.2960000000E+03  -.3152160357E+06  0.8459839057E+05
L1 0.3011941267E+03  0.3011941267E+03  -.3998144263E+12  0.1000000000E+01
L2 0.1000000000E+01  0.1202321621E+03  0.1202321621E+03  0.1202321621E+03
L3 0.1337962353E+07  0.3524424369E+02  -.2928532293E+03  -.3267993962E+02
L4 -.9676297507E+02  0.1098509550E+05  0.1116963049E+05  0.1103697746E+05
L5 0.3319170346E+05  0.1064571361E+05  0.1398963947E+05  0.1135166658E+05
L6 0.3598701966E+05  -.3998144263E+06  0.3720009810E+05  -.5383371926E+06
L7 0.0000000000E+00  0.4802230659E+04  0.1297944662E+05  0.2036707994E+05
L8 0.5744669345E+04  0.5742924167E+05  0.0000000000E+00  0.0000000000E+00
L9 0.0000000000E+00  0.0000000000E+00  0.0000000000E+00  0.1041968063E+01  0.0000000000E+00
L0    94000  0.2980000000E+03  -.3155457815E+06  0.8445359266E+05
L1 0.3006786054E+03  0.3006786054E+03  -.3999993741E+12  0.1000000000E+01
L2 0.1000000000E+01  0.1202013022E+03  0.1202013022E+03  0.1202013022E+03
L3 0.1336930678E+07  -.1386987806E+03  0.1576696606E+03  -.2665292275E+03
L4 -.8251944913E+02  0.1103660203E+05  0.1098453245E+05  0.1117314616E+05
L5 0.3319428064E+05  0.1237116206E+05  0.9467434564E+04  0.1373769107E+05
L6 0.3557628769E+05  -.3999993741E+06  0.3760147850E+05  -.5387711798E+06
L7 0.0000000000E+00  0.4779073740E+04  0.1301618020E+05  0.2032680915E+05
L8 0.5738621109E+04  0.5730964298E+05  0.0000000000E+00  0.0000000000E+00
L9 0.0000000000E+00  0.0000000000E+00  0.0000000000E+00  0.1042772123E+01  0.0000000000E+00
L0    95000  0.3000000000E+03  -.3156883556E+06  0.8425790329E+05
L1 0.2999818960E+03  0.2999818960E+03  -.3999462589E+12  0.1000000000E+01
L2 0.1000000000E+01  0.1201275356E+03  0.1201275356E+03  0.1201275356E+03
L3 0.1334476333E+07  -.9911421042E+02  -.1923872904E+03  -.9562383405E+02
L4 -.1290417783E+03  0.1095983932E+05  0.1101507185E+05  0.1094666327E+05
L5 0.3292157444E+05  0.1191176574E+05  0.1286282450E+05  0.1186506693E+05
L6 0.3663965718E+05  -.3999462589E+06  0.3741292688E+05  -.5388497032E+06
L7 0.0000000000E+00  0.4774355778E+04  0.1300318752E+05  0.2032059662E+05
L8 0.5779050174E+04  0.5761332725E+05  0.0000000000E+00  0.0000000000E+00
L9 0.0000000000E+00  0.0000000000E+00  0.0000000000E+00  0.1044689971E+01  0.0000000000E+00
L0    96000  0.3020000000E+03  -.3154459114E+06  0.8421275925E+05
L1 0.2998211705E+03  0.2998211705E+03  -.3996586707E+12  0.1000000000E+01
L2 0.1000000000E+01  0.1201832819E+03  0.1201832819E+03  0.1201832819E+03
L3 0.1336325452E+07  0.5446956288E+02  -.9138701286E+02  -.1093150796E+03
L4 -.4874417653E+02  0.1107152383E+05  0.1111272637E+05  0.1094355473E+05
L5 0.3312780492E+05  0.1054765481E+05  0.1199165437E+05  0.1199490854E+05
L6 0.3453421773E+05  -.3996586707E+06  0.3778873048E+05  -.5387168677E+06
L7 0.0000000000E+00  0.4851051087E+04  0.1303548626E+05  0.2021693582E+05
L8 0.5740924406E+04  0.5742506898E+05  0.0000000000E+00  0.0000000000E+00
L9 0.0000000000E+00  0.0000000000E+00  0.0000000000E+00  0.1043244398E+01  0.0000000000E+00
L0    97000  0.3040000000E+03  -.3145104876E+06  0.8460464032E+05
L1 0.3012163776E+03  0.3012163776E+03  -.3991151279E+12  0.1000000000E+01
L2 0.1000000000E+01  0.1201899848E+03  0.1201899848E+03  0.1201899848E+03
L3 0.1336550333E+07  0.1120502943E+03  -.1215041901E+03  -.1689679210E+03
L4 -.5947393894E+02  0.1102818568E+05  0.1113953177E+05  0.1108172234E+05
L5 0.3324943979E+05  0.9950344183E+04  0.1230831280E+05  0.1270706958E+05
L6 0.3496572657E+05  -.3991151279E+06  0.3740819757E+05  -.5378420214E+06
L7 0.0000000000E+00  0.4737763245E+04  0.1313364796E+05  0.2030979210E+05
L8 0.5784778340E+04  0.5735271431E+05  0.0000000000E+00  0.0000000000E+00
L9 0.0000000000E+00  0.0000000000E+00  0.0000000000E+00  0.1043068867E+01  0.0000000000E+00
L0    98000  0.3060000000E+03  -.3154723369E+06  0.8459029765E+05
L1 0.3011653137E+03  0.3011653137E+03  -.4000626346E+12  0.1000000000E+01
L2 0.1000000000E+01  0.1201432710E+03  0.1201432710E+03  0.1201432710E+03
L3 0.1335000037E+07  -.2194112429E+03  0.1191270651E+03  -.2673744525E+03
L4 -.1225528768E+03  0.1103177444E+05  0.1104003679E+05  0.1128679987E+05
L5 0.3335861110E+05  0.1313990127E+05  0.9895451134E+04  0.1385576237E+05
L6 0.3689111478E+05  -.4000626346E+06  0.3705078547E+05  -.5384423608E+06
L7 0.0000000000E+00  0.4760400765E+04  0.1297531571E+05  0.2042935301E+05
L8 0.5798400515E+04  0.5736547075E+05  0.0000000000E+00  0.0000000000E+00
L9 0.0000000000E+00  0.0000000000E+00  0.0000000000E+00  0.1044280152E+01  0.0000000000E+00
L0    99000  0.3080000000E+03  -.3159166811E+06  0.8399301075E+05
L1 0.2990388039E+03  0.2990388039E+03  -.3999096919E+12  0.1000000000E+01
L2 0.1000000000E+01  0.1201143565E+03  0.1201143565E+03  0.1201143565E+03
L3 0.1334028130E+07  -.1710439421E+03  -.2185016343E+03  0.2303449704E+03
L4 -.5306686864E+02  0.1091982021E+05  0.1109548982E+05  0.1104885123E+05
L5 0.3306416126E+05  0.1256203237E+05  0.1319334863E+05  0.8837283214E+04
L6 0.3459266421E+05  -.3999096919E+06  0.3774920167E+05  -.5389110568E+06
L7 0.0000000000E+00  0.4767772314E+04  0.1298702685E+05  0.2028696332E+05
L8 0.5764401358E+04  0.5744599944E+05  0.0000000000E+00  0.0000000000E+00
L9 0.0000000000E+00  0.0000000000E+00  0.0000000000E+00  0.1045040963E+01  0.0000000000E+00
L0   100000  0.3100000000E+03  -.3155314797E+06  0.8443418151E+05
L1 0.3006094962E+03  0.3006094962E+03  -.3999656612E+12  0.1000000000E+01
L2 0.1000000000E+01  0.1201365855E+03  0.1201365855E+03  0.1201365855E+03
L3 0.1334768006E+07  0.1055346663E+02  -.3269002063E+03  0.1799588393E+03
L4 -.4546263346E+02  0.1111268938E+05  0.1089472187E+05  0.1109230814E+05
L5 0.3309971939E+05  0.1101130816E+05  0.1403506832E+05  0.9363544770E+04
L6 0.3440992125E+05  -.3999656612E+06  0.3738509512E+05  -.5386220581E+06
L7 0.0000000000E+00  0.4823330145E+04  0.1305950031E+05  0.2027759384E+05
L8 0.5745997471E+04  0.5736488006E+05  0.0000000000E+00  0.0000000000E+00
L9 0.0000000000E+00  0.0000000000E+00  0.0000000000E+00  0.1044461685E+01  0.0000000000E+00
