L0  Nsteps           time(ps)         Etot             EKinetic        
L1  Temp             T_solute         T_solv           Pres_scal_solu  
L2  Pres_scal_solv   BoxX             BoxY             BoxZ            
L3  volume           pres_X           pres_Y           pres_Z          
L4  Pressure         EKCoM_x          EKCoM_y          EKCoM_z         
L5  EKComTot         VIRIAL_x         VIRIAL_y         VIRIAL_z        
L6  VIRIAL_tot       E_pot            E_vdw            E_el            
L7  E_hbon           E_bon            E_angle          E_dih           
L8  E_14vdw          E_14el           E_const          E_pol           
L9  AV_permMoment    AV_indMoment     AV_totMoment     Density          dV/dlambda      
L0     1000  0.1120000000E+03  -.3505527577E+06  0.9275545215E+05
L1 0.3000556104E+03  0.3000556104E+03  -.4433082098E+12  0.1000000000E+01
L2 0.1000000000E+01  0.1244363952E+03  0.1244363952E+03  0.1244363952E+03
L3 0.1483263815E+07  0.1407876624E+03  -.1161539516E+03  0.1331247926E+03
L4 0.5258616780E+02  0.1243658486E+05  0.1244389315E+05  0.1238966717E+05
L5 0.3727014519E+05  0.1093365200E+05  0.1368385685E+05  0.1096853678E+05
L6 0.3558604564E+05  -.4433082098E+06  0.4420566182E+05  -.5897273250E+06
L7 0.0000000000E+00  0.4773434463E+04  0.1320877591E+05  0.2053214595E+05
L8 0.5731431542E+04  0.5796766548E+05  0.0000000000E+00  0.0000000000E+00
L9 0.0000000000E+00  0.0000000000E+00  0.0000000000E+00  0.1035438402E+01  0.0000000000E+00
L0     2000  0.1140000000E+03  -.3511810599E+06  0.9284864323E+05
L1 0.3003570752E+03  0.3003570752E+03  -.4440297031E+12  0.1000000000E+01
L2 0.1000000000E+01  0.1244675190E+03  0.1244675190E+03  0.1244675190E+03
L3 0.1484364659E+07  0.1158893277E+03  0.7697726584E+02  0.2459856797E+03
L4 0.1462840911E+03  0.1254444543E+05  0.1247125783E+05  0.1233658991E+05
L5 0.3735229318E+05  0.1130638846E+05  0.1164890221E+05  0.9708700950E+04
L6 0.3266399162E+05  -.4440297031E+06  0.4428022310E+05  -.5905692271E+06
L7 0.0000000000E+00  0.4811710253E+04  0.1319430382E+05  0.2048047756E+05
L8 0.5751196994E+04  0.5802161228E+05  0.0000000000E+00  0.0000000000E+00
L9 0.0000000000E+00  0.0000000000E+00  0.0000000000E+00  0.1034670494E+01  0.0000000000E+00
L0     3000  0.1160000000E+03  -.3510722461E+06  0.9288609207E+05
L1 0.3004782189E+03  0.3004782189E+03  -.4439583381E+12  0.1000000000E+01
L2 0.1000000000E+01  0.1243997628E+03  0.1243997628E+03  0.1243997628E+03
L3 0.1481951396E+07  -.6575899535E+02  0.6112189483E+02  0.2269924005E+03
L4 0.7411843331E+02  0.1241474994E+05  0.1245002031E+05  0.1243278645E+05
L5 0.3729755670E+05  0.1311611756E+05  0.1179811075E+05  0.1001174704E+05
L6 0.3492597535E+05  -.4439583381E+06  0.4441975312E+05  -.5906989225E+06
L7 0.0000000000E+00  0.4723419280E+04  0.1311664953E+05  0.2052856684E+05
L8 0.5763349619E+04  0.5818884600E+05  0.0000000000E+00  0.0000000000E+00
L9 0.0000000000E+00  0.0000000000E+00  0.0000000000E+00  0.1036355388E+01  0.0000000000E+00
L0     4000  0.1180000000E+03  -.3516938162E+06  0.9225163804E+05
L1 0.2984258167E+03  0.2984258167E+03  -.4439454542E+12  0.1000000000E+01
L2 0.1000000000E+01  0.1244162036E+03  0.1244162036E+03  0.1244162036E+03
L3 0.1482537282E+07  0.6130795290E+02  0.9388040910E+02  0.1070944958E+03
L4 0.8742761927E+02  0.1229996653E+05  0.1247475804E+05  0.1228036242E+05
L5 0.3705508700E+05  0.1164581401E+05  0.1147305919E+05  0.1113766998E+05
L6 0.3425654318E+05  -.4439454542E+06  0.4420198710E+05  -.5901957050E+06
L7 0.0000000000E+00  0.4796342027E+04  0.1295010617E+05  0.2047493870E+05
L8 0.5785846620E+04  0.5804103017E+05  0.0000000000E+00  0.0000000000E+00
L9 0.0000000000E+00  0.0000000000E+00  0.0000000000E+00  0.1035945829E+01  0.0000000000E+00
L0     5000  0.1200000000E+03  -.3513961614E+06  0.9284928516E+05
L1 0.3003591518E+03  0.3003591518E+03  -.4442454466E+12  0.1000000000E+01
L2 0.1000000000E+01  0.1244049611E+03  0.1244049611E+03  0.1244049611E+03
L3 0.1482155450E+07  0.3421113723E+01  -.2895772272E+02  -.1666291407E+03
L4 -.6405524989E+02  0.1236938049E+05  0.1253997977E+05  0.1259323742E+05
L5 0.3750259767E+05  0.1233288679E+05  0.1284887751E+05  0.1437070337E+05
L6 0.3955246767E+05  -.4442454466E+06  0.4405048536E+05  -.5905295716E+06
L7 0.0000000000E+00  0.4835055376E+04  0.1303454617E+05  0.2060948590E+05
L8 0.5760312851E+04  0.5799423938E+05  0.0000000000E+00  0.0000000000E+00
L9 0.0000000000E+00  0.0000000000E+00  0.0000000000E+00  0.1036212709E+01  0.0000000000E+00
L0     6000  0.1220000000E+03  -.3514165502E+06  0.9296123813E+05
L1 0.3007213097E+03  0.3007213097E+03  -.4443777883E+12  0.1000000000E+01
L2 0.1000000000E+01  0.1243605859E+03  0.1243605859E+03  0.1243605859E+03
L3 0.1480562294E+07  -.8594750792E+02  0.5531706628E+02  0.1263959759E+02
L4 -.5996948015E+01  0.1258439851E+05  0.1237046594E+05  0.1251120266E+05
L5 0.3746606711E+05  0.1350023206E+05  0.1178102214E+05  0.1237651850E+05
L6 0.3765777271E+05  -.4443777883E+06  0.4458881190E+05  -.5910104611E+06
L7 0.0000000000E+00  0.4742881233E+04  0.1296020770E+05  0.2050796367E+05
L8 0.5812581993E+04  0.5802022633E+05  0.0000000000E+00  0.0000000000E+00
L9 0.0000000000E+00  0.0000000000E+00  0.0000000000E+00  0.1037327724E+01  0.0000000000E+00
L0     7000  0.1240000000E+03  -.3515268221E+06  0.9273409030E+05
L1 0.2999865067E+03  0.2999865067E+03  -.4442609124E+12  0.1000000000E+01
L2 0.1000000000E+01  0.1243893484E+03  0.1243893484E+03  0.1243893484E+03
L3 0.1481594105E+07  0.8702808372E+02  -.1565043329E+03  -.4577862978E+02
L4 -.3841829299E+02  0.1243683242E+05  0.1254643197E+05  0.1243398984E+05
L5 0.3741725423E+05  0.1150883826E+05  0.1421526231E+05  0.1292213457E+05
L6 0.3864623515E+05  -.4442609124E+06  0.4447555768E+05  -.5908507688E+06
L7 0.0000000000E+00  0.4752400021E+04  0.1318055798E+05  0.2054866834E+05
L8 0.5743718936E+04  0.5788895342E+05  0.0000000000E+00  0.0000000000E+00
L9 0.0000000000E+00  0.0000000000E+00  0.0000000000E+00  0.1036605309E+01  0.0000000000E+00
L0     8000  0.1260000000E+03  -.3506430045E+06  0.9294621766E+05
L1 0.3006727198E+03  0.3006727198E+03  -.4435892221E+12  0.1000000000E+01
L2 0.1000000000E+01  0.1244195934E+03  0.1244195934E+03  0.1244195934E+03
L3 0.1482675121E+07  -.1530917599E+01  -.1669039166E+03  0.5281803289E+02
L4 -.3853893378E+02  0.1236053717E+05  0.1241674377E+05  0.1260587796E+05
L5 0.3738315889E+05  0.1237687349E+05  0.1419776505E+05  0.1204226003E+05
L6 0.3861689857E+05  -.4435892221E+06  0.4399691594E+05  -.5895060613E+06
L7 0.0000000000E+00  0.4800181139E+04  0.1291644209E+05  0.2048323085E+05
L8 0.5784220786E+04  0.5793584832E+05  0.0000000000E+00  0.0000000000E+00
L9 0.0000000000E+00  0.0000000000E+00  0.0000000000E+00  0.1035849521E+01  0.0000000000E+00
L0     9000  0.1280000000E+03  -.3506525521E+06  0.9280731157E+05
L1 0.3002233710E+03  0.3002233710E+03  -.4434598637E+12  0.1000000000E+01
L2 0.1000000000E+01  0.1243962306E+03  0.1243962306E+03  0.1243962306E+03
L3 0.1481841129E+07  -.3920929613E+01  -.1186904934E+02  -.1242233104E+03
L4 -.4667109646E+02  0.1246686100E+05  0.1234541306E+05  0.1239730945E+05
L5 0.3720958351E+05  0.1250867746E+05  0.1247199570E+05  0.1372214301E+05
L6 0.3870281618E+05  -.4434598637E+06  0.4421458558E+05  -.5896751273E+06
L7 0.0000000000E+00  0.4762022750E+04  0.1309355820E+05  0.2043256052E+05
L8 0.5757925130E+04  0.5795461146E+05  0.0000000000E+00  0.0000000000E+00
L9 0.0000000000E+00  0.0000000000E+00  0.0000000000E+00  0.1036432505E+01  0.0000000000E+00
L0    10000  0.1300000000E+03  -.3508306862E+06  0.9283232591E+05
L1 0.3003042902E+03  0.3003042902E+03  -.4436630121E+12  0.1000000000E+01
L2 0.1000000000E+01  0.1244043703E+03  0.1244043703E+03  0.1244043703E+03
L3 0.1482132032E+07  -.8143130044E+02  -.1796632741E+03  0.1211544453E+03
L4 -.4664670972E+02  0.1247968774E+05  0.1239121798E+05  0.1238476968E+05
L5 0.3725567540E+05  0.1334831778E+05  0.1430769133E+05  0.1109241170E+05
L6 0.3874842081E+05  -.4436630121E+06  0.4401946379E+05  -.5899026345E+06
L7 0.0000000000E+00  0.4783048831E+04  0.1315259542E+05  0.2052002045E+05
L8 0.5797183662E+04  0.5796731027E+05  0.0000000000E+00  0.0000000000E+00
L9 0.0000000000E+00  0.0000000000E+00  0.0000000000E+00  0.1036229082E+01  0.0000000000E+00
L0    11000  0.1320000000E+03  -.3510987204E+06  0.9289987499E+05
L1 0.3005228054E+03  0.3005228054E+03  -.4439985954E+12  0.1000000000E+01
L2 0.1000000000E+01  0.1244002877E+03  0.1244002877E+03  0.1244002877E+03
L3 0.1481987779E+07  0.5518388520E+02  -.2046544158E+03  -.2813099947E+02
L4 -.5920051001E+02  0.1248905176E+05  0.1249389346E+05  0.1252209037E+05
L5 0.3750503559E+05  0.1190046095E+05  0.1467673557E+05  0.1282213535E+05
L6 0.3939933187E+05  -.4439985954E+06  0.4396714498E+05  -.5898936273E+06
L7 0.0000000000E+00  0.4711052730E+04  0.1308559010E+05  0.2049761534E+05
L8 0.5787643961E+04  0.5784598480E+05  0.0000000000E+00  0.0000000000E+00
L9 0.0000000000E+00  0.0000000000E+00  0.0000000000E+00  0.1036329945E+01  0.0000000000E+00
L0    12000  0.1340000000E+03  -.3509194648E+06  0.9272750478E+05
L1 0.2999652032E+03  0.2999652032E+03  -.4436469696E+12  0.1000000000E+01
L2 0.1000000000E+01  0.1244783412E+03  0.1244783412E+03  0.1244783412E+03
L3 0.1484780176E+07  0.5004724974E+02  -.1145884142E+03  -.1375671040E+03
L4 -.6736942284E+02  0.1250689802E+05  0.1253771219E+05  0.1245496723E+05
L5 0.3749957744E+05  0.1197208871E+05  0.1376221405E+05  0.1392502139E+05
L6 0.3965932415E+05  -.4436469696E+06  0.4417801553E+05  -.5900306389E+06
L7 0.0000000000E+00  0.4859795663E+04  0.1314750711E+05  0.2041822514E+05
L8 0.5761385383E+04  0.5801874049E+05  0.0000000000E+00  0.0000000000E+00
L9 0.0000000000E+00  0.0000000000E+00  0.0000000000E+00  0.1034380940E+01  0.0000000000E+00
L0    13000  0.1360000000E+03  -.3513374404E+06  0.9265159682E+05
L1 0.2997196477E+03  0.2997196477E+03  -.4439890372E+12  0.1000000000E+01
L2 0.1000000000E+01  0.1244140615E+03  0.1244140615E+03  0.1244140615E+03
L3 0.1482472221E+07  -.1628826302E+02  -.3937432258E+03  0.4110823479E+03
L4 0.3502863535E+00  0.1245124503E+05  0.1241861237E+05  0.1249836228E+05
L5 0.3736821968E+05  0.1262503229E+05  0.1661964678E+05  0.8112328494E+04
L6 0.3735700756E+05  -.4439890372E+06  0.4394570405E+05  -.5900269672E+06
L7 0.0000000000E+00  0.4766712404E+04  0.1323700908E+05  0.2046180978E+05
L8 0.5748508601E+04  0.5787818602E+05  0.0000000000E+00  0.0000000000E+00
L9 0.0000000000E+00  0.0000000000E+00  0.0000000000E+00  0.1035991294E+01  0.0000000000E+00
L0    14000  0.1380000000E+03  -.3516948105E+06  0.9294283874E+05
L1 0.3006617893E+03  0.3006617893E+03  -.4446376493E+12  0.1000000000E+01
L2 0.1000000000E+01  0.1244101282E+03  0.1244101282E+03  0.1244101282E+03
L3 0.1482334742E+07  0.2538830993E+03  -.1378911950E+03  -.1857258421E+03
L4 -.2324464591E+02  0.1257017814E+05  0.1228786703E+05  0.1256597873E+05
L5 0.3742402390E+05  0.9861629378E+04  0.1375895757E+05  0.1454739262E+05
L6 0.3816797957E+05  -.4446376493E+06  0.4465628521E+05  -.5912926504E+06
L7 0.0000000000E+00  0.4664699521E+04  0.1307409785E+05  0.2045552294E+05
L8 0.5792548706E+04  0.5801184693E+05  0.0000000000E+00  0.0000000000E+00
L9 0.0000000000E+00  0.0000000000E+00  0.0000000000E+00  0.1036087377E+01  0.0000000000E+00
L0    15000  0.1400000000E+03  -.3513187539E+06  0.9270793781E+05
L1 0.2999019057E+03  0.2999019057E+03  -.4440266917E+12  0.1000000000E+01
L2 0.1000000000E+01  0.1244512064E+03  0.1244512064E+03  0.1244512064E+03
L3 0.1483794392E+07  0.2601206221E+03  -.6548478375E+02  -.5661964619E+02
L4 0.4600539737E+02  0.1251341641E+05  0.1237976303E+05  0.1233708850E+05
L5 0.3723026794E+05  0.9735590091E+04  0.1307907458E+05  0.1294172931E+05
L6 0.3575639398E+05  -.4440266917E+06  0.4421418207E+05  -.5902643313E+06
L7 0.0000000000E+00  0.4830393383E+04  0.1297017936E+05  0.2041002909E+05
L8 0.5773993423E+04  0.5803886226E+05  0.0000000000E+00  0.0000000000E+00
L9 0.0000000000E+00  0.0000000000E+00  0.0000000000E+00  0.1035068149E+01  0.0000000000E+00
L0    16000  0.1420000000E+03  -.3507314400E+06  0.9298344928E+05
L1 0.3007931608E+03  0.3007931608E+03  -.4437148893E+12  0.1000000000E+01
L2 0.1000000000E+01  0.1244352426E+03  0.1244352426E+03  0.1244352426E+03
L3 0.1483216757E+07  0.7405514467E+02  -.1094480478E+03  0.3256094259E+03
L4 0.9673884092E+02  0.1250939764E+05  0.1242737340E+05  0.1245757761E+05
L5 0.3739434865E+05  0.1171887113E+05  0.1359571333E+05  0.8981750456E+04
L6 0.3429633492E+05  -.4437148893E+06  0.4418644213E+05  -.5900228287E+06
L7 0.0000000000E+00  0.4893352255E+04  0.1309850458E+05  0.2045473145E+05
L8 0.5723957895E+04  0.5795095113E+05  0.0000000000E+00  0.0000000000E+00
L9 0.0000000000E+00  0.0000000000E+00  0.0000000000E+00  0.1035471253E+01  0.0000000000E+00
L0    17000  0.1440000000E+03  -.3508745746E+06  0.9296452370E+05
L1 0.3007319382E+03  0.3007319382E+03  -.4438390983E+12  0.1000000000E+01
L2 0.1000000000E+01  0.1244795642E+03  0.1244795642E+03  0.1244795642E+03
L3 0.1484825048E+07  0.1013813501E+03  -.2043206967E+03  -.1242268577E+03
L4 -.7572206810E+02  0.1243839123E+05  0.1252137740E+05  0.1243395061E+05
L5 0.3739371923E+05  0.1135498847E+05  0.1470483230E+05  0.1376148984E+05
L6 0.3982131061E+05  -.4438390983E+06  0.4406268368E+05  -.5900255160E+06
L7 0.0000000000E+00  0.4835831145E+04  0.1303487113E+05  0.2050654673E+05
L8 0.5738887356E+04  0.5800759763E+05  0.0000000000E+00  0.0000000000E+00
L9 0.0000000000E+00  0.0000000000E+00  0.0000000000E+00  0.1034349680E+01  0.0000000000E+00
L0    18000  0.1460000000E+03  -.3514354086E+06  0.9274005652E+05
L1 0.3000058069E+03  0.3000058069E+03  -.4441754651E+12  0.1000000000E+01
L2 0.1000000000E+01  0.1244300408E+03  0.1244300408E+03  0.1244300408E+03
L3 0.1483040512E+07  0.1962382296E+03  -.1429556496E+03  0.1561376174E+02
L4 0.2296544726E+02  0.1239722553E+05  0.1243193963E+05  0.1251923362E+05
L5 0.3734839879E+05  0.1030266357E+05  0.1395778639E+05  0.1235257908E+05
L6 0.3661302904E+05  -.4441754651E+06  0.4443006033E+05  -.5904587930E+06
L7 0.0000000000E+00  0.4720008795E+04  0.1294276797E+05  0.2040127012E+05
L8 0.5762812457E+04  0.5802640825E+05  0.0000000000E+00  0.0000000000E+00
L9 0.0000000000E+00  0.0000000000E+00  0.0000000000E+00  0.1035594309E+01  0.0000000000E+00
L0    19000  0.1480000000E+03  -.3511350714E+06  0.9245304848E+05
L1 0.2990773615E+03  0.2990773615E+03  -.4435881199E+12  0.1000000000E+01
L2 0.1000000000E+01  0.1244208695E+03  0.1244208695E+03  0.1244208695E+03
L3 0.1482728223E+07  -.1396213811E+03  -.1135329971E+03  -.3212159959E+02
L4 -.9509199257E+02  0.1239953030E+05  0.1248708992E+05  0.1242063512E+05
L5 0.3730725534E+05  0.1388947470E+05  0.1369863684E+05  0.1276341498E+05
L6 0.4035152652E+05  -.4435881199E+06  0.4413116974E+05  -.5899776676E+06
L7 0.0000000000E+00  0.4801325568E+04  0.1307664239E+05  0.2049709394E+05
L8 0.5810087919E+04  0.5807322819E+05  0.0000000000E+00  0.0000000000E+00
L9 0.0000000000E+00  0.0000000000E+00  0.0000000000E+00  0.1035812423E+01  0.0000000000E+00
L0    20000  0.1500000000E+03  -.3511276443E+06  0.9258308122E+05
L1 0.2994980058E+03  0.2994980058E+03  -.4437107256E+12  0.1000000000E+01
L2 0.1000000000E+01  0.1244356261E+03  0.1244356261E+03  0.1244356261E+03
L3 0.1483250016E+07  0.1954307092E+02  0.1153853106E+01  -.1736562292E+03
L4 -.5098643507E+02  0.1237108040E+05  0.1242626800E+05  0.1264291539E+05
L5 0.3744026379E+05  0.1216245665E+05  0.1241395053E+05  0.1449670869E+05
L6 0.3907311587E+05  -.4437107256E+06  0.4398859166E+05  -.5899057840E+06
L7 0.0000000000E+00  0.4754763485E+04  0.1325775755E+05  0.2043197363E+05
L8 0.5774565779E+04  0.5798740632E+05  0.0000000000E+00  0.0000000000E+00
L9 0.0000000000E+00  0.0000000000E+00  0.0000000000E+00  0.1035448035E+01  0.0000000000E+00
L0    21000  0.1520000000E+03  -.3509093236E+06  0.9282249344E+05
L1 0.3002724830E+03  0.3002724830E+03  -.4437318170E+12  0.1000000000E+01
L2 0.1000000000E+01  0.1244119186E+03  0.1244119186E+03  0.1244119186E+03
L3 0.1482400854E+07  0.6437068836E+02  -.2452218433E+03  0.6318146116E+02
L4 -.3922323125E+02  0.1260387615E+05  0.1241647952E+05  0.1228903884E+05
L5 0.3730939451E+05  0.1191710761E+05  0.1503274246E+05  0.1161495813E+05
L6 0.3856480820E+05  -.4437318170E+06  0.4397201278E+05  -.5896690392E+06
L7 0.0000000000E+00  0.4802320847E+04  0.1294592732E+05  0.2048442491E+05
L8 0.5760072733E+04  0.5797246363E+05  0.0000000000E+00  0.0000000000E+00
L9 0.0000000000E+00  0.0000000000E+00  0.0000000000E+00  0.1036041169E+01  0.0000000000E+00
L0    22000  0.1540000000E+03  -.3505657505E+06  0.9273606555E+05
L1 0.2999928965E+03  0.2999928965E+03  -.4433018160E+12  0.1000000000E+01
L2 0.1000000000E+01  0.1243982717E+03  0.1243982717E+03  0.1243982717E+03
L3 0.1481914910E+07  -.9101134837E+02  -.1889294364E+03  0.1209392142E+03
L4 -.5300052353E+02  0.1247997360E+05  0.1266978857E+05  0.1243943035E+05
L5 0.3758919252E+05  0.1345065206E+05  0.1468480911E+05  0.1114955723E+05
L6 0.3928501841E+05  -.4433018160E+06  0.4353377256E+05  -.5891116923E+06
L7 0.0000000000E+00  0.4798084521E+04  0.1313766800E+05  0.2052266872E+05
L8 0.5773811338E+04  0.5804387117E+05  0.0000000000E+00  0.0000000000E+00
L9 0.0000000000E+00  0.0000000000E+00  0.0000000000E+00  0.1036380904E+01  0.0000000000E+00
L0    23000  0.1560000000E+03  -.3507750630E+06  0.9301315188E+05
L1 0.3008892460E+03  0.3008892460E+03  -.4437882149E+12  0.1000000000E+01
L2 0.1000000000E+01  0.1243996787E+03  0.1243996787E+03  0.1243996787E+03
L3 0.1481952862E+07  0.1457520165E+03  0.1036661118E+02  -.3525167063E+02
L4 0.4028898567E+02  0.1248027118E+05  0.1258523833E+05  0.1254828094E+05
L5 0.3761379046E+05  0.1092571815E+05  0.1247467076E+05  0.1292426607E+05
L6 0.3632465499E+05  -.4437882149E+06  0.4435179245E+05  -.5901807361E+06
L7 0.0000000000E+00  0.4871830775E+04  0.1306348473E+05  0.2046674194E+05
L8 0.5769959837E+04  0.5786871153E+05  0.0000000000E+00  0.0000000000E+00
L9 0.0000000000E+00  0.0000000000E+00  0.0000000000E+00  0.1036354363E+01  0.0000000000E+00
L0    24000  0.1580000000E+03  -.3506510718E+06  0.9284600095E+05
L1 0.3003485277E+03  0.3003485277E+03  -.4434970728E+12  0.1000000000E+01
L2 0.1000000000E+01  0.1244077621E+03  0.1244077621E+03  0.1244077621E+03
L3 0.1482240337E+07  -.2113834149E+03  0.3498657632E+03  0.1482719681E+02
L4 0.5110318170E+02  0.1233576255E+05  0.1243033847E+05  0.1238306144E+05
L5 0.3714916245E+05  0.1459076033E+05  0.8698037529E+04  0.1222488774E+05
L6 0.3551368560E+05  -.4434970728E+06  0.4452955961E+05  -.5903227406E+06
L7 0.0000000000E+00  0.4769216746E+04  0.1324994467E+05  0.2048139687E+05
L8 0.5728140389E+04  0.5806740952E+05  0.0000000000E+00  0.0000000000E+00
L9 0.0000000000E+00  0.0000000000E+00  0.0000000000E+00  0.1036153366E+01  0.0000000000E+00
L0    25000  0.1600000000E+03  -.3515576054E+06  0.9279510587E+05
L1 0.3001838866E+03  0.3001838866E+03  -.4443527112E+12  0.1000000000E+01
L2 0.1000000000E+01  0.1243880537E+03  0.1243880537E+03  0.1243880537E+03
L3 0.1481552313E+07  0.6166050380E+02  -.2095833694E+03  -.6887520171E+02
L4 -.7226602242E+02  0.1230773919E+05  0.1249609167E+05  0.1251450919E+05
L5 0.3731834005E+05  0.1165026208E+05  0.1473084910E+05  0.1324891559E+05
L6 0.3963002676E+05  -.4443527112E+06  0.4389188942E+05  -.5903959115E+06
L7 0.0000000000E+00  0.4784154478E+04  0.1305324007E+05  0.2045238117E+05
L8 0.5766410943E+04  0.5809512419E+05  0.0000000000E+00  0.0000000000E+00
L9 0.0000000000E+00  0.0000000000E+00  0.0000000000E+00  0.1036634549E+01  0.0000000000E+00
L0    26000  0.1620000000E+03  -.3511533763E+06  0.9300732318E+05
L1 0.3008703907E+03  0.3008703907E+03  -.4441606995E+12  0.1000000000E+01
L2 0.1000000000E+01  0.1244277373E+03  0.1244277373E+03  0.1244277373E+03
L3 0.1482953153E+07  0.1435540901E+03  -.2053798188E+02  0.5925539825E+02
L4 0.6075716882E+02  0.1252914477E+05  0.1247743020E+05  0.1253770964E+05
L5 0.3754428461E+05  0.1099700078E+05  0.1269663082E+05  0.1190528042E+05
L6 0.3559891201E+05  -.4441606995E+06  0.4387564410E+05  -.5901478695E+06
L7 0.0000000000E+00  0.4804875065E+04  0.1297044143E+05  0.2048305606E+05
L8 0.5807580040E+04  0.5804557335E+05  0.0000000000E+00  0.0000000000E+00
L9 0.0000000000E+00  0.0000000000E+00  0.0000000000E+00  0.1035655315E+01  0.0000000000E+00
L0    27000  0.1640000000E+03  -.3513745622E+06  0.9268095343E+05
L1 0.2998146137E+03  0.2998146137E+03  -.4440555156E+12  0.1000000000E+01
L2 0.1000000000E+01  0.1244246277E+03  0.1244246277E+03  0.1244246277E+03
L3 0.1482859253E+07  -.1954379438E+03  -.3586081331E+02  0.2160752724E+02
L4 -.6989707661E+02  0.1229858790E+05  0.1247870428E+05  0.1245178942E+05
L5 0.3722908159E+05  0.1438435299E+05  0.1286142030E+05  0.1222118821E+05
L6 0.3946696151E+05  -.4440555156E+06  0.4367303815E+05  -.5897507597E+06
L7 0.0000000000E+00  0.4782071213E+04  0.1313593122E+05  0.2037916585E+05
L8 0.5730299902E+04  0.5799473769E+05  0.0000000000E+00  0.0000000000E+00
L9 0.0000000000E+00  0.0000000000E+00  0.0000000000E+00  0.1035720896E+01  0.0000000000E+00
L0    28000  0.1660000000E+03  -.3511485507E+06  0.9261499953E+05
L1 0.2996012587E+03  0.2996012587E+03  -.4437635502E+12  0.1000000000E+01
L2 0.1000000000E+01  0.1244211253E+03  0.1244211253E+03  0.1244211253E+03
L3 0.1482731954E+07  -.1146404487E+03  -.4599190802E+02  -.1825696000E+01
L4 -.5415268423E+02  0.1242343812E+05  0.1253267075E+05  0.1248950717E+05
L5 0.3744561604E+05  0.1364680609E+05  0.1302346635E+05  0.1250898981E+05
L6 0.3917926224E+05  -.4437635502E+06  0.4411013663E+05  -.5899698194E+06
L7 0.0000000000E+00  0.4759396176E+04  0.1312379174E+05  0.2036391580E+05
L8 0.5781843650E+04  0.5806718517E+05  0.0000000000E+00  0.0000000000E+00
L9 0.0000000000E+00  0.0000000000E+00  0.0000000000E+00  0.1035809817E+01  0.0000000000E+00
L0    29000  0.1680000000E+03  -.3512902359E+06  0.9278273693E+05
L1 0.3001438742E+03  0.3001438742E+03  -.4440729728E+12  0.1000000000E+01
L2 0.1000000000E+01  0.1243810645E+03  0.1243810645E+03  0.1243810645E+03
L3 0.1481307244E+07  0.1218238432E+03  -.2555432834E+03  -.1887948011E+03
L4 -.1075047471E+03  0.1237267431E+05  0.1234615207E+05  0.1237797517E+05
L5 0.3709680154E+05  0.1107389900E+05  0.1507052275E+05  0.1439073407E+05
L6 0.4053515582E+05  -.4440729728E+06  0.4413568275E+05  -.5903006803E+06
L7 0.0000000000E+00  0.4766327141E+04  0.1299832758E+05  0.2047526811E+05
L8 0.5787656556E+04  0.5806444534E+05  0.0000000000E+00  0.0000000000E+00
L9 0.0000000000E+00  0.0000000000E+00  0.0000000000E+00  0.1036806051E+01  0.0000000000E+00
L0    30000  0.1700000000E+03  -.3506384505E+06  0.9357669712E+05
L1 0.3027122646E+03  0.3027122646E+03  -.4442151476E+12  0.1000000000E+01
L2 0.1000000000E+01  0.1244066966E+03  0.1244066966E+03  0.1244066966E+03
L3 0.1482217614E+07  -.8094656456E+02  0.1484871601E+03  -.2627693342E+03
L4 -.6507624623E+02  0.1254406169E+05  0.1246052379E+05  0.1265379644E+05
L5 0.3765838192E+05  0.1340757090E+05  0.1087651550E+05  0.1545692638E+05
L6 0.3974101278E+05  -.4442151476E+06  0.4462819273E+05  -.5907004472E+06
L7 0.0000000000E+00  0.4725874485E+04  0.1291698114E+05  0.2049331215E+05
L8 0.5772414643E+04  0.5794852449E+05  0.0000000000E+00  0.0000000000E+00
L9 0.0000000000E+00  0.0000000000E+00  0.0000000000E+00  0.1036169250E+01  0.0000000000E+00
L0    31000  0.1720000000E+03  -.3515470879E+06  0.9236596199E+05
L1 0.2987956445E+03  0.2987956445E+03  -.4439130499E+12  0.1000000000E+01
L2 0.1000000000E+01  0.1243851015E+03  0.1243851015E+03  0.1243851015E+03
L3 0.1481439818E+07  -.2757348166E+03  0.2181044840E+02  0.1962541143E+03
L4 -.1922341794E+02  0.1243814155E+05  0.1241506148E+05  0.1222127754E+05
L5 0.3707448057E+05  0.1537803913E+05  0.1218251745E+05  0.1012880694E+05
L6 0.3768936353E+05  -.4439130499E+06  0.4420981280E+05  -.5901851045E+06
L7 0.0000000000E+00  0.4823140323E+04  0.1306970015E+05  0.2049500566E+05
L8 0.5774379118E+04  0.5790001654E+05  0.0000000000E+00  0.0000000000E+00
L9 0.0000000000E+00  0.0000000000E+00  0.0000000000E+00  0.1036713267E+01  0.0000000000E+00
L0    32000  0.1740000000E+03  -.3507675210E+06  0.9292998448E+05
L1 0.3006202069E+03  0.3006202069E+03  -.4436975054E+12  0.1000000000E+01
L2 0.1000000000E+01  0.1243825005E+03  0.1243825005E+03  0.1243825005E+03
L3 0.1481335405E+07  0.2409969755E+03  -.9107886623E+02  0.5304770526E+02
L4 0.6765527150E+02  0.1261863813E+05  0.1237752152E+05  0.1246031160E+05
L5 0.3745647126E+05  0.1004929815E+05  0.1334854024E+05  0.1189475434E+05
L6 0.3529259272E+05  -.4436975054E+06  0.4411269254E+05  -.5898238963E+06
L7 0.0000000000E+00  0.4738949304E+04  0.1321435502E+05  0.2039489479E+05
L8 0.5810400110E+04  0.5785509910E+05  0.0000000000E+00  0.0000000000E+00
L9 0.0000000000E+00  0.0000000000E+00  0.0000000000E+00  0.1036786340E+01  0.0000000000E+00
L0    33000  0.1760000000E+03  -.3511198551E+06  0.9292002812E+05
L1 0.3005879990E+03  0.3005879990E+03  -.4440398833E+12  0.1000000000E+01
L2 0.1000000000E+01  0.1244338109E+03  0.1244338109E+03  0.1244338109E+03
L3 0.1483159184E+07  0.8102300802E+02  0.9335692349E+02  0.2604041875E+03
L4 0.1449280397E+03  0.1247313318E+05  0.1253573906E+05  0.1255268859E+05
L5 0.3756156083E+05  0.1160825945E+05  0.1153920791E+05  0.9773024543E+04
L6 0.3292049190E+05  -.4440398833E+06  0.4414083541E+05  -.5901974472E+06
L7 0.0000000000E+00  0.4854718289E+04  0.1297022256E+05  0.2050229639E+05
L8 0.5733622047E+04  0.5795586923E+05  0.0000000000E+00  0.0000000000E+00
L9 0.0000000000E+00  0.0000000000E+00  0.0000000000E+00  0.1035511448E+01  0.0000000000E+00
L0    34000  0.1780000000E+03  -.3512127402E+06  0.9242380040E+05
L1 0.2989827466E+03  0.2989827466E+03  -.4436365406E+12  0.1000000000E+01
L2 0.1000000000E+01  0.1244386080E+03  0.1244386080E+03  0.1244386080E+03
L3 0.1483360694E+07  -.1030556800E+03  0.1468279350E+03  -.2884817250E+03
L4 -.8156982333E+02  0.1255307064E+05  0.1233842484E+05  0.1247014377E+05
L5 0.3736163925E+05  0.1365327986E+05  0.1077090864E+05  0.1554993766E+05
L6 0.3997412616E+05  -.4436365406E+06  0.4408987712E+05  -.5899086623E+06
L7 0.0000000000E+00  0.4798351332E+04  0.1314373470E+05  0.2054524708E+05
L8 0.5754416538E+04  0.5794049499E+05  0.0000000000E+00  0.0000000000E+00
L9 0.0000000000E+00  0.0000000000E+00  0.0000000000E+00  0.1035370777E+01  0.0000000000E+00
L0    35000  0.1800000000E+03  -.3515269646E+06  0.9284913201E+05
L1 0.3003586564E+03  0.3003586564E+03  -.4443760966E+12  0.1000000000E+01
L2 0.1000000000E+01  0.1244258150E+03  0.1244258150E+03  0.1244258150E+03
L3 0.1482890003E+07  0.6296097994E+02  0.3103426207E+03  -.3175715370E+03
L4 0.1857735452E+02  0.1247180060E+05  0.1237256381E+05  0.1254061796E+05
L5 0.3738498237E+05  0.1179985054E+05  0.9060437121E+04  0.1592989515E+05
L6 0.3679018281E+05  -.4443760966E+06  0.4362135258E+05  -.5899256114E+06
L7 0.0000000000E+00  0.4706313429E+04  0.1311128482E+05  0.2047003701E+05
L8 0.5787214540E+04  0.5785331241E+05  0.0000000000E+00  0.0000000000E+00
L9 0.0000000000E+00  0.0000000000E+00  0.0000000000E+00  0.1035699419E+01  0.0000000000E+00
L0    36000  0.1820000000E+03  -.3515478325E+06  0.9264626942E+05
L1 0.2997024140E+03  0.2997024140E+03  -.4441941019E+12  0.1000000000E+01
L2 0.1000000000E+01  0.1243787445E+03  0.1243787445E+03  0.1243787445E+03
L3 0.1481205009E+07  0.1118701729E+03  -.1532634247E+03  0.1582324141E+03
L4 0.3894638743E+02  0.1234661775E+05  0.1248115787E+05  0.1258359092E+05
L5 0.3741136653E+05  0.1115404176E+05  0.1411500070E+05  0.1089677688E+05
L6 0.3616581934E+05  -.4441941019E+06  0.4399460328E+05  -.5901074752E+06
L7 0.0000000000E+00  0.4865616406E+04  0.1298769073E+05  0.2036654772E+05
L8 0.5772708082E+04  0.5792620711E+05  0.0000000000E+00  0.0000000000E+00
L9 0.0000000000E+00  0.0000000000E+00  0.0000000000E+00  0.1036877613E+01  0.0000000000E+00
L0    37000  0.1840000000E+03  -.3514524680E+06  0.9285324259E+05
L1 0.3003719537E+03  0.3003719537E+03  -.4443057106E+12  0.1000000000E+01
L2 0.1000000000E+01  0.1243811700E+03  0.1243811700E+03  0.1243811700E+03
L3 0.1481288060E+07  0.1277383613E+02  0.2126264512E+03  -.2674354961E+02
L4 0.6621891258E+02  0.1259800310E+05  0.1247475679E+05  0.1248514249E+05
L5 0.3755790238E+05  0.1246182181E+05  0.1020795581E+05  0.1277025427E+05
L6 0.3544003188E+05  -.4443057106E+06  0.4435663306E+05  -.5906814601E+06
L7 0.0000000000E+00  0.4763732753E+04  0.1323445563E+05  0.2046632800E+05
L8 0.5729879462E+04  0.5782472054E+05  0.0000000000E+00  0.0000000000E+00
L9 0.0000000000E+00  0.0000000000E+00  0.0000000000E+00  0.1036819478E+01  0.0000000000E+00
L0    38000  0.1860000000E+03  -.3517447042E+06  0.9267678025E+05
L1 0.2998011138E+03  0.2998011138E+03  -.4444214844E+12  0.1000000000E+01
L2 0.1000000000E+01  0.1243729172E+03  0.1243729172E+03  0.1243729172E+03
L3 0.1480995295E+07  0.1054140887E+03  0.1540360439E+02  0.3083148753E+02
L4 0.5054972688E+02  0.1247118113E+05  0.1238661938E+05  0.1246104718E+05
L5 0.3731884769E+05  0.1134758840E+05  0.1222243471E+05  0.1213241905E+05
L6 0.3570244216E+05  -.4444214844E+06  0.4407938491E+05  -.5903046122E+06
L7 0.0000000000E+00  0.4731042360E+04  0.1300380996E+05  0.2041191525E+05
L8 0.5769823109E+04  0.5788715220E+05  0.0000000000E+00  0.0000000000E+00
L9 0.0000000000E+00  0.0000000000E+00  0.0000000000E+00  0.1037024438E+01  0.0000000000E+00
L0    39000  0.1880000000E+03  -.3523788141E+06  0.9232323939E+05
L1 0.2986574407E+03  0.2986574407E+03  -.4447020535E+12  0.1000000000E+01
L2 0.1000000000E+01  0.1243641386E+03  0.1243641386E+03  0.1243641386E+03
L3 0.1480698654E+07  0.2769965831E+02  -.4879789755E+02  -.2119158931E+03
L4 -.7767137746E+02  0.1226936515E+05  0.1220451848E+05  0.1256891485E+05
L5 0.3704279848E+05  0.1197417785E+05  0.1272454366E+05  0.1482724166E+05
L6 0.3952596316E+05  -.4447020535E+06  0.4398422607E+05  -.5907660930E+06
L7 0.0000000000E+00  0.4760876115E+04  0.1306899783E+05  0.2050011465E+05
L8 0.5741085077E+04  0.5800873978E+05  0.0000000000E+00  0.0000000000E+00
L9 0.0000000000E+00  0.0000000000E+00  0.0000000000E+00  0.1037232194E+01  0.0000000000E+00
L0    40000  0.1900000000E+03  -.3518462742E+06  0.9279890840E+05
L1 0.3001961875E+03  0.3001961875E+03  -.4446451826E+12  0.1000000000E+01
L2 0.1000000000E+01  0.1243564473E+03  0.1243564473E+03  0.1243564473E+03
L3 0.1480428492E+07  -.2695077388E+02  -.1294404861E+03  -.1797992001E+03
L4 -.1120634867E+03  0.1249339755E+05  0.1249078205E+05  0.1247863209E+05
L5 0.3746281170E+05  0.1278055181E+05  0.1386994046E+05  0.1439435093E+05
L6 0.4104484319E+05  -.4446451826E+06  0.4389631538E+05  -.5907103687E+06
L7 0.0000000000E+00  0.4679162031E+04  0.1306969619E+05  0.2053920130E+05
L8 0.5778029852E+04  0.5810278129E+05  0.0000000000E+00  0.0000000000E+00
L9 0.0000000000E+00  0.0000000000E+00  0.0000000000E+00  0.1037421478E+01  0.0000000000E+00
L0    41000  0.1920000000E+03  -.3512247254E+06  0.9292848266E+05
L1 0.3006153487E+03  0.3006153487E+03  -.4441532081E+12  0.1000000000E+01
L2 0.1000000000E+01  0.1243771610E+03  0.1243771610E+03  0.1243771610E+03
L3 0.1481151232E+07  0.7758141329E+02  0.1021844583E+03  -.1264474359E+03
L4 0.1777281188E+02  0.1248331554E+05  0.1247791656E+05  0.1245537115E+05
L5 0.3741660325E+05  0.1165630000E+05  0.1138863329E+05  0.1380329703E+05
L6 0.3684823032E+05  -.4441532081E+06  0.4398982160E+05  -.5901425570E+06
L7 0.0000000000E+00  0.4671971010E+04  0.1311896077E+05  0.2038559481E+05
L8 0.5807498902E+04  0.5801550188E+05  0.0000000000E+00  0.0000000000E+00
L9 0.0000000000E+00  0.0000000000E+00  0.0000000000E+00  0.1036915259E+01  0.0000000000E+00
L0    42000  0.1940000000E+03  -.3514484825E+06  0.9285648816E+05
L1 0.3003824529E+03  0.3003824529E+03  -.4443049706E+12  0.1000000000E+01
L2 0.1000000000E+01  0.1243702566E+03  0.1243702566E+03  0.1243702566E+03
L3 0.1480895019E+07  0.5872436298E+01  0.8673818873E+02  0.1779314687E+03
L4 0.9018069792E+02  0.1250777632E+05  0.1246244185E+05  0.1254726231E+05
L5 0.3751748049E+05  0.1244518716E+05  0.1153797530E+05  0.1065084629E+05
L6 0.3463400875E+05  -.4443049706E+06  0.4360392555E+05  -.5899508337E+06
L7 0.0000000000E+00  0.4836401978E+04  0.1304989458E+05  0.2044038386E+05
L8 0.5783529918E+04  0.5793172720E+05  0.0000000000E+00  0.0000000000E+00
L9 0.0000000000E+00  0.0000000000E+00  0.0000000000E+00  0.1037094659E+01  0.0000000000E+00
L0    43000  0.1960000000E+03  -.3514199796E+06  0.9305153055E+05
L1 0.3010133976E+03  0.3010133976E+03  -.4444715101E+12  0.1000000000E+01
L2 0.1000000000E+01  0.1244316471E+03  0.1244316471E+03  0.1244316471E+03
L3 0.1483099557E+07  0.7760775941E+02  -.8014959893E+02  0.3497086138E+02
L4 0.1080967395E+02  0.1245397597E+05  0.1257817711E+05  0.1252260585E+05
L5 0.3755475892E+05  0.1162559134E+05  0.1343369331E+05  0.1214932714E+05
L6 0.3720861179E+05  -.4444715101E+06  0.4460313939E+05  -.5910457577E+06
L7 0.0000000000E+00  0.4735821601E+04  0.1297908880E+05  0.2051001230E+05
L8 0.5811489128E+04  0.5793469638E+05  0.0000000000E+00  0.0000000000E+00
L9 0.0000000000E+00  0.0000000000E+00  0.0000000000E+00  0.1035553080E+01  0.0000000000E+00
L0    44000  0.1980000000E+03  -.3512977127E+06  0.9249030496E+05
L1 0.2991978829E+03  0.2991978829E+03  -.4437880177E+12  0.1000000000E+01
L2 0.1000000000E+01  0.1243591378E+03  0.1243591378E+03  0.1243591378E+03
L3 0.1480499532E+07  -.4536961228E+02  0.6521291871E+02  0.2129963756E+03
L4 0.7761322735E+02  0.1234123719E+05  0.1248838499E+05  0.1237054421E+05
L5 0.3720016639E+05  0.1282466310E+05  0.1179352310E+05  0.1010100826E+05
L6 0.3471919446E+05  -.4437880177E+06  0.4379332162E+05  -.5895425388E+06
L7 0.0000000000E+00  0.4873709425E+04  0.1294860889E+05  0.2040738877E+05
L8 0.5797451376E+04  0.5793404105E+05  0.0000000000E+00  0.0000000000E+00
L9 0.0000000000E+00  0.0000000000E+00  0.0000000000E+00  0.1037371699E+01  0.0000000000E+00
L0    45000  0.2000000000E+03  -.3508702031E+06  0.9307713674E+05
L1 0.3010962314E+03  0.3010962314E+03  -.4439473399E+12  0.1000000000E+01
L2 0.1000000000E+01  0.1243805206E+03  0.1243805206E+03  0.1243805206E+03
L3 0.1481272839E+07  -.1923308055E+03  0.2663611513E+03  -.5659587393E+02
L4 0.5811490618E+01  0.1248010116E+05  0.1254009939E+05  0.1261477195E+05
L5 0.3763497250E+05  0.1453051012E+05  0.9700464371E+04  0.1321813181E+05
L6 0.3744910629E+05  -.4439473399E+06  0.4421564674E+05  -.5902473048E+06
L7 0.0000000000E+00  0.4876486390E+04  0.1310857387E+05  0.2042533625E+05
L8 0.5748157084E+04  0.5792576459E+05  0.0000000000E+00  0.0000000000E+00
L9 0.0000000000E+00  0.0000000000E+00  0.0000000000E+00  0.1036830133E+01  0.0000000000E+00
L0    46000  0.2020000000E+03  -.3513497300E+06  0.9304252140E+05
L1 0.3009842538E+03  0.3009842538E+03  -.4443922514E+12  0.1000000000E+01
L2 0.1000000000E+01  0.1243820551E+03  0.1243820551E+03  0.1243820551E+03
L3 0.1481326982E+07  0.2036674616E+03  -.1250269198E+03  -.4569806219E+02
L4 0.1098082655E+02  0.1258097794E+05  0.1240584452E+05  0.1250743224E+05
L5 0.3749425471E+05  0.1040963129E+05  0.1373878589E+05  0.1299463002E+05
L6 0.3714304719E+05  -.4443922514E+06  0.4415991044E+05  -.5908051557E+06
L7 0.0000000000E+00  0.4862458747E+04  0.1311298478E+05  0.2039050266E+05
L8 0.5808403611E+04  0.5807864407E+05  0.0000000000E+00  0.0000000000E+00
L9 0.0000000000E+00  0.0000000000E+00  0.0000000000E+00  0.1036792236E+01  0.0000000000E+00
L0    47000  0.2040000000E+03  -.3514722896E+06  0.9290386216E+05
L1 0.3005357036E+03  0.3005357036E+03  -.4443761517E+12  0.1000000000E+01
L2 0.1000000000E+01  0.1243677989E+03  0.1243677989E+03  0.1243677989E+03
L3 0.1480823940E+07  -.1667380112E+03  0.2409526508E+02  0.3361847046E+02
L4 -.3634142522E+02  0.1233995228E+05  0.1245595134E+05  0.1237773485E+05
L5 0.3717363847E+05  0.1411698173E+05  0.1219915329E+05  0.1201944216E+05
L6 0.3833557718E+05  -.4443761517E+06  0.4394252810E+05  -.5903603465E+06
L7 0.0000000000E+00  0.4651159123E+04  0.1301327717E+05  0.2046084425E+05
L8 0.5793595145E+04  0.5812279096E+05  0.0000000000E+00  0.0000000000E+00
L9 0.0000000000E+00  0.0000000000E+00  0.0000000000E+00  0.1037144439E+01  0.0000000000E+00
L0    48000  0.2060000000E+03  -.3516398921E+06  0.9260919022E+05
L1 0.2995824661E+03  0.2995824661E+03  -.4442490823E+12  0.1000000000E+01
L2 0.1000000000E+01  0.1243677928E+03  0.1243677928E+03  0.1243677928E+03
L3 0.1480808761E+07  0.4400426698E+02  -.2057880222E+03  0.3925428336E+03
L4 0.7691969280E+02  0.1250710791E+05  0.1235780651E+05  0.1254248340E+05
L5 0.3740739782E+05  0.1203813220E+05  0.1455099344E+05  0.8358956089E+04
L6 0.3494808173E+05  -.4442490823E+06  0.4407836232E+05  -.5903433665E+06
L7 0.0000000000E+00  0.4714586860E+04  0.1313025009E+05  0.2045055097E+05
L8 0.5805779821E+04  0.5791475412E+05  0.0000000000E+00  0.0000000000E+00
L9 0.0000000000E+00  0.0000000000E+00  0.0000000000E+00  0.1037155070E+01  0.0000000000E+00
L0    49000  0.2080000000E+03  -.3518333885E+06  0.9239112330E+05
L1 0.2988770391E+03  0.2988770391E+03  -.4442245118E+12  0.1000000000E+01
L2 0.1000000000E+01  0.1243618732E+03  0.1243618732E+03  0.1243618732E+03
L3 0.1480602165E+07  0.6575358008E+02  0.2587330307E+02  0.2909026902E+02
L4 0.4023905072E+02  0.1243931962E+05  0.1257025158E+05  0.1240939027E+05
L5 0.3741896147E+05  0.1173864826E+05  0.1229454518E+05  0.1209940383E+05
L6 0.3613259727E+05  -.4442245118E+06  0.4415782108E+05  -.5904747334E+06
L7 0.0000000000E+00  0.4790169582E+04  0.1315649600E+05  0.2052397026E+05
L8 0.5726339622E+04  0.5789542503E+05  0.0000000000E+00  0.0000000000E+00
L9 0.0000000000E+00  0.0000000000E+00  0.0000000000E+00  0.1037299789E+01  0.0000000000E+00
L0    50000  0.2100000000E+03  -.3511579143E+06  0.9316956784E+05
L1 0.3013952377E+03  0.3013952377E+03  -.4443274822E+12  0.1000000000E+01
L2 0.1000000000E+01  0.1243747004E+03  0.1243747004E+03  0.1243747004E+03
L3 0.1481042893E+07  0.2785992209E+03  0.7272115241E+02  0.1660036351E+03
L4 0.1724413361E+03  0.1235107390E+05  0.1262721893E+05  0.1243312454E+05
L5 0.3741141737E+05  0.9381431783E+04  0.1185207032E+05  0.1066366020E+05
L6 0.3189716231E+05  -.4443274822E+06  0.4476657957E+05  -.5911649606E+06
L7 0.0000000000E+00  0.4743809738E+04  0.1312508888E+05  0.2044467086E+05
L8 0.5781677922E+04  0.5797565147E+05  0.0000000000E+00  0.0000000000E+00
L9 0.0000000000E+00  0.0000000000E+00  0.0000000000E+00  0.1036991110E+01  0.0000000000E+00
L0    51000  0.2120000000E+03  -.3518281223E+06  0.9305220294E+05
L1 0.3010155727E+03  0.3010155727E+03  -.4448803253E+12  0.1000000000E+01
L2 0.1000000000E+01  0.1243508320E+03  0.1243508320E+03  0.1243508320E+03
L3 0.1480226412E+07  -.3395079569E+00  -.1361205880E+03  -.1647067701E+03
L4 -.1003889554E+03  0.1252217364E+05  0.1247485641E+05  0.1250033906E+05
L5 0.3749736911E+05  0.1252579053E+05  0.1392499178E+05  0.1425501200E+05
L6 0.4070579431E+05  -.4448803253E+06  0.4435850992E+05  -.5911139880E+06
L7 0.0000000000E+00  0.4746641810E+04  0.1303571837E+05  0.2041407833E+05
L8 0.5748549444E+04  0.5793016488E+05  0.0000000000E+00  0.0000000000E+00
L9 0.0000000000E+00  0.0000000000E+00  0.0000000000E+00  0.1037563106E+01  0.0000000000E+00
L0    52000  0.2140000000E+03  -.3521158832E+06  0.9232773381E+05
L1 0.2986719797E+03  0.2986719797E+03  -.4444436170E+12  0.1000000000E+01
L2 0.1000000000E+01  0.1243806326E+03  0.1243806326E+03  0.1243806326E+03
L3 0.1481280425E+07  -.3993952787E+02  -.7463069033E+02  0.5066113979E+02
L4 -.2130302614E+02  0.1246766492E+05  0.1235921700E+05  0.1229631387E+05
L5 0.3712319580E+05  0.1289345623E+05  0.1315484731E+05  0.1175622054E+05
L6 0.3780452408E+05  -.4444436170E+06  0.4433631101E+05  -.5908350421E+06
L7 0.0000000000E+00  0.4811536350E+04  0.1304982807E+05  0.2048084390E+05
L8 0.5761609638E+04  0.5795129615E+05  0.0000000000E+00  0.0000000000E+00
L9 0.0000000000E+00  0.0000000000E+00  0.0000000000E+00  0.1036824823E+01  0.0000000000E+00
L0    53000  0.2160000000E+03  -.3522298203E+06  0.9273935607E+05
L1 0.3000035410E+03  0.3000035410E+03  -.4449691763E+12  0.1000000000E+01
L2 0.1000000000E+01  0.1243315920E+03  0.1243315920E+03  0.1243315920E+03
L3 0.1479538012E+07  -.1648805641E+03  -.1037267675E+03  -.8484801169E-01
L4 -.8956405986E+02  0.1243175334E+05  0.1248874901E+05  0.1234878427E+05
L5 0.3726928662E+05  0.1418746087E+05  0.1359326892E+05  0.1234968776E+05
L6 0.4013041756E+05  -.4449691763E+06  0.4437425587E+05  -.5912201712E+06
L7 0.0000000000E+00  0.4728521959E+04  0.1303987276E+05  0.2039186112E+05
L8 0.5856703892E+04  0.5785977923E+05  0.0000000000E+00  0.0000000000E+00
L9 0.0000000000E+00  0.0000000000E+00  0.0000000000E+00  0.1038045864E+01  0.0000000000E+00
L0    54000  0.2180000000E+03  -.3517465021E+06  0.9307909848E+05
L1 0.3011025774E+03  0.3011025774E+03  -.4448256006E+12  0.1000000000E+01
L2 0.1000000000E+01  0.1244002512E+03  0.1244002512E+03  0.1244002512E+03
L3 0.1481966559E+07  0.1563004594E+03  0.1161402648E+03  0.1934159899E+01
L4 0.9145829468E+02  0.1247789594E+05  0.1248749088E+05  0.1247568996E+05
L5 0.3744107679E+05  0.1081082056E+05  0.1124875763E+05  0.1245506053E+05
L6 0.3451463872E+05  -.4448256006E+06  0.4453385929E+05  -.5913311637E+06
L7 0.0000000000E+00  0.4707032505E+04  0.1291070914E+05  0.2047451626E+05
L8 0.5788586434E+04  0.5809085945E+05  0.0000000000E+00  0.0000000000E+00
L9 0.0000000000E+00  0.0000000000E+00  0.0000000000E+00  0.1036344785E+01  0.0000000000E+00
L0    55000  0.2200000000E+03  -.3517389992E+06  0.9266430394E+05
L1 0.2997607541E+03  0.2997607541E+03  -.4444033031E+12  0.1000000000E+01
L2 0.1000000000E+01  0.1243588945E+03  0.1243588945E+03  0.1243588945E+03
L3 0.1480506583E+07  -.3235456600E+02  -.1340111919E+03  0.4161739851E+02
L4 -.4158278647E+02  0.1251710376E+05  0.1238039516E+05  0.1251310667E+05
L5 0.3741060559E+05  0.1286185236E+05  0.1380832869E+05  0.1206965954E+05
L6 0.3873984059E+05  -.4444033031E+06  0.4453452503E+05  -.5908964757E+06
L7 0.0000000000E+00  0.4824102402E+04  0.1301164835E+05  0.2036265154E+05
L8 0.5806954632E+04  0.5795329060E+05  0.0000000000E+00  0.0000000000E+00
L9 0.0000000000E+00  0.0000000000E+00  0.0000000000E+00  0.1037366758E+01  0.0000000000E+00
L0    56000  0.2220000000E+03  -.3519379126E+06  0.9275553916E+05
L1 0.3000558919E+03  0.3000558919E+03  -.4446934518E+12  0.1000000000E+01
L2 0.1000000000E+01  0.1243351025E+03  0.1243351025E+03  0.1243351025E+03
L3 0.1479640981E+07  -.5506174100E+01  0.5408631867E+02  0.1909502668E+03
L4 0.7984347047E+02  0.1258109689E+05  0.1237725680E+05  0.1249831147E+05
L5 0.3745666517E+05  0.1263973269E+05  0.1180128615E+05  0.1046486287E+05
L6 0.3490588171E+05  -.4446934518E+06  0.4446149708E+05  -.5912025894E+06
L7 0.0000000000E+00  0.4686875030E+04  0.1309636479E+05  0.2049775597E+05
L8 0.5732729464E+04  0.5803391529E+05  0.0000000000E+00  0.0000000000E+00
L9 0.0000000000E+00  0.0000000000E+00  0.0000000000E+00  0.1037973626E+01  0.0000000000E+00
L0    57000  0.2240000000E+03  -.3519723134E+06  0.9239609757E+05
L1 0.2988931304E+03  0.2988931304E+03  -.4443684110E+12  0.1000000000E+01
L2 0.1000000000E+01  0.1243543648E+03  0.1243543648E+03  0.1243543648E+03
L3 0.1480328291E+07  0.1974385180E+02  -.1394954981E+03  0.3703286636E+03
L4 0.8352567245E+02  0.1258311380E+05  0.1221694535E+05  0.1227799304E+05
L5 0.3707805219E+05  0.1237276187E+05  0.1370313698E+05  0.8332493950E+04
L6 0.3440839280E+05  -.4443684110E+06  0.4455089544E+05  -.5908735315E+06
L7 0.0000000000E+00  0.4806899885E+04  0.1305171377E+05  0.2040965276E+05
L8 0.5755621362E+04  0.5793033734E+05  0.0000000000E+00  0.0000000000E+00
L9 0.0000000000E+00  0.0000000000E+00  0.0000000000E+00  0.1037491699E+01  0.0000000000E+00
L0    58000  0.2260000000E+03  -.3520140622E+06  0.9255490947E+05
L1 0.2994068727E+03  0.2994068727E+03  -.4445689716E+12  0.1000000000E+01
L2 0.1000000000E+01  0.1243207096E+03  0.1243207096E+03  0.1243207096E+03
L3 0.1479141561E+07  0.5003007321E+02  -.1135877626E+03  -.2354565795E+02
L4 -.2903444911E+02  0.1237906571E+05  0.1232748454E+05  0.1230406817E+05
L5 0.3701061842E+05  0.1184647025E+05  0.1353668378E+05  0.1255472362E+05
L6 0.3793787765E+05  -.4445689716E+06  0.4410455021E+05  -.5907143651E+06
L7 0.0000000000E+00  0.4805928524E+04  0.1303520115E+05  0.2040575677E+05
L8 0.5765383366E+04  0.5802857340E+05  0.0000000000E+00  0.0000000000E+00
L9 0.0000000000E+00  0.0000000000E+00  0.0000000000E+00  0.1038324089E+01  0.0000000000E+00
L0    59000  0.2280000000E+03  -.3520508526E+06  0.9253815432E+05
L1 0.2993526713E+03  0.2993526713E+03  -.4445890069E+12  0.1000000000E+01
L2 0.1000000000E+01  0.1243448329E+03  0.1243448329E+03  0.1243448329E+03
L3 0.1479999730E+07  0.4022621919E+02  0.1085717352E+01  -.5931450251E+02
L4 -.6000855322E+01  0.1232507428E+05  0.1249665710E+05  0.1225632276E+05
L5 0.3707805414E+05  0.1189659736E+05  0.1248509239E+05  0.1288812201E+05
L6 0.3726981176E+05  -.4445890069E+06  0.4382865980E+05  -.5903902831E+06
L7 0.0000000000E+00  0.4825498612E+04  0.1309206713E+05  0.2035504536E+05
L8 0.5788237217E+04  0.5791176808E+05  0.0000000000E+00  0.0000000000E+00
L9 0.0000000000E+00  0.0000000000E+00  0.0000000000E+00  0.1037722023E+01  0.0000000000E+00
L0    60000  0.2300000000E+03  -.3518344153E+06  0.9239279275E+05
L1 0.2988824396E+03  0.2988824396E+03  -.4442272081E+12  0.1000000000E+01
L2 0.1000000000E+01  0.1243440263E+03  0.1243440263E+03  0.1243440263E+03
L3 0.1479962409E+07  0.2317505714E+03  -.1335474648E+03  0.7739464259E+02
L4 0.5853258305E+02  0.1243476613E+05  0.1238938260E+05  0.1246481579E+05
L5 0.3728896453E+05  0.9966294854E+04  0.1381185194E+05  0.1164045342E+05
L6 0.3541860021E+05  -.4442272081E+06  0.4412389527E+05  -.5902374465E+06
L7 0.0000000000E+00  0.4739243451E+04  0.1314185429E+05  0.2039172698E+05
L8 0.5750149785E+04  0.5786336866E+05  0.0000000000E+00  0.0000000000E+00
L9 0.0000000000E+00  0.0000000000E+00  0.0000000000E+00  0.1037748192E+01  0.0000000000E+00
L0    61000  0.2320000000E+03  -.3512752207E+06  0.9303001625E+05
L1 0.3009438008E+03  0.3009438008E+03  -.4443052370E+12  0.1000000000E+01
L2 0.1000000000E+01  0.1244065259E+03  0.1244065259E+03  0.1244065259E+03
L3 0.1482205203E+07  -.7638484212E+02  -.1163025033E+03  0.1406992928E+03
L4 -.1732935089E+02  0.1255474929E+05  0.1254861118E+05  0.1256235827E+05
L5 0.3766571874E+05  0.1336958883E+05  0.1378927460E+05  0.1106144074E+05
L6 0.3822030418E+05  -.4443052370E+06  0.4411036711E+05  -.5904088145E+06
L7 0.0000000000E+00  0.4748054485E+04  0.1318888130E+05  0.2037335717E+05
L8 0.5790215042E+04  0.5789270245E+05  0.0000000000E+00  0.0000000000E+00
L9 0.0000000000E+00  0.0000000000E+00  0.0000000000E+00  0.1036177927E+01  0.0000000000E+00
L0    62000  0.2340000000E+03  -.3514588230E+06  0.9283513796E+05
L1 0.3003133869E+03  0.3003133869E+03  -.4442939610E+12  0.1000000000E+01
L2 0.1000000000E+01  0.1243933503E+03  0.1243933503E+03  0.1243933503E+03
L3 0.1481747856E+07  -.2171257514E+03  -.8438934458E+02  -.5768111328E+02
L4 -.1197320698E+03  0.1252843435E+05  0.1248915378E+05  0.1234748097E+05
L5 0.3736506910E+05  0.1484392068E+05  0.1338910403E+05  0.1296260759E+05
L6 0.4119563230E+05  -.4442939610E+06  0.4412354798E+05  -.5904114673E+06
L7 0.0000000000E+00  0.4704984278E+04  0.1313886145E+05  0.2042003171E+05
L8 0.5800099885E+04  0.5792998098E+05  0.0000000000E+00  0.0000000000E+00
L9 0.0000000000E+00  0.0000000000E+00  0.0000000000E+00  0.1036497746E+01  0.0000000000E+00
L0    63000  0.2360000000E+03  -.3508484830E+06  0.9292259549E+05
L1 0.3005963042E+03  0.3005963042E+03  -.4437710785E+12  0.1000000000E+01
L2 0.1000000000E+01  0.1244036841E+03  0.1244036841E+03  0.1244036841E+03
L3 0.1482104939E+07  -.1698659868E+03  0.1200463999E+03  -.3185827472E+02
L4 -.2722595388E+02  0.1247037147E+05  0.1254909390E+05  0.1243722754E+05
L5 0.3745669291E+05  0.1428230375E+05  0.1126857888E+05  0.1277705447E+05
L6 0.3832793710E+05  -.4437710785E+06  0.4409850624E+05  -.5897604889E+06
L7 0.0000000000E+00  0.4717808735E+04  0.1306523289E+05  0.2039134331E+05
L8 0.5771346995E+04  0.5794517216E+05  0.0000000000E+00  0.0000000000E+00
L9 0.0000000000E+00  0.0000000000E+00  0.0000000000E+00  0.1036248024E+01  0.0000000000E+00
L0    64000  0.2380000000E+03  -.3506636063E+06  0.9292739659E+05
L1 0.3006118353E+03  0.3006118353E+03  -.4435910029E+12  0.1000000000E+01
L2 0.1000000000E+01  0.1244141073E+03  0.1244141073E+03  0.1244141073E+03
L3 0.1482482658E+07  -.2751995735E+03  0.1413890950E+03  -.6479993259E+02
L4 -.6620347035E+02  0.1264194907E+05  0.1252704735E+05  0.1240400979E+05
L5 0.3757300621E+05  0.1557820534E+05  0.1101848899E+05  0.1309539607E+05
L6 0.3969209040E+05  -.4435910029E+06  0.4429860360E+05  -.5897438755E+06
L7 0.0000000000E+00  0.4804151474E+04  0.1300839794E+05  0.2047531547E+05
L8 0.5745736651E+04  0.5782066743E+05  0.0000000000E+00  0.0000000000E+00
L9 0.0000000000E+00  0.0000000000E+00  0.0000000000E+00  0.1035984000E+01  0.0000000000E+00
L0    65000  0.2400000000E+03  -.3509766451E+06  0.9251670080E+05
L1 0.2992832711E+03  0.2992832711E+03  -.4434933459E+12  0.1000000000E+01
L2 0.1000000000E+01  0.1244162623E+03  0.1244162623E+03  0.1244162623E+03
L3 0.1482558758E+07  -.1792913081E+03  0.3792223349E+00  0.1585801593E+01
L4 -.5910876138E+02  0.1242476951E+05  0.1249305149E+05  0.1233411188E+05
L5 0.3725193287E+05  0.1433782572E+05  0.1248900515E+05  0.1231719122E+05
L6 0.3914402208E+05  -.4434933459E+06  0.4348548002E+05  -.5889401791E+06
L7 0.0000000000E+00  0.4786882454E+04  0.1301341740E+05  0.2037269057E+05
L8 0.5816030901E+04  0.5797233187E+05  0.0000000000E+00  0.0000000000E+00
L9 0.0000000000E+00  0.0000000000E+00  0.0000000000E+00  0.1035930823E+01  0.0000000000E+00
L0    66000  0.2420000000E+03  -.3517531866E+06  0.9272272285E+05
L1 0.2999497340E+03  0.2999497340E+03  -.4444759095E+12  0.1000000000E+01
L2 0.1000000000E+01  0.1243495011E+03  0.1243495011E+03  0.1243495011E+03
L3 0.1480164309E+07  0.6718115200E+02  0.2895138921E+03  -.3266690857E+03
L4 0.1000865280E+02  0.1246140891E+05  0.1243608040E+05  0.1241848576E+05
L5 0.3731597508E+05  0.1174573703E+05  0.9351927396E+04  0.1589844811E+05
L6 0.3699611254E+05  -.4444759095E+06  0.4405832981E+05  -.5904238539E+06
L7 0.0000000000E+00  0.4769257092E+04  0.1306772949E+05  0.2042203340E+05
L8 0.5779709550E+04  0.5785088515E+05  0.0000000000E+00  0.0000000000E+00
L9 0.0000000000E+00  0.0000000000E+00  0.0000000000E+00  0.1037606639E+01  0.0000000000E+00
L0    67000  0.2440000000E+03  -.3513056049E+06  0.9298249360E+05
L1 0.3007900692E+03  0.3007900692E+03  -.4442880985E+12  0.1000000000E+01
L2 0.1000000000E+01  0.1243185162E+03  0.1243185162E+03  0.1243185162E+03
L3 0.1479063498E+07  -.6115003269E+02  -.8488131515E+02  0.5379760453E+02
L4 -.3074458110E+02  0.1248459956E+05  0.1253949833E+05  0.1248317840E+05
L5 0.3750727628E+05  0.1313553826E+05  0.1344305521E+05  0.1191050589E+05
L6 0.3848909936E+05  -.4442880985E+06  0.4376725159E+05  -.5899427586E+06
L7 0.0000000000E+00  0.4830477297E+04  0.1313814285E+05  0.2034520139E+05
L8 0.5773930504E+04  0.5779965643E+05  0.0000000000E+00  0.0000000000E+00
L9 0.0000000000E+00  0.0000000000E+00  0.0000000000E+00  0.1038378891E+01  0.0000000000E+00
L0    68000  0.2460000000E+03  -.3515490198E+06  0.9282998739E+05
L1 0.3002967252E+03  0.3002967252E+03  -.4443790072E+12  0.1000000000E+01
L2 0.1000000000E+01  0.1243582974E+03  0.1243582974E+03  0.1243582974E+03
L3 0.1480476977E+07  0.2591820004E+02  -.5179608461E+02  0.8925635249E+02
L4 0.2112615597E+02  0.1238080599E+05  0.1243385780E+05  0.1247820617E+05
L5 0.3729286996E+05  0.1210464453E+05  0.1298575116E+05  0.1152716926E+05
L6 0.3661756495E+05  -.4443790072E+06  0.4457644993E+05  -.5909837778E+06
L7 0.0000000000E+00  0.4865261360E+04  0.1299996010E+05  0.2041104178E+05
L8 0.5792054299E+04  0.5796000311E+05  0.0000000000E+00  0.0000000000E+00
L9 0.0000000000E+00  0.0000000000E+00  0.0000000000E+00  0.1037387503E+01  0.0000000000E+00
L0    69000  0.2480000000E+03  -.3519515827E+06  0.9274823291E+05
L1 0.3000322568E+03  0.3000322568E+03  -.4446998156E+12  0.1000000000E+01
L2 0.1000000000E+01  0.1243543239E+03  0.1243543239E+03  0.1243543239E+03
L3 0.1480322638E+07  0.1713650232E+03  0.1481956443E+03  0.2627015151E+02
L4 0.1152769397E+03  0.1251555662E+05  0.1240042643E+05  0.1231567734E+05
L5 0.3723166039E+05  0.1068983254E+05  0.1082154906E+05  0.1203579498E+05
L6 0.3354717657E+05  -.4446998156E+06  0.4442965442E+05  -.5909805832E+06
L7 0.0000000000E+00  0.4752784029E+04  0.1305628874E+05  0.2034374539E+05
L8 0.5766544585E+04  0.5793175044E+05  0.0000000000E+00  0.0000000000E+00
L9 0.0000000000E+00  0.0000000000E+00  0.0000000000E+00  0.1037495661E+01  0.0000000000E+00
L0    70000  0.2500000000E+03  -.3515764542E+06  0.9268330918E+05
L1 0.2998222343E+03  0.2998222343E+03  -.4442597634E+12  0.1000000000E+01
L2 0.1000000000E+01  0.1243011395E+03  0.1243011395E+03  0.1243011395E+03
L3 0.1478422593E+07  0.1685807205E+03  0.3459868044E+03  -.1340395872E+03
L4 0.1268426459E+03  0.1246943599E+05  0.1256362376E+05  0.1231824171E+05
L5 0.3735130146E+05  0.1067568119E+05  0.8882209361E+04  0.1374446740E+05
L6 0.3330235794E+05  -.4442597634E+06  0.4421709819E+05  -.5903368399E+06
L7 0.0000000000E+00  0.4785332658E+04  0.1304664919E+05  0.2046754685E+05
L8 0.5769778230E+04  0.5779067146E+05  0.0000000000E+00  0.0000000000E+00
L9 0.0000000000E+00  0.0000000000E+00  0.0000000000E+00  0.1038829034E+01  0.0000000000E+00
L0    71000  0.2520000000E+03  -.3511662397E+06  0.9292735006E+05
L1 0.3006116848E+03  0.3006116848E+03  -.4440935898E+12  0.1000000000E+01
L2 0.1000000000E+01  0.1243926289E+03  0.1243926289E+03  0.1243926289E+03
L3 0.1481698153E+07  0.1048944134E+03  -.6159418246E+02  0.1405183428E+03
L4 0.6127285790E+02  0.1230621633E+05  0.1235394538E+05  0.1251587978E+05
L5 0.3717604148E+05  0.1118763213E+05  0.1301077997E+05  0.1101740534E+05
L6 0.3521581744E+05  -.4440935898E+06  0.4429211975E+05  -.5902370661E+06
L7 0.0000000000E+00  0.4836213466E+04  0.1305089643E+05  0.2041385792E+05
L8 0.5742174498E+04  0.5780821425E+05  0.0000000000E+00  0.0000000000E+00
L9 0.0000000000E+00  0.0000000000E+00  0.0000000000E+00  0.1036532516E+01  0.0000000000E+00
L0    72000  0.2540000000E+03  -.3510796980E+06  0.9328282742E+05
L1 0.3017616223E+03  0.3017616223E+03  -.4443625254E+12  0.1000000000E+01
L2 0.1000000000E+01  0.1243956361E+03  0.1243956361E+03  0.1243956361E+03
L3 0.1481794866E+07  0.1577404114E+03  0.6360126712E+02  0.2064826273E+03
L4 0.1426081019E+03  0.1248686396E+05  0.1249599539E+05  0.1254176227E+05
L5 0.3752462162E+05  0.1080462520E+05  0.1181771317E+05  0.1033970717E+05
L6 0.3296204553E+05  -.4443625254E+06  0.4413770785E+05  -.5903887236E+06
L7 0.0000000000E+00  0.4752050733E+04  0.1300489935E+05  0.2038874782E+05
L8 0.5818760312E+04  0.5792403216E+05  0.0000000000E+00  0.0000000000E+00
L9 0.0000000000E+00  0.0000000000E+00  0.0000000000E+00  0.1036464864E+01  0.0000000000E+00
L0    73000  0.2560000000E+03  -.3514157001E+06  0.9296446460E+05
L1 0.3007317470E+03  0.3007317470E+03  -.4443801647E+12  0.1000000000E+01
L2 0.1000000000E+01  0.1244166622E+03  0.1244166622E+03  0.1244166622E+03
L3 0.1482573600E+07  -.9072846590E+02  -.5046581436E+02  -.4857174525E+02
L4 -.6325534183E+02  0.1248061394E+05  0.1265520611E+05  0.1240376259E+05
L5 0.3753958264E+05  0.1344870544E+05  0.1319368680E+05  0.1292203316E+05
L6 0.3956442540E+05  -.4443801647E+06  0.4434648019E+05  -.5907519829E+06
L7 0.0000000000E+00  0.4816979495E+04  0.1308325432E+05  0.2044688428E+05
L8 0.5749479250E+04  0.5792874066E+05  0.0000000000E+00  0.0000000000E+00
L9 0.0000000000E+00  0.0000000000E+00  0.0000000000E+00  0.1035920452E+01  0.0000000000E+00
L0    74000  0.2580000000E+03  -.3516015921E+06  0.9299641009E+05
L1 0.3008350878E+03  0.3008350878E+03  -.4445980022E+12  0.1000000000E+01
L2 0.1000000000E+01  0.1243573964E+03  0.1243573964E+03  0.1243573964E+03
L3 0.1480462769E+07  -.1493693838E+03  0.1121274374E+03  -.3076291171E+03
L4 -.1149570212E+03  0.1249742991E+05  0.1247821738E+05  0.1246596561E+05
L5 0.3744161291E+05  0.1408896295E+05  0.1128349784E+05  0.1574375850E+05
L6 0.4111621930E+05  -.4445980022E+06  0.4380824923E+05  -.5903253716E+06
L7 0.0000000000E+00  0.4759553403E+04  0.1312047267E+05  0.2038159716E+05
L8 0.5832234205E+04  0.5782526284E+05  0.0000000000E+00  0.0000000000E+00
L9 0.0000000000E+00  0.0000000000E+00  0.0000000000E+00  0.1037397459E+01  0.0000000000E+00
L0    75000  0.2600000000E+03  -.3516404072E+06  0.9263359972E+05
L1 0.2996614287E+03  0.2996614287E+03  -.4442740070E+12  0.1000000000E+01
L2 0.1000000000E+01  0.1243713351E+03  0.1243713351E+03  0.1243713351E+03
L3 0.1480963642E+07  -.3535470410E+02  -.2807387389E+03  -.9690243061E+02
L4 -.1376652912E+03  0.1243816889E+05  0.1248005169E+05  0.1255436660E+05
L5 0.3747258718E+05  0.1281500124E+05  0.1547233921E+05  0.1358721278E+05
L6 0.4187455323E+05  -.4442740070E+06  0.4401752859E+05  -.5899646362E+06
L7 0.0000000000E+00  0.4716340325E+04  0.1292879602E+05  0.2037957311E+05
L8 0.5798055594E+04  0.5785033559E+05  0.0000000000E+00  0.0000000000E+00
L9 0.0000000000E+00  0.0000000000E+00  0.0000000000E+00  0.1037046603E+01  0.0000000000E+00
L0    76000  0.2620000000E+03  -.3517423696E+06  0.9272236404E+05
L1 0.2999485733E+03  0.2999485733E+03  -.4444647336E+12  0.1000000000E+01
L2 0.1000000000E+01  0.1243415678E+03  0.1243415678E+03  0.1243415678E+03
L3 0.1479898830E+07  -.2681579705E+03  -.1490253471E+03  0.4270315878E+02
L4 -.1248267196E+03  0.1236640725E+05  0.1238294177E+05  0.1238950826E+05
L5 0.3713885727E+05  0.1522254611E+05  0.1397020424E+05  0.1193467877E+05
L6 0.4112742912E+05  -.4444647336E+06  0.4384029569E+05  -.5901531474E+06
L7 0.0000000000E+00  0.4743070785E+04  0.1297650782E+05  0.2046363301E+05
L8 0.5805501921E+04  0.5785940450E+05  0.0000000000E+00  0.0000000000E+00
L9 0.0000000000E+00  0.0000000000E+00  0.0000000000E+00  0.1037792776E+01  0.0000000000E+00
L0    77000  0.2640000000E+03  -.3518898069E+06  0.9261731805E+05
L1 0.2996087589E+03  0.2996087589E+03  -.4445071249E+12  0.1000000000E+01
L2 0.1000000000E+01  0.1243220631E+03  0.1243220631E+03  0.1243220631E+03
L3 0.1479202396E+07  -.1153030877E+03  0.5243543999E+02  -.3089952445E+03
L4 -.1239542974E+03  0.1239104873E+05  0.1253177797E+05  0.1243812732E+05
L5 0.3736095401E+05  0.1361855895E+05  0.1197355320E+05  0.1572767342E+05
L6 0.4131978558E+05  -.4445071249E+06  0.4378272989E+05  -.5900789287E+06
L7 0.0000000000E+00  0.4835048580E+04  0.1313217380E+05  0.2024931970E+05
L8 0.5790893760E+04  0.5778163798E+05  0.0000000000E+00  0.0000000000E+00
L9 0.0000000000E+00  0.0000000000E+00  0.0000000000E+00  0.1038281386E+01  0.0000000000E+00
L0    78000  0.2660000000E+03  -.3513898361E+06  0.9257341633E+05
L1 0.2994667408E+03  0.2994667408E+03  -.4439632524E+12  0.1000000000E+01
L2 0.1000000000E+01  0.1243444496E+03  0.1243444496E+03  0.1243444496E+03
L3 0.1479998418E+07  -.8989618447E+02  -.9563938543E+02  -.1137069176E+03
L4 -.9974749584E+02  0.1248171942E+05  0.1227935692E+05  0.1254138099E+05
L5 0.3730245732E+05  0.1343926419E+05  0.1329807639E+05  0.1375254991E+05
L6 0.4048989049E+05  -.4439632524E+06  0.4369061841E+05  -.5896547386E+06
L7 0.0000000000E+00  0.4833749352E+04  0.1304645802E+05  0.2045467457E+05
L8 0.5799353515E+04  0.5786663227E+05  0.0000000000E+00  0.0000000000E+00
L9 0.0000000000E+00  0.0000000000E+00  0.0000000000E+00  0.1037722943E+01  0.0000000000E+00
L0    79000  0.2680000000E+03  -.3513939550E+06  0.9282668012E+05
L1 0.3002860265E+03  0.3002860265E+03  -.4442206351E+12  0.1000000000E+01
L2 0.1000000000E+01  0.1243418718E+03  0.1243418718E+03  0.1243418718E+03
L3 0.1479898054E+07  0.1636830836E+03  0.3493070234E+02  -.3087373100E+03
L4 -.3670784135E+02  0.1257783890E+05  0.1256087018E+05  0.1238977551E+05
L5 0.3752848459E+05  0.1083445843E+05  0.1218882498E+05  0.1567812142E+05
L6 0.3870140483E+05  -.4442206351E+06  0.4445496723E+05  -.5904607826E+06
L7 0.0000000000E+00  0.4797359599E+04  0.1296675733E+05  0.2040277458E+05
L8 0.5740029936E+04  0.5787825883E+05  0.0000000000E+00  0.0000000000E+00
L9 0.0000000000E+00  0.0000000000E+00  0.0000000000E+00  0.1037793320E+01  0.0000000000E+00
L0    80000  0.2700000000E+03  -.3509000712E+06  0.9303274238E+05
L1 0.3009526195E+03  0.3009526195E+03  -.4439328135E+12  0.1000000000E+01
L2 0.1000000000E+01  0.1243733761E+03  0.1243733761E+03  0.1243733761E+03
L3 0.1481015145E+07  0.1283159635E+03  -.1693619600E+03  0.1141612206E+03
L4 0.2437174135E+02  0.1243568910E+05  0.1227828786E+05  0.1261450386E+05
L5 0.3732848082E+05  0.1106797044E+05  0.1408351541E+05  0.1139766048E+05
L6 0.3654914633E+05  -.4439328135E+06  0.4394475763E+05  -.5898805639E+06
L7 0.0000000000E+00  0.4833366862E+04  0.1311696136E+05  0.2038356605E+05
L8 0.5782642905E+04  0.5788645560E+05  0.0000000000E+00  0.0000000000E+00
L9 0.0000000000E+00  0.0000000000E+00  0.0000000000E+00  0.1037010539E+01  0.0000000000E+00
L0    81000  0.2720000000E+03  -.3512329475E+06  0.9278167764E+05
L1 0.3001404475E+03  0.3001404475E+03  -.4440146251E+12  0.1000000000E+01
L2 0.1000000000E+01  0.1243612942E+03  0.1243612942E+03  0.1243612942E+03
L3 0.1480584383E+07  0.4540841056E+02  -.5687839821E+02  0.6639363235E+02
L4 0.1830788157E+02  0.1240296631E+05  0.1240023074E+05  0.1248893319E+05
L5 0.3729213024E+05  0.1191909926E+05  0.1300632072E+05  0.1178144992E+05
L6 0.3670686990E+05  -.4440146251E+06  0.4395899399E+05  -.5897399460E+06
L7 0.0000000000E+00  0.4743898973E+04  0.1304829785E+05  0.2029168225E+05
L8 0.5821465010E+04  0.5786098280E+05  0.0000000000E+00  0.0000000000E+00
L9 0.0000000000E+00  0.0000000000E+00  0.0000000000E+00  0.1037312247E+01  0.0000000000E+00
L0    82000  0.2740000000E+03  -.3511505481E+06  0.9295242910E+05
L1 0.3006928133E+03  0.3006928133E+03  -.4441029772E+12  0.1000000000E+01
L2 0.1000000000E+01  0.1244001622E+03  0.1244001622E+03  0.1244001622E+03
L3 0.1481980663E+07  -.3266986164E+02  -.1378855192E+03  0.5265553864E+02
L4 -.3929994738E+02  0.1250237275E+05  0.1254596724E+05  0.1247669794E+05
L5 0.3752503793E+05  0.1285082752E+05  0.1401664585E+05  0.1191507715E+05
L6 0.3878255052E+05  -.4441029772E+06  0.4395138255E+05  -.5901178331E+06
L7 0.0000000000E+00  0.4912378171E+04  0.1295284196E+05  0.2047435755E+05
L8 0.5776572485E+04  0.5794732325E+05  0.0000000000E+00  0.0000000000E+00
L9 0.0000000000E+00  0.0000000000E+00  0.0000000000E+00  0.1036334921E+01  0.0000000000E+00
L0    83000  0.2760000000E+03  -.3518418211E+06  0.9294780807E+05
L1 0.3006778646E+03  0.3006778646E+03  -.4447896292E+12  0.1000000000E+01
L2 0.1000000000E+01  0.1243478441E+03  0.1243478441E+03  0.1243478441E+03
L3 0.1480105391E+07  0.1866559769E+01  -.1882113150E+03  0.2106284771E+03
L4 0.8094573936E+01  0.1244578800E+05  0.1258306477E+05  0.1249650116E+05
L5 0.3752535394E+05  0.1242590458E+05  0.1458797508E+05  0.1025279331E+05
L6 0.3726667298E+05  -.4447896292E+06  0.4373928598E+05  -.5903671361E+06
L7 0.0000000000E+00  0.4797512224E+04  0.1314500816E+05  0.2034648363E+05
L8 0.5710854471E+04  0.5783836248E+05  0.0000000000E+00  0.0000000000E+00
L9 0.0000000000E+00  0.0000000000E+00  0.0000000000E+00  0.1037647943E+01  0.0000000000E+00
L0    84000  0.2780000000E+03  -.3511054347E+06  0.9314822802E+05
L1 0.3013262053E+03  0.3013262053E+03  -.4442536627E+12  0.1000000000E+01
L2 0.1000000000E+01  0.1243611740E+03  0.1243611740E+03  0.1243611740E+03
L3 0.1480575236E+07  0.1314666598E+03  -.6042771436E+02  0.9413321209E+02
L4 0.5505738583E+02  0.1261979978E+05  0.1253801096E+05  0.1232134788E+05
L5 0.3747915861E+05  0.1121891412E+05  0.1318191808E+05  0.1131828088E+05
L6 0.3571911308E+05  -.4442536627E+06  0.4425721154E+05  -.5901403332E+06
L7 0.0000000000E+00  0.4756931328E+04  0.1308794659E+05  0.2039264886E+05
L8 0.5753009328E+04  0.5763892277E+05  0.0000000000E+00  0.0000000000E+00
L9 0.0000000000E+00  0.0000000000E+00  0.0000000000E+00  0.1037318656E+01  0.0000000000E+00
L0    85000  0.2800000000E+03  -.3514904054E+06  0.9283978949E+05
L1 0.3003284342E+03  0.3003284342E+03  -.4443301949E+12  0.1000000000E+01
L2 0.1000000000E+01  0.1243529466E+03  0.1243529466E+03  0.1243529466E+03
L3 0.1480270054E+07  0.1511707270E+03  0.1146515652E+03  0.1572149715E+03
L4 0.1410124212E+03  0.1233714718E+05  0.1251127433E+05  0.1253093078E+05
L5 0.3737935228E+05  0.1072663047E+05  0.1128981919E+05  0.1085602093E+05
L6 0.3287247059E+05  -.4443301949E+06  0.4438742094E+05  -.5907740082E+06
L7 0.0000000000E+00  0.4684543192E+04  0.1318225220E+05  0.2044805982E+05
L8 0.5775893488E+04  0.5796564371E+05  0.0000000000E+00  0.0000000000E+00
L9 0.0000000000E+00  0.0000000000E+00  0.0000000000E+00  0.1037532516E+01  0.0000000000E+00
L0    86000  0.2820000000E+03  -.3512133770E+06  0.9295602273E+05
L1 0.3007044383E+03  0.3007044383E+03  -.4441693998E+12  0.1000000000E+01
L2 0.1000000000E+01  0.1243820036E+03  0.1243820036E+03  0.1243820036E+03
L3 0.1481327301E+07  0.1964824028E+03  0.7030438398E+01  -.2196059493E+03
L4 -.5364369383E+01  0.1238445336E+05  0.1237722087E+05  0.1252927494E+05
L5 0.3729094917E+05  0.1028970785E+05  0.1230226770E+05  0.1487054606E+05
L6 0.3746252161E+05  -.4441693998E+06  0.4373446361E+05  -.5898928184E+06
L7 0.0000000000E+00  0.4777656730E+04  0.1308518972E+05  0.2036707053E+05
L8 0.5788488277E+04  0.5797054976E+05  0.0000000000E+00  0.0000000000E+00
L9 0.0000000000E+00  0.0000000000E+00  0.0000000000E+00  0.1036792013E+01  0.0000000000E+00
L0    87000  0.2840000000E+03  -.3514032153E+06  0.9278653324E+05
L1 0.3001561549E+03  0.3001561549E+03  -.4441897486E+12  0.1000000000E+01
L2 0.1000000000E+01  0.1244047234E+03  0.1244047234E+03  0.1244047234E+03
L3 0.1482152490E+07  0.1213191256E+03  -.2768833761E+03  -.1622283896E+03
L4 -.1059308800E+03  0.1228457394E+05  0.1231983563E+05  0.1258671305E+05
L5 0.3719112262E+05  0.1099044145E+05  0.1527339939E+05  0.1431723186E+05
L6 0.4058107270E+05  -.4441897486E+06  0.4390407673E+05  -.5900531649E+06
L7 0.0000000000E+00  0.4827666490E+04  0.1299988385E+05  0.2047575294E+05
L8 0.5748444489E+04  0.5790759186E+05  0.0000000000E+00  0.0000000000E+00
L9 0.0000000000E+00  0.0000000000E+00  0.0000000000E+00  0.1036214778E+01  0.0000000000E+00
L0    88000  0.2860000000E+03  -.3519300318E+06  0.9250323325E+05
L1 0.2992397048E+03  0.2992397048E+03  -.4444332650E+12  0.1000000000E+01
L2 0.1000000000E+01  0.1243865084E+03  0.1243865084E+03  0.1243865084E+03
L3 0.1481505366E+07  0.1217702890E+03  -.3495605173E+03  -.1767068589E+03
L4 -.1348323624E+03  0.1234692800E+05  0.1230241814E+05  0.1231426484E+05
L5 0.3696361097E+05  0.1104855000E+05  0.1602961371E+05  0.1419840504E+05
L6 0.4127656876E+05  -.4444332650E+06  0.4404615319E+05  -.5902767075E+06
L7 0.0000000000E+00  0.4780185328E+04  0.1307408216E+05  0.2041073426E+05
L8 0.5733654879E+04  0.5779863268E+05  0.0000000000E+00  0.0000000000E+00
L9 0.0000000000E+00  0.0000000000E+00  0.0000000000E+00  0.1036667399E+01  0.0000000000E+00
L0    89000  0.2880000000E+03  -.3509970930E+06  0.9286454836E+05
L1 0.3004085269E+03  0.3004085269E+03  -.4438616413E+12  0.1000000000E+01
L2 0.1000000000E+01  0.1243766323E+03  0.1243766323E+03  0.1243766323E+03
L3 0.1481143493E+07  0.9813358052E+02  0.5340496546E+02  -.3513558405E+03
L4 -.6660576485E+02  0.1237040114E+05  0.1255948867E+05  0.1236057059E+05
L5 0.3729046039E+05  0.1132430558E+05  0.1199019631E+05  0.1610599375E+05
L6 0.3942049564E+05  -.4438616413E+06  0.4327715461E+05  -.5891755689E+06
L7 0.0000000000E+00  0.4849409614E+04  0.1318199755E+05  0.2035112461E+05
L8 0.5759019681E+04  0.5789522154E+05  0.0000000000E+00  0.0000000000E+00
L9 0.0000000000E+00  0.0000000000E+00  0.0000000000E+00  0.1036920678E+01  0.0000000000E+00
L0    90000  0.2900000000E+03  -.3516177205E+06  0.9286826655E+05
L1 0.3004205549E+03  0.3004205549E+03  -.4444859870E+12  0.1000000000E+01
L2 0.1000000000E+01  0.1243193532E+03  0.1243193532E+03  0.1243193532E+03
L3 0.1479101051E+07  -.5593060906E+02  -.1762818909E+02  -.1933011694E+03
L4 -.8895332252E+02  0.1251395985E+05  0.1248942890E+05  0.1236323871E+05
L5 0.3736662747E+05  0.1310935320E+05  0.1267708476E+05  0.1442097117E+05
L6 0.4020740912E+05  -.4444859870E+06  0.4405300160E+05  -.5903587698E+06
L7 0.0000000000E+00  0.4780385515E+04  0.1309173921E+05  0.2036916433E+05
L8 0.5777295856E+04  0.5780119621E+05  0.0000000000E+00  0.0000000000E+00
L9 0.0000000000E+00  0.0000000000E+00  0.0000000000E+00  0.1038352527E+01  0.0000000000E+00
L0    91000  0.2920000000E+03  -.3517469024E+06  0.9265676498E+05
L1 0.2997363662E+03  0.2997363662E+03  -.4444036674E+12  0.1000000000E+01
L2 0.1000000000E+01  0.1243481510E+03  0.1243481510E+03  0.1243481510E+03
L3 0.1480104380E+07  0.2403172752E+03  0.1373152378E+03  -.8129934985E+02
L4 0.9877772106E+02  0.1243324397E+05  0.1237735571E+05  0.1242587444E+05
L5 0.3723647412E+05  0.9873279631E+04  0.1091461396E+05  0.1329191055E+05
L6 0.3407980414E+05  -.4444036674E+06  0.4430443477E+05  -.5907546248E+06
L7 0.0000000000E+00  0.4811890344E+04  0.1320751700E+05  0.2028665119E+05
L8 0.5822052940E+04  0.5791841120E+05  0.0000000000E+00  0.0000000000E+00
L9 0.0000000000E+00  0.0000000000E+00  0.0000000000E+00  0.1037648651E+01  0.0000000000E+00
L0    92000  0.2940000000E+03  -.3523127146E+06  0.9256425111E+05
L1 0.2994370921E+03  0.2994370921E+03  -.4448769657E+12  0.1000000000E+01
L2 0.1000000000E+01  0.1243917240E+03  0.1243917240E+03  0.1243917240E+03
L3 0.1481666401E+07  0.4618786917E+02  0.1765831946E+03  -.5222876710E+02
L4 0.5684743221E+02  0.1243166559E+05  0.1240827208E+05  0.1241900202E+05
L5 0.3725893969E+05  0.1193913304E+05  0.1052524580E+05  0.1297595276E+05
L6 0.3544033160E+05  -.4448769657E+06  0.4479846716E+05  -.5916745443E+06
L7 0.0000000000E+00  0.4786902873E+04  0.1319352713E+05  0.2039526405E+05
L8 0.5771192074E+04  0.5785222540E+05  0.0000000000E+00  0.0000000000E+00
L9 0.0000000000E+00  0.0000000000E+00  0.0000000000E+00  0.1036554729E+01  0.0000000000E+00
L0    93000  0.2960000000E+03  -.3517695932E+06  0.9263467314E+05
L1 0.2996649011E+03  0.2996649011E+03  -.4444042663E+12  0.1000000000E+01
L2 0.1000000000E+01  0.1243809462E+03  0.1243809462E+03  0.1243809462E+03
L3 0.1481275380E+07  0.1238437584E+03  -.9119992608E+02  0.2723843331E+03
L4 0.1016760551E+03  0.1245073898E+05  0.1234683668E+05  0.1239185219E+05
L5 0.3718942786E+05  0.1113045757E+05  0.1331910665E+05  0.9487999986E+04
L6 0.3393756421E+05  -.4444042663E+06  0.4446126386E+05  -.5910125711E+06
L7 0.0000000000E+00  0.4944921511E+04  0.1313871022E+05  0.2043494888E+05
L8 0.5746960660E+04  0.5788149970E+05  0.0000000000E+00  0.0000000000E+00
L9 0.0000000000E+00  0.0000000000E+00  0.0000000000E+00  0.1036828354E+01  0.0000000000E+00
L0    94000  0.2980000000E+03  -.3515303323E+06  0.9270153756E+05
L1 0.2998812015E+03  0.2998812015E+03  -.4442318699E+12  0.1000000000E+01
L2 0.1000000000E+01  0.1244179031E+03  0.1244179031E+03  0.1244179031E+03
L3 0.1482614554E+07  -.1404787493E+03  0.7233147064E+02  -.4432746151E+02
L4 -.3749158006E+02  0.1241160342E+05  0.1242206321E+05  0.1235268773E+05
L5 0.3718635437E+05  0.1391058216E+05  0.1165025013E+05  0.1282568399E+05
L6 0.3838651628E+05  -.4442318699E+06  0.4393801547E+05  -.5898485120E+06
L7 0.0000000000E+00  0.4678500490E+04  0.1300039047E+05  0.2040759978E+05
L8 0.5760757233E+04  0.5783137873E+05  0.0000000000E+00  0.0000000000E+00
L9 0.0000000000E+00  0.0000000000E+00  0.0000000000E+00  0.1035891837E+01  0.0000000000E+00
L0    95000  0.3000000000E+03  -.3514829574E+06  0.9260022990E+05
L1 0.2995534803E+03  0.2995534803E+03  -.4440831873E+12  0.1000000000E+01
L2 0.1000000000E+01  0.1244182793E+03  0.1244182793E+03  0.1244182793E+03
L3 0.1482643461E+07  -.1134655240E+01  -.1218172240E+03  -.3401276145E+03
L4 -.1543598313E+03  0.1253496373E+05  0.1233068335E+05  0.1233442165E+05
L5 0.3720006873E+05  0.1254707130E+05  0.1363055959E+05  0.1596382470E+05
L6 0.4214145560E+05  -.4440831873E+06  0.4416960774E+05  -.5902544512E+06
L7 0.0000000000E+00  0.4776039203E+04  0.1308336924E+05  0.2045046249E+05
L8 0.5782128446E+04  0.5790965680E+05  0.0000000000E+00  0.0000000000E+00
L9 0.0000000000E+00  0.0000000000E+00  0.0000000000E+00  0.1035871640E+01  0.0000000000E+00
L0    96000  0.3020000000E+03  -.3514887354E+06  0.9277800029E+05
L1 0.3001285516E+03  0.3001285516E+03  -.4442667357E+12  0.1000000000E+01
L2 0.1000000000E+01  0.1244103709E+03  0.1244103709E+03  0.1244103709E+03
L3 0.1482362816E+07  -.6168991149E+02  -.2438744354E+03  -.2042962286E+03
L4 -.1699535252E+03  0.1249019210E+05  0.1253154746E+05  0.1249770750E+05
L5 0.3751944706E+05  0.1314834264E+05  0.1513336819E+05  0.1467728061E+05
L6 0.4295899144E+05  -.4442667357E+06  0.4404355906E+05  -.5902576125E+06
L7 0.0000000000E+00  0.4712630204E+04  0.1327601870E+05  0.2037252089E+05
L8 0.5767848203E+04  0.5781829971E+05  0.0000000000E+00  0.0000000000E+00
L9 0.0000000000E+00  0.0000000000E+00  0.0000000000E+00  0.1036067755E+01  0.0000000000E+00
L0    97000  0.3040000000E+03  -.3517783428E+06  0.9292951722E+05
L1 0.3006186954E+03  0.3006186954E+03  -.4447078600E+12  0.1000000000E+01
L2 0.1000000000E+01  0.1244124163E+03  0.1244124163E+03  0.1244124163E+03
L3 0.1482432826E+07  0.2661948921E+03  -.3126009907E+03  -.3929658444E+03
L4 -.1464573143E+03  0.1219257186E+05  0.1260804513E+05  0.1241650667E+05
L5 0.3721712365E+05  0.9352486968E+04  0.1594324567E+05  0.1660913541E+05
L6 0.4190486805E+05  -.4447078600E+06  0.4397059064E+05  -.5907429826E+06
L7 0.0000000000E+00  0.4832976774E+04  0.1315912890E+05  0.2043682346E+05
L8 0.5728191265E+04  0.5790741154E+05  0.0000000000E+00  0.0000000000E+00
L9 0.0000000000E+00  0.0000000000E+00  0.0000000000E+00  0.1036018825E+01  0.0000000000E+00
L0    98000  0.3060000000E+03  -.3514511253E+06  0.9288351604E+05
L1 0.3004698856E+03  0.3004698856E+03  -.4443346413E+12  0.1000000000E+01
L2 0.1000000000E+01  0.1243681011E+03  0.1243681011E+03  0.1243681011E+03
L3 0.1480840699E+07  -.2430266195E+03  -.1758105300E+03  0.1742812509E+03
L4 -.8151863289E+02  0.1238467229E+05  0.1247552578E+05  0.1247422555E+05
L5 0.3733442362E+05  0.1497478562E+05  0.1434926784E+05  0.1061678215E+05
L6 0.3994083561E+05  -.4443346413E+06  0.4391721082E+05  -.5901482356E+06
L7 0.0000000000E+00  0.4766427002E+04  0.1310267584E+05  0.2040467658E+05
L8 0.5758199631E+04  0.5786440446E+05  0.0000000000E+00  0.0000000000E+00
L9 0.0000000000E+00  0.0000000000E+00  0.0000000000E+00  0.1037132701E+01  0.0000000000E+00
L0    99000  0.3080000000E+03  -.3513920265E+06  0.9283985745E+05
L1 0.3003286540E+03  0.3003286540E+03  -.4442318840E+12  0.1000000000E+01
L2 0.1000000000E+01  0.1243187097E+03  0.1243187097E+03  0.1243187097E+03
L3 0.1479063029E+07  0.4564997916E+02  0.7048617473E+02  -.4069912017E+02
L4 0.2514567791E+02  0.1239192706E+05  0.1256020862E+05  0.1240910122E+05
L5 0.3736123690E+05  0.1190598573E+05  0.1180988745E+05  0.1284234095E+05
L6 0.3655821412E+05  -.4442318840E+06  0.4407612695E+05  -.5900803427E+06
L7 0.0000000000E+00  0.4681287047E+04  0.1311200896E+05  0.2039219619E+05
L8 0.5787275782E+04  0.5779956383E+05  0.0000000000E+00  0.0000000000E+00
L9 0.0000000000E+00  0.0000000000E+00  0.0000000000E+00  0.1038379220E+01  0.0000000000E+00
L0   100000  0.3100000000E+03  -.3520331236E+06  0.9281624932E+05
L1 0.3002522838E+03  0.3002522838E+03  -.4448493729E+12  0.1000000000E+01
L2 0.1000000000E+01  0.1243466951E+03  0.1243466951E+03  0.1243466951E+03
L3 0.1480063697E+07  0.3038994097E+02  0.7866640520E+02  -.6965871242E+02
L4 0.1313254458E+02  0.1264925968E+05  0.1241004121E+05  0.1233323132E+05
L5 0.3739253220E+05  0.1232554168E+05  0.1157207541E+05  0.1307524588E+05
L6 0.3697286298E+05  -.4448493729E+06  0.4465889062E+05  -.5915617135E+06
L7 0.0000000000E+00  0.4814992712E+04  0.1316664562E+05  0.2038090280E+05
L8 0.5697841133E+04  0.5799306770E+05  0.0000000000E+00  0.0000000000E+00
L9 0.0000000000E+00  0.0000000000E+00  0.0000000000E+00  0.1037677174E+01  0.0000000000E+00
