L0  Nsteps           time(ps)         Etot             EKinetic        
L1  Temp             T_solute         T_solv           Pres_scal_solu  
L2  Pres_scal_solv   BoxX             BoxY             BoxZ            
L3  volume           pres_X           pres_Y           pres_Z          
L4  Pressure         EKCoM_x          EKCoM_y          EKCoM_z         
L5  EKComTot         VIRIAL_x         VIRIAL_y         VIRIAL_z        
L6  VIRIAL_tot       E_pot            E_vdw            E_el            
L7  E_hbon           E_bon            E_angle          E_dih           
L8  E_14vdw          E_14el           E_const          E_pol           
L9  AV_permMoment    AV_indMoment     AV_totMoment     Density          dV/dlambda      
L0     1000  0.1120000000E+03  -.3115439915E+06  0.8333909274E+05
L1 0.2998000155E+03  0.2998000155E+03  -.3948830843E+12  0.1000000000E+01
L2 0.1000000000E+01  0.1198196580E+03  0.1198196580E+03  0.1198196580E+03
L3 0.1324242354E+07  -.3491188261E+02  0.1312664473E+02  -.3710769632E+03
L4 -.1309540670E+03  0.1095560766E+05  0.1093180600E+05  0.1079938160E+05
L5 0.3268679526E+05  0.1128834177E+05  0.1080670010E+05  0.1433599874E+05
L6 0.3643104062E+05  -.3948830843E+06  0.3669089719E+05  -.5330331683E+06
L7 0.0000000000E+00  0.4653737417E+04  0.1290227787E+05  0.2031896830E+05
L8 0.5835289462E+04  0.5774891379E+05  0.0000000000E+00  0.0000000000E+00
L9 0.0000000000E+00  0.0000000000E+00  0.0000000000E+00  0.1041874113E+01  0.0000000000E+00
L0     2000  0.1140000000E+03  -.3111068687E+06  0.8361720934E+05
L1 0.3008004988E+03  0.3008004988E+03  -.3947240781E+12  0.1000000000E+01
L2 0.1000000000E+01  0.1198778848E+03  0.1198778848E+03  0.1198778848E+03
L3 0.1326156229E+07  0.8202208050E+02  -.1478659719E+03  0.1199495217E+03
L4 0.1803521009E+02  0.1091847385E+05  0.1092811229E+05  0.1104228955E+05
L5 0.3288887570E+05  0.1013561755E+05  0.1233941285E+05  0.9897436387E+04
L6 0.3237246678E+05  -.3947240781E+06  0.3724490776E+05  -.5332159386E+06
L7 0.0000000000E+00  0.4761389245E+04  0.1281325466E+05  0.2035701257E+05
L8 0.5801429567E+04  0.5751386675E+05  0.0000000000E+00  0.0000000000E+00
L9 0.0000000000E+00  0.0000000000E+00  0.0000000000E+00  0.1040370507E+01  0.0000000000E+00
L0     3000  0.1160000000E+03  -.3112766013E+06  0.8349920053E+05
L1 0.3003759796E+03  0.3003759796E+03  -.3947758018E+12  0.1000000000E+01
L2 0.1000000000E+01  0.1198676713E+03  0.1198676713E+03  0.1198676713E+03
L3 0.1325831733E+07  -.1254802862E+03  0.1275406407E+03  -.3141712920E+03
L4 -.1040369792E+03  0.1081988290E+05  0.1098226659E+05  0.1109955364E+05
L5 0.3290170312E+05  0.1201723116E+05  0.9765258168E+04  0.1409741460E+05
L6 0.3587990393E+05  -.3947758018E+06  0.3665494081E+05  -.5329374759E+06
L7 0.0000000000E+00  0.4739150489E+04  0.1298109014E+05  0.2042122628E+05
L8 0.5794783218E+04  0.5757048313E+05  0.0000000000E+00  0.0000000000E+00
L9 0.0000000000E+00  0.0000000000E+00  0.0000000000E+00  0.1040625136E+01  0.0000000000E+00
L0     4000  0.1180000000E+03  -.3112788681E+06  0.8346622593E+05
L1 0.3002573583E+03  0.3002573583E+03  -.3947450940E+12  0.1000000000E+01
L2 0.1000000000E+01  0.1197926188E+03  0.1197926188E+03  0.1197926188E+03
L3 0.1323326865E+07  -.1408688734E+03  0.2538045642E+03  -.1826412374E+02
L4 0.3155718902E+02  0.1096204825E+05  0.1090371788E+05  0.1088326225E+05
L5 0.3274902837E+05  0.1230369675E+05  0.8486459150E+04  0.1105721149E+05
L6 0.3184736739E+05  -.3947450940E+06  0.3639836779E+05  -.5323581041E+06
L7 0.0000000000E+00  0.4750991287E+04  0.1303211119E+05  0.2034916585E+05
L8 0.5751553821E+04  0.5733082018E+05  0.0000000000E+00  0.0000000000E+00
L9 0.0000000000E+00  0.0000000000E+00  0.0000000000E+00  0.1042594891E+01  0.0000000000E+00
L0     5000  0.1200000000E+03  -.3113289856E+06  0.8346999161E+05
L1 0.3002709048E+03  0.3002709048E+03  -.3947989772E+12  0.1000000000E+01
L2 0.1000000000E+01  0.1198199508E+03  0.1198199508E+03  0.1198199508E+03
L3 0.1324214116E+07  0.1460678855E+03  0.2242152241E+03  0.2006041332E+03
L4 0.1902957476E+03  0.1089560923E+05  0.1083459154E+05  0.1081900120E+05
L5 0.3254920197E+05  0.9503512105E+04  0.8697712743E+04  0.8907147433E+04
L6 0.2710837228E+05  -.3947989772E+06  0.3682602540E+05  -.5331005864E+06
L7 0.0000000000E+00  0.4877383906E+04  0.1307742264E+05  0.2042715234E+05
L8 0.5730239896E+04  0.5736338508E+05  0.0000000000E+00  0.0000000000E+00
L9 0.0000000000E+00  0.0000000000E+00  0.0000000000E+00  0.1041896330E+01  0.0000000000E+00
L0     6000  0.1220000000E+03  -.3117932734E+06  0.8349200708E+05
L1 0.3003501022E+03  0.3003501022E+03  -.3952852804E+12  0.1000000000E+01
L2 0.1000000000E+01  0.1198210208E+03  0.1198210208E+03  0.1198210208E+03
L3 0.1324264362E+07  0.1690453581E+03  -.2481149088E+03  0.2748302114E+03
L4 0.6525355358E+02  0.1103185467E+05  0.1093009500E+05  0.1082322593E+05
L5 0.3278517561E+05  0.9420710066E+04  0.1329483901E+05  0.8203862600E+04
L6 0.3091941167E+05  -.3952852804E+06  0.3691130729E+05  -.5333917112E+06
L7 0.0000000000E+00  0.4684151270E+04  0.1294103613E+05  0.2032740787E+05
L8 0.5772511275E+04  0.5747001688E+05  0.0000000000E+00  0.0000000000E+00
L9 0.0000000000E+00  0.0000000000E+00  0.0000000000E+00  0.1041856798E+01  0.0000000000E+00
L0     7000  0.1240000000E+03  -.3118117119E+06  0.8324892649E+05
L1 0.2994756559E+03  0.2994756559E+03  -.3950606384E+12  0.1000000000E+01
L2 0.1000000000E+01  0.1198335467E+03  0.1198335467E+03  0.1198335467E+03
L3 0.1324672298E+07  0.8781344939E+02  0.3145444506E+03  -.1821860297E+02
L4 0.1280464323E+03  0.1096654682E+05  0.1084115065E+05  0.1080479775E+05
L5 0.3261249522E+05  0.1012935289E+05  0.7842353692E+04  0.1097848986E+05
L6 0.2895019645E+05  -.3950606384E+06  0.3678505657E+05  -.5332691675E+06
L7 0.0000000000E+00  0.4733826902E+04  0.1313614674E+05  0.2034086500E+05
L8 0.5718882999E+04  0.5749375088E+05  0.0000000000E+00  0.0000000000E+00
L9 0.0000000000E+00  0.0000000000E+00  0.0000000000E+00  0.1041535956E+01  0.0000000000E+00
L0     8000  0.1260000000E+03  -.3114732194E+06  0.8331230488E+05
L1 0.2997036502E+03  0.2997036502E+03  -.3947855242E+12  0.1000000000E+01
L2 0.1000000000E+01  0.1198117480E+03  0.1198117480E+03  0.1198117480E+03
L3 0.1323954537E+07  0.1521618843E+03  0.3476257909E+02  0.6982468417E+02
L4 0.8558304920E+02  0.1100923008E+05  0.1104416251E+05  0.1092420168E+05
L5 0.3297759427E+05  0.9559338495E+04  0.1071292338E+05  0.1025886934E+05
L6 0.3053113121E+05  -.3947855242E+06  0.3711743726E+05  -.5333461130E+06
L7 0.0000000000E+00  0.4654631818E+04  0.1298653352E+05  0.2039572890E+05
L8 0.5797990223E+04  0.5760826706E+05  0.0000000000E+00  0.0000000000E+00
L9 0.0000000000E+00  0.0000000000E+00  0.0000000000E+00  0.1042100608E+01  0.0000000000E+00
L0     9000  0.1280000000E+03  -.3111043057E+06  0.8358289192E+05
L1 0.3006770469E+03  0.3006770469E+03  -.3946871976E+12  0.1000000000E+01
L2 0.1000000000E+01  0.1198437662E+03  0.1198437662E+03  0.1198437662E+03
L3 0.1325024987E+07  -.2352512223E+02  0.1791509241E+03  -.1205871847E+03
L4 0.1167953906E+02  0.1092446232E+05  0.1098888538E+05  0.1090179395E+05
L5 0.3281514164E+05  0.1114880533E+05  0.9280445495E+04  0.1205175148E+05
L6 0.3248100231E+05  -.3946871976E+06  0.3708604591E+05  -.5332359006E+06
L7 0.0000000000E+00  0.4797871337E+04  0.1300414876E+05  0.2037010627E+05
L8 0.5767805979E+04  0.5752272472E+05  0.0000000000E+00  0.0000000000E+00
L9 0.0000000000E+00  0.0000000000E+00  0.0000000000E+00  0.1041258725E+01  0.0000000000E+00
L0    10000  0.1300000000E+03  -.3108556510E+06  0.8387772650E+05
L1 0.3017376706E+03  0.3017376706E+03  -.3947333775E+12  0.1000000000E+01
L2 0.1000000000E+01  0.1197771901E+03  0.1197771901E+03  0.1197771901E+03
L3 0.1322815398E+07  0.7864974997E+02  0.8859988485E+01  0.1271465602E+02
L4 0.3340813149E+02  0.1101685286E+05  0.1095968947E+05  0.1098067452E+05
L5 0.3295721685E+05  0.1026807470E+05  0.1087533871E+05  0.1085962574E+05
L6 0.3200303915E+05  -.3947333775E+06  0.3687373742E+05  -.5330446876E+06
L7 0.0000000000E+00  0.4717726075E+04  0.1295873002E+05  0.2037261408E+05
L8 0.5750783549E+04  0.5763771888E+05  0.0000000000E+00  0.0000000000E+00
L9 0.0000000000E+00  0.0000000000E+00  0.0000000000E+00  0.1042998010E+01  0.0000000000E+00
L0    11000  0.1320000000E+03  -.3113302031E+06  0.8344426247E+05
L1 0.3001783480E+03  0.3001783480E+03  -.3947744656E+12  0.1000000000E+01
L2 0.1000000000E+01  0.1198389929E+03  0.1198389929E+03  0.1198389929E+03
L3 0.1324848748E+07  0.5588887727E+02  0.2899528391E+03  0.1440728891E+03
L4 0.1633048685E+03  0.1101611372E+05  0.1093920766E+05  0.1090489209E+05
L5 0.3286021347E+05  0.1048321060E+05  0.8174493442E+04  0.9531150187E+04
L6 0.2818885423E+05  -.3947744656E+06  0.3693476510E+05  -.5332126014E+06
L7 0.0000000000E+00  0.4717094643E+04  0.1295700135E+05  0.2050787756E+05
L8 0.5758652918E+04  0.5756274427E+05  0.0000000000E+00  0.0000000000E+00
L9 0.0000000000E+00  0.0000000000E+00  0.0000000000E+00  0.1041397238E+01  0.0000000000E+00
L0    12000  0.1340000000E+03  -.3115426795E+06  0.8352071420E+05
L1 0.3004533718E+03  0.3004533718E+03  -.3950633937E+12  0.1000000000E+01
L2 0.1000000000E+01  0.1197986361E+03  0.1197986361E+03  0.1197986361E+03
L3 0.1323528949E+07  0.9356876425E+02  0.1276331810E+02  -.7919429490E+02
L4 0.9045929149E+01  0.1098415920E+05  0.1089338755E+05  0.1104988503E+05
L5 0.3292743179E+05  0.1009286533E+05  0.1077180994E+05  0.1180425418E+05
L6 0.3266892946E+05  -.3950633937E+06  0.3619018995E+05  -.5324014413E+06
L7 0.0000000000E+00  0.4682950055E+04  0.1284155506E+05  0.2032178087E+05
L8 0.5745092249E+04  0.5755647944E+05  0.0000000000E+00  0.0000000000E+00
L9 0.0000000000E+00  0.0000000000E+00  0.0000000000E+00  0.1042435701E+01  0.0000000000E+00
L0    13000  0.1360000000E+03  -.3121887177E+06  0.8285798429E+05
L1 0.2980692993E+03  0.2980692993E+03  -.3950467020E+12  0.1000000000E+01
L2 0.1000000000E+01  0.1197553057E+03  0.1197553057E+03  0.1197553057E+03
L3 0.1322091415E+07  -.8339356312E+02  0.2042215351E+03  -.4487603211E+02
L4 0.2531731329E+02  0.1076044112E+05  0.1080712925E+05  0.1085309595E+05
L5 0.3242066632E+05  0.1155394781E+05  0.8863919853E+04  0.1128010052E+05
L6 0.3169796818E+05  -.3950467020E+06  0.3673775545E+05  -.5331585227E+06
L7 0.0000000000E+00  0.4815420231E+04  0.1300264314E+05  0.2040001112E+05
L8 0.5747913261E+04  0.5740807752E+05  0.0000000000E+00  0.0000000000E+00
L9 0.0000000000E+00  0.0000000000E+00  0.0000000000E+00  0.1043569161E+01  0.0000000000E+00
L0    14000  0.1380000000E+03  -.3117649671E+06  0.8332393292E+05
L1 0.2997454804E+03  0.2997454804E+03  -.3950889001E+12  0.1000000000E+01
L2 0.1000000000E+01  0.1197564047E+03  0.1197564047E+03  0.1197564047E+03
L3 0.1322120848E+07  0.7223539476E+01  -.1588889523E+02  0.2618217058E+03
L4 0.8438545003E+02  0.1085961380E+05  0.1075274318E+05  0.1087689560E+05
L5 0.3248925259E+05  0.1079087883E+05  0.1090393261E+05  0.8385553419E+04
L6 0.3008036486E+05  -.3950889001E+06  0.3683631205E+05  -.5333906746E+06
L7 0.0000000000E+00  0.4710869716E+04  0.1299082287E+05  0.2035916945E+05
L8 0.5774347972E+04  0.5763025247E+05  0.0000000000E+00  0.0000000000E+00
L9 0.0000000000E+00  0.0000000000E+00  0.0000000000E+00  0.1043545929E+01  0.0000000000E+00
L0    15000  0.1400000000E+03  -.3124732818E+06  0.8326731821E+05
L1 0.2995418173E+03  0.2995418173E+03  -.3957406000E+12  0.1000000000E+01
L2 0.1000000000E+01  0.1197443436E+03  0.1197443436E+03  0.1197443436E+03
L3 0.1321744941E+07  -.1471676915E+03  -.1273324377E+03  -.7084712601E+02
L4 -.1151157517E+03  0.1086640502E+05  0.1084836300E+05  0.1093748018E+05
L5 0.3265224819E+05  0.1226636852E+05  0.1205963949E+05  0.1161142831E+05
L6 0.3593743633E+05  -.3957406000E+06  0.3701605861E+05  -.5339444457E+06
L7 0.0000000000E+00  0.4746099563E+04  0.1305541108E+05  0.2028279072E+05
L8 0.5737614683E+04  0.5736587109E+05  0.0000000000E+00  0.0000000000E+00
L9 0.0000000000E+00  0.0000000000E+00  0.0000000000E+00  0.1043842715E+01  0.0000000000E+00
L0    16000  0.1420000000E+03  -.3118642157E+06  0.8345524730E+05
L1 0.3002178643E+03  0.3002178643E+03  -.3953194630E+12  0.1000000000E+01
L2 0.1000000000E+01  0.1197814393E+03  0.1197814393E+03  0.1197814393E+03
L3 0.1322948706E+07  0.1935919688E+03  0.6181007536E+02  0.3504084721E+02
L4 0.9681429713E+02  0.1074011454E+05  0.1090455333E+05  0.1100496321E+05
L5 0.3264963108E+05  0.8896853169E+04  0.1031603653E+05  0.1067132623E+05
L6 0.2988421593E+05  -.3953194630E+06  0.3730892210E+05  -.5339718977E+06
L7 0.0000000000E+00  0.4765364317E+04  0.1300171409E+05  0.2042075334E+05
L8 0.5757611065E+04  0.5739806973E+05  0.0000000000E+00  0.0000000000E+00
L9 0.0000000000E+00  0.0000000000E+00  0.0000000000E+00  0.1042892912E+01  0.0000000000E+00
L0    17000  0.1440000000E+03  -.3122341729E+06  0.8314152290E+05
L1 0.2990892874E+03  0.2990892874E+03  -.3953756958E+12  0.1000000000E+01
L2 0.1000000000E+01  0.1197708348E+03  0.1197708348E+03  0.1197708348E+03
L3 0.1322605581E+07  0.2338825283E+02  0.1430580860E+03  -.8493882102E+02
L4 0.2716917261E+02  0.1083830280E+05  0.1081510814E+05  0.1097704233E+05
L5 0.3263045326E+05  0.1061567227E+05  0.9453351997E+04  0.1178556678E+05
L6 0.3185459105E+05  -.3953756958E+06  0.3691403440E+05  -.5333493084E+06
L7 0.0000000000E+00  0.4802887515E+04  0.1293000794E+05  0.2027616447E+05
L8 0.5740667051E+04  0.5730985122E+05  0.0000000000E+00  0.0000000000E+00
L9 0.0000000000E+00  0.0000000000E+00  0.0000000000E+00  0.1043163470E+01  0.0000000000E+00
L0    18000  0.1460000000E+03  -.3111571781E+06  0.8365691969E+05
L1 0.3009433508E+03  0.3009433508E+03  -.3948140978E+12  0.1000000000E+01
L2 0.1000000000E+01  0.1197138404E+03  0.1197138404E+03  0.1197138404E+03
L3 0.1320722970E+07  -.2433829790E+02  -.1160133278E+03  0.1041404056E+03
L4 -.1207040672E+02  0.1098097007E+05  0.1102180547E+05  0.1084856353E+05
L5 0.3285133906E+05  0.1121231421E+05  0.1212455325E+05  0.9858672077E+04
L6 0.3319553954E+05  -.3948140978E+06  0.3608744123E+05  -.5321505187E+06
L7 0.0000000000E+00  0.4758055689E+04  0.1298345976E+05  0.2031680531E+05
L8 0.5758018233E+04  0.5743264061E+05  0.0000000000E+00  0.0000000000E+00
L9 0.0000000000E+00  0.0000000000E+00  0.0000000000E+00  0.1044650437E+01  0.0000000000E+00
L0    19000  0.1480000000E+03  -.3116111718E+06  0.8367943502E+05
L1 0.3010243464E+03  0.3010243464E+03  -.3952906068E+12  0.1000000000E+01
L2 0.1000000000E+01  0.1197848245E+03  0.1197848245E+03  0.1197848245E+03
L3 0.1323072563E+07  0.8770700251E+01  -.1287429403E+02  -.2621237511E+01
L4 -.2241610429E+01  0.1093892949E+05  0.1096684656E+05  0.1113485030E+05
L5 0.3304062635E+05  0.1085541256E+05  0.1108943899E+05  0.1115981042E+05
L6 0.3310466197E+05  -.3952906068E+06  0.3647949893E+05  -.5329690718E+06
L7 0.0000000000E+00  0.4727779757E+04  0.1290494994E+05  0.2029265988E+05
L8 0.5748131735E+04  0.5752544480E+05  0.0000000000E+00  0.0000000000E+00
L9 0.0000000000E+00  0.0000000000E+00  0.0000000000E+00  0.1042795283E+01  0.0000000000E+00
L0    20000  0.1500000000E+03  -.3116540518E+06  0.8334665565E+05
L1 0.2998272220E+03  0.2998272220E+03  -.3950007074E+12  0.1000000000E+01
L2 0.1000000000E+01  0.1197380914E+03  0.1197380914E+03  0.1197380914E+03
L3 0.1321525773E+07  0.1295668830E+03  0.6081007452E+02  -.2266887150E+03
L4 -.1210391915E+02  0.1096244820E+05  0.1078525978E+05  0.1084429408E+05
L5 0.3259200206E+05  0.9730120444E+04  0.1020688713E+05  0.1300036042E+05
L6 0.3293736799E+05  -.3950007074E+06  0.3670331914E+05  -.5332861384E+06
L7 0.0000000000E+00  0.4778773836E+04  0.1306196097E+05  0.2029342849E+05
L8 0.5813828633E+04  0.5763411993E+05  0.0000000000E+00  0.0000000000E+00
L9 0.0000000000E+00  0.0000000000E+00  0.0000000000E+00  0.1044015831E+01  0.0000000000E+00
L0    21000  0.1520000000E+03  -.3117791168E+06  0.8318276907E+05
L1 0.2992376644E+03  0.2992376644E+03  -.3949618859E+12  0.1000000000E+01
L2 0.1000000000E+01  0.1197415821E+03  0.1197415821E+03  0.1197415821E+03
L3 0.1321636425E+07  0.3474702856E+03  -.1741195141E+03  -.8422979910E+02
L4 0.2970699080E+02  0.1101756674E+05  0.1083679259E+05  0.1089255056E+05
L5 0.3274690988E+05  0.7712454205E+04  0.1249300496E+05  0.1169373839E+05
L6 0.3189919756E+05  -.3949618859E+06  0.3684137562E+05  -.5331213608E+06
L7 0.0000000000E+00  0.4742241516E+04  0.1305063279E+05  0.2022691618E+05
L8 0.5753067540E+04  0.5754524132E+05  0.0000000000E+00  0.0000000000E+00
L9 0.0000000000E+00  0.0000000000E+00  0.0000000000E+00  0.1043928422E+01  0.0000000000E+00
L0    22000  0.1540000000E+03  -.3121722507E+06  0.8323169165E+05
L1 0.2994136561E+03  0.2994136561E+03  -.3954039423E+12  0.1000000000E+01
L2 0.1000000000E+01  0.1197561223E+03  0.1197561223E+03  0.1197561223E+03
L3 0.1322135417E+07  0.1360773251E+03  -.2879272006E+03  -.2035338821E+03
L4 -.1184612526E+03  0.1087907863E+05  0.1082131731E+05  0.1080612207E+05
L5 0.3250651800E+05  0.9584232139E+04  0.1356109430E+05  0.1274285276E+05
L6 0.3588817920E+05  -.3954039423E+06  0.3702390513E+05  -.5337593616E+06
L7 0.0000000000E+00  0.4800428565E+04  0.1284610037E+05  0.2027689022E+05
L8 0.5804147079E+04  0.5760394798E+05  0.0000000000E+00  0.0000000000E+00
L9 0.0000000000E+00  0.0000000000E+00  0.0000000000E+00  0.1043534430E+01  0.0000000000E+00
L0    23000  0.1560000000E+03  -.3121515848E+06  0.8305493999E+05
L1 0.2987778182E+03  0.2987778182E+03  -.3952065248E+12  0.1000000000E+01
L2 0.1000000000E+01  0.1196944943E+03  0.1196944943E+03  0.1196944943E+03
L3 0.1320087120E+07  0.2171452477E+03  -.3262380937E+03  -.3777352784E+02
L4 -.4895545796E+02  0.1075542190E+05  0.1082750287E+05  0.1082614036E+05
L5 0.3240906513E+05  0.8692373087E+04  0.1392701860E+05  0.1118501827E+05
L6 0.3380440996E+05  -.3952065248E+06  0.3643538408E+05  -.5327592221E+06
L7 0.0000000000E+00  0.4764473671E+04  0.1284114764E+05  0.2019852338E+05
L8 0.5719616979E+04  0.5759355157E+05  0.0000000000E+00  0.0000000000E+00
L9 0.0000000000E+00  0.0000000000E+00  0.0000000000E+00  0.1045153616E+01  0.0000000000E+00
L0    24000  0.1580000000E+03  -.3120253821E+06  0.8323682894E+05
L1 0.2994321367E+03  0.2994321367E+03  -.3952622111E+12  0.1000000000E+01
L2 0.1000000000E+01  0.1197106931E+03  0.1197106931E+03  0.1197106931E+03
L3 0.1320621263E+07  0.1578189156E+02  -.8341299208E+02  -.3117591677E+02
L4 -.3293567243E+02  0.1091519758E+05  0.1075102568E+05  0.1094192230E+05
L5 0.3260814557E+05  0.1076519666E+05  0.1154383467E+05  0.1123823762E+05
L6 0.3354726896E+05  -.3952622111E+06  0.3701845060E+05  -.5335827105E+06
L7 0.0000000000E+00  0.4817525598E+04  0.1290201190E+05  0.2029785813E+05
L8 0.5730961872E+04  0.5755369134E+05  0.0000000000E+00  0.0000000000E+00
L9 0.0000000000E+00  0.0000000000E+00  0.0000000000E+00  0.1044730890E+01  0.0000000000E+00
L0    25000  0.1600000000E+03  -.3125707963E+06  0.8319187473E+05
L1 0.2992704206E+03  0.2992704206E+03  -.3957626711E+12  0.1000000000E+01
L2 0.1000000000E+01  0.1197336895E+03  0.1197336895E+03  0.1197336895E+03
L3 0.1321378071E+07  -.9086992212E+02  0.5787272351E+02  0.4646849754E+02
L4 0.4490432977E+01  0.1102239584E+05  0.1084824726E+05  0.1095897426E+05
L5 0.3282961737E+05  0.1188657509E+05  0.1029787366E+05  0.1051705564E+05
L6 0.3270150438E+05  -.3957626711E+06  0.3671989650E+05  -.5338322353E+06
L7 0.0000000000E+00  0.4815436681E+04  0.1314466756E+05  0.2023899578E+05
L8 0.5749956894E+04  0.5740061081E+05  0.0000000000E+00  0.0000000000E+00
L9 0.0000000000E+00  0.0000000000E+00  0.0000000000E+00  0.1044132529E+01  0.0000000000E+00
L0    26000  0.1620000000E+03  -.3119878466E+06  0.8367873407E+05
L1 0.3010218248E+03  0.3010218248E+03  -.3956665807E+12  0.1000000000E+01
L2 0.1000000000E+01  0.1197231085E+03  0.1197231085E+03  0.1197231085E+03
L3 0.1321027490E+07  -.9233150445E+01  -.2086118875E+02  0.5114344458E+02
L4 0.7016368461E+01  0.1101641755E+05  0.1079955793E+05  0.1083820481E+05
L5 0.3265418029E+05  0.1110420216E+05  0.1099789664E+05  0.1035195616E+05
L6 0.3245405496E+05  -.3956665807E+06  0.3681233188E+05  -.5337641363E+06
L7 0.0000000000E+00  0.4825972978E+04  0.1293978861E+05  0.2024404454E+05
L8 0.5767639129E+04  0.5750777843E+05  0.0000000000E+00  0.0000000000E+00
L9 0.0000000000E+00  0.0000000000E+00  0.0000000000E+00  0.1044409627E+01  0.0000000000E+00
L0    27000  0.1640000000E+03  -.3111093954E+06  0.8352068571E+05
L1 0.3004532693E+03  0.3004532693E+03  -.3946300811E+12  0.1000000000E+01
L2 0.1000000000E+01  0.1198153574E+03  0.1198153574E+03  0.1198153574E+03
L3 0.1324074693E+07  -.8046235137E+02  0.2302260550E+03  0.9434772112E+02
L4 0.8137047490E+02  0.1084395925E+05  0.1098310085E+05  0.1097864698E+05
L5 0.3280570708E+05  0.1161072337E+05  0.8789166964E+04  0.1007956254E+05
L6 0.3047945288E+05  -.3946300811E+06  0.3646008081E+05  -.5323843350E+06
L7 0.0000000000E+00  0.4767835992E+04  0.1308269653E+05  0.2030798456E+05
L8 0.5726360763E+04  0.5740929524E+05  0.0000000000E+00  0.0000000000E+00
L9 0.0000000000E+00  0.0000000000E+00  0.0000000000E+00  0.1042006041E+01  0.0000000000E+00
L0    28000  0.1660000000E+03  -.3116491968E+06  0.8317151120E+05
L1 0.2991971659E+03  0.2991971659E+03  -.3948207080E+12  0.1000000000E+01
L2 0.1000000000E+01  0.1197368383E+03  0.1197368383E+03  0.1197368383E+03
L3 0.1321463490E+07  0.1689638620E+03  0.1006864080E+03  0.2231715822E+03
L4 0.1642739507E+03  0.1093055459E+05  0.1073758718E+05  0.1069882514E+05
L5 0.3236696691E+05  0.9323592707E+04  0.9779990577E+04  0.8576310762E+04
L6 0.2767989405E+05  -.3948207080E+06  0.3647012764E+05  -.5326243080E+06
L7 0.0000000000E+00  0.4700315663E+04  0.1301806136E+05  0.2035379489E+05
L8 0.5768223501E+04  0.5749307697E+05  0.0000000000E+00  0.0000000000E+00
L9 0.0000000000E+00  0.0000000000E+00  0.0000000000E+00  0.1044065037E+01  0.0000000000E+00
L0    29000  0.1680000000E+03  -.3122185249E+06  0.8316303147E+05
L1 0.2991666613E+03  0.2991666613E+03  -.3953815564E+12  0.1000000000E+01
L2 0.1000000000E+01  0.1197539317E+03  0.1197539317E+03  0.1197539317E+03
L3 0.1322032040E+07  0.1582430932E+03  0.1955545161E+03  0.7496917063E+02
L4 0.1429222600E+03  0.1094343273E+05  0.1097446117E+05  0.1069384381E+05
L5 0.3261173771E+05  0.9437785172E+04  0.9113803786E+04  0.9980528954E+04
L6 0.2853211791E+05  -.3953815564E+06  0.3665586472E+05  -.5333001469E+06
L7 0.0000000000E+00  0.4862066705E+04  0.1292611465E+05  0.2033371246E+05
L8 0.5720195259E+04  0.5742063668E+05  0.0000000000E+00  0.0000000000E+00
L9 0.0000000000E+00  0.0000000000E+00  0.0000000000E+00  0.1043616029E+01  0.0000000000E+00
L0    30000  0.1700000000E+03  -.3119162104E+06  0.8318585710E+05
L1 0.2992487731E+03  0.2992487731E+03  -.3951020675E+12  0.1000000000E+01
L2 0.1000000000E+01  0.1197135825E+03  0.1197135825E+03  0.1197135825E+03
L3 0.1320714167E+07  0.3337323486E+02  -.1054099131E+03  0.4260958865E+02
L4 -.9809029854E+01  0.1085597943E+05  0.1092796113E+05  0.1100168888E+05
L5 0.3278562944E+05  0.1053875713E+05  0.1192991302E+05  0.1059667234E+05
L6 0.3306534249E+05  -.3951020675E+06  0.3697229034E+05  -.5333562608E+06
L7 0.0000000000E+00  0.4692881590E+04  0.1286851889E+05  0.2028543113E+05
L8 0.5805336974E+04  0.5762973440E+05  0.0000000000E+00  0.0000000000E+00
L9 0.0000000000E+00  0.0000000000E+00  0.0000000000E+00  0.1044657400E+01  0.0000000000E+00
L0    31000  0.1720000000E+03  -.3116059347E+06  0.8335514138E+05
L1 0.2998577482E+03  0.2998577482E+03  -.3949610761E+12  0.1000000000E+01
L2 0.1000000000E+01  0.1197429873E+03  0.1197429873E+03  0.1197429873E+03
L3 0.1321693220E+07  0.1399461199E+03  -.3565443943E+03  0.4451698696E+02
L4 -.5736042915E+02  0.1097474041E+05  0.1083981477E+05  0.1090863060E+05
L5 0.3272318577E+05  0.9643525711E+04  0.1423138531E+05  0.1048517000E+05
L6 0.3436008103E+05  -.3949610761E+06  0.3674874212E+05  -.5330571037E+06
L7 0.0000000000E+00  0.4755298696E+04  0.1316551749E+05  0.2030940748E+05
L8 0.5702901062E+04  0.5741416075E+05  0.0000000000E+00  0.0000000000E+00
L9 0.0000000000E+00  0.0000000000E+00  0.0000000000E+00  0.1043883563E+01  0.0000000000E+00
L0    32000  0.1740000000E+03  -.3114498990E+06  0.8332619725E+05
L1 0.2997536259E+03  0.2997536259E+03  -.3947760962E+12  0.1000000000E+01
L2 0.1000000000E+01  0.1197765401E+03  0.1197765401E+03  0.1197765401E+03
L3 0.1322787649E+07  0.1987340699E+03  0.1567526376E+03  -.9724034786E+02
L4 0.8608211988E+02  0.1087562557E+05  0.1094469663E+05  0.1091145858E+05
L5 0.3273178078E+05  0.8983634697E+04  0.9452377978E+04  0.1183720750E+05
L6 0.3027322017E+05  -.3947760962E+06  0.3685404342E+05  -.5330133134E+06
L7 0.0000000000E+00  0.4820823972E+04  0.1311509587E+05  0.2031265034E+05
L8 0.5722607331E+04  0.5741199628E+05  0.0000000000E+00  0.0000000000E+00
L9 0.0000000000E+00  0.0000000000E+00  0.0000000000E+00  0.1043019890E+01  0.0000000000E+00
L0    33000  0.1760000000E+03  -.3116392552E+06  0.8372413446E+05
L1 0.3011851460E+03  0.3011851460E+03  -.3953633896E+12  0.1000000000E+01
L2 0.1000000000E+01  0.1197546587E+03  0.1197546587E+03  0.1197546587E+03
L3 0.1322079545E+07  0.2507684395E+02  -.8738661817E+02  -.1048924401E+03
L4 -.5573407145E+02  0.1086674958E+05  0.1094955375E+05  0.1103604651E+05
L5 0.3285234983E+05  0.1062814046E+05  0.1178104771E+05  0.1203411042E+05
L6 0.3444329859E+05  -.3953633896E+06  0.3677371172E+05  -.5333273988E+06
L7 0.0000000000E+00  0.4667995976E+04  0.1292886326E+05  0.2035960445E+05
L8 0.5758838974E+04  0.5747499475E+05  0.0000000000E+00  0.0000000000E+00
L9 0.0000000000E+00  0.0000000000E+00  0.0000000000E+00  0.1043578530E+01  0.0000000000E+00
L0    34000  0.1780000000E+03  -.3120645153E+06  0.8327015358E+05
L1 0.2995520172E+03  0.2995520172E+03  -.3953346689E+12  0.1000000000E+01
L2 0.1000000000E+01  0.1197419934E+03  0.1197419934E+03  0.1197419934E+03
L3 0.1321657445E+07  0.1413237279E+03  -.7703313336E+02  -.1635290885E+03
L4 -.3307949799E+02  0.1080166299E+05  0.1093781490E+05  0.1078336624E+05
L5 0.3252284413E+05  0.9457380412E+04  0.1167056022E+05  0.1233886799E+05
L6 0.3346680861E+05  -.3953346689E+06  0.3630700724E+05  -.5328725038E+06
L7 0.0000000000E+00  0.4740245463E+04  0.1291855427E+05  0.2031963476E+05
L8 0.5744737482E+04  0.5750765572E+05  0.0000000000E+00  0.0000000000E+00
L9 0.0000000000E+00  0.0000000000E+00  0.0000000000E+00  0.1043911820E+01  0.0000000000E+00
L0    35000  0.1800000000E+03  -.3114076353E+06  0.8377322235E+05
L1 0.3013617324E+03  0.3013617324E+03  -.3951808577E+12  0.1000000000E+01
L2 0.1000000000E+01  0.1197450892E+03  0.1197450892E+03  0.1197450892E+03
L3 0.1321769440E+07  -.1879973003E+03  -.1941136771E+03  0.4160698314E+02
L4 -.1135013314E+03  0.1100359602E+05  0.1096943902E+05  0.1084470163E+05
L5 0.3281773667E+05  0.1279199288E+05  0.1281602028E+05  0.1044889915E+05
L6 0.3605691231E+05  -.3951808577E+06  0.3650698645E+05  -.5329673201E+06
L7 0.0000000000E+00  0.4626410736E+04  0.1303751729E+05  0.2038645160E+05
L8 0.5737084992E+04  0.5749201136E+05  0.0000000000E+00  0.0000000000E+00
L9 0.0000000000E+00  0.0000000000E+00  0.0000000000E+00  0.1043823367E+01  0.0000000000E+00
L0    36000  0.1820000000E+03  -.3115963264E+06  0.8368321145E+05
L1 0.3010379315E+03  0.3010379315E+03  -.3952795379E+12  0.1000000000E+01
L2 0.1000000000E+01  0.1197210601E+03  0.1197210601E+03  0.1197210601E+03
L3 0.1320971138E+07  0.2739026978E+02  -.1120129801E+03  -.1858925642E+03
L4 -.9017175819E+02  0.1084751593E+05  0.1099989907E+05  0.1100847862E+05
L5 0.3285589362E+05  0.1058711278E+05  0.1206482220E+05  0.1277578534E+05
L6 0.3542772032E+05  -.3952795379E+06  0.3704993971E+05  -.5335722467E+06
L7 0.0000000000E+00  0.4746330697E+04  0.1292734483E+05  0.2032447347E+05
L8 0.5746210772E+04  0.5749840938E+05  0.0000000000E+00  0.0000000000E+00
L9 0.0000000000E+00  0.0000000000E+00  0.0000000000E+00  0.1044454181E+01  0.0000000000E+00
L0    37000  0.1840000000E+03  -.3121708819E+06  0.8347399324E+05
L1 0.3002853001E+03  0.3002853001E+03  -.3956448751E+12  0.1000000000E+01
L2 0.1000000000E+01  0.1197199345E+03  0.1197199345E+03  0.1197199345E+03
L3 0.1320923240E+07  0.1993796459E+03  -.1558560792E+03  -.4313440812E+02
L4 0.1297195483E+00  0.1099308401E+05  0.1090548875E+05  0.1085597173E+05
L5 0.3275454449E+05  0.9097622452E+04  0.1238718066E+05  0.1126604173E+05
L6 0.3275084484E+05  -.3956448751E+06  0.3699010031E+05  -.5338265012E+06
L7 0.0000000000E+00  0.4774236842E+04  0.1290866039E+05  0.2026751497E+05
L8 0.5758137484E+04  0.5748297603E+05  0.0000000000E+00  0.0000000000E+00
L9 0.0000000000E+00  0.0000000000E+00  0.0000000000E+00  0.1044492054E+01  0.0000000000E+00
L0    38000  0.1860000000E+03  -.3118340030E+06  0.8332146567E+05
L1 0.2997366048E+03  0.2997366048E+03  -.3951554686E+12  0.1000000000E+01
L2 0.1000000000E+01  0.1197310714E+03  0.1197310714E+03  0.1197310714E+03
L3 0.1321304964E+07  -.6717473046E+02  -.3552753875E+03  0.9055295448E+02
L4 -.1106323878E+03  0.1100257396E+05  0.1098994849E+05  0.1080088394E+05
L5 0.3279340640E+05  0.1164137495E+05  0.1436845507E+05  0.9939766730E+04
L6 0.3594959674E+05  -.3951554686E+06  0.3641189354E+05  -.5328149844E+06
L7 0.0000000000E+00  0.4712786309E+04  0.1302295795E+05  0.2033917925E+05
L8 0.5727652595E+04  0.5744504609E+05  0.0000000000E+00  0.0000000000E+00
L9 0.0000000000E+00  0.0000000000E+00  0.0000000000E+00  0.1044190301E+01  0.0000000000E+00
L0    39000  0.1880000000E+03  -.3118725706E+06  0.8341290661E+05
L1 0.3000655500E+03  0.3000655500E+03  -.3952854772E+12  0.1000000000E+01
L2 0.1000000000E+01  0.1197370708E+03  0.1197370708E+03  0.1197370708E+03
L3 0.1321489425E+07  0.2757848995E+02  0.1505149624E+02  -.1391171946E+02
L4 0.9572755577E+01  0.1092638339E+05  0.1103306415E+05  0.1079019969E+05
L5 0.3274964723E+05  0.1066408794E+05  0.1088991132E+05  0.1092251225E+05
L6 0.3247651151E+05  -.3952854772E+06  0.3686826281E+05  -.5333494081E+06
L7 0.0000000000E+00  0.4726621453E+04  0.1290054500E+05  0.2022217268E+05
L8 0.5769672575E+04  0.5757665639E+05  0.0000000000E+00  0.0000000000E+00
L9 0.0000000000E+00  0.0000000000E+00  0.0000000000E+00  0.1044044547E+01  0.0000000000E+00
L0    40000  0.1900000000E+03  -.3109317111E+06  0.8363494856E+05
L1 0.3008643130E+03  0.3008643130E+03  -.3945666597E+12  0.1000000000E+01
L2 0.1000000000E+01  0.1197286380E+03  0.1197286380E+03  0.1197286380E+03
L3 0.1321225309E+07  -.2822364588E+02  -.2819303173E+03  -.4482330503E+02
L4 -.1183257561E+03  0.1087764560E+05  0.1079574236E+05  0.1098350270E+05
L5 0.3265689066E+05  0.1114602339E+05  0.1347660921E+05  0.1140972615E+05
L6 0.3603235875E+05  -.3945666597E+06  0.3642917986E+05  -.5322379171E+06
L7 0.0000000000E+00  0.4807462362E+04  0.1280795229E+05  0.2031704368E+05
L8 0.5748580730E+04  0.5756103851E+05  0.0000000000E+00  0.0000000000E+00
L9 0.0000000000E+00  0.0000000000E+00  0.0000000000E+00  0.1044253254E+01  0.0000000000E+00
L0    41000  0.1920000000E+03  -.3113668659E+06  0.8373026543E+05
L1 0.3012072013E+03  0.3012072013E+03  -.3950971313E+12  0.1000000000E+01
L2 0.1000000000E+01  0.1197516789E+03  0.1197516789E+03  0.1197516789E+03
L3 0.1321965945E+07  0.3783295947E+01  -.1262284336E+02  0.2209645414E+03
L4 0.7070833132E+02  0.1090477867E+05  0.1090947151E+05  0.1099515310E+05
L5 0.3280940328E+05  0.1086878326E+05  0.1102956903E+05  0.8892830133E+04
L6 0.3079118242E+05  -.3950971313E+06  0.3682286707E+05  -.5331789250E+06
L7 0.0000000000E+00  0.4742489389E+04  0.1294644992E+05  0.2027282135E+05
L8 0.5736818931E+04  0.5756034706E+05  0.0000000000E+00  0.0000000000E+00
L9 0.0000000000E+00  0.0000000000E+00  0.0000000000E+00  0.1043668207E+01  0.0000000000E+00
L0    42000  0.1940000000E+03  -.3112440640E+06  0.8355468966E+05
L1 0.3005755935E+03  0.3005755935E+03  -.3947987537E+12  0.1000000000E+01
L2 0.1000000000E+01  0.1197236021E+03  0.1197236021E+03  0.1197236021E+03
L3 0.1321046391E+07  -.4257202481E+02  -.2616956589E+02  0.2460824535E+02
L4 -.1471111511E+02  0.1093894780E+05  0.1092762988E+05  0.1082742898E+05
L5 0.3269400666E+05  0.1134370907E+05  0.1117644179E+05  0.1059346161E+05
L6 0.3311361247E+05  -.3947987537E+06  0.3644419415E+05  -.5323597889E+06
L7 0.0000000000E+00  0.4761546646E+04  0.1290202826E+05  0.2028757785E+05
L8 0.5804284847E+04  0.5736140346E+05  0.0000000000E+00  0.0000000000E+00
L9 0.0000000000E+00  0.0000000000E+00  0.0000000000E+00  0.1044394684E+01  0.0000000000E+00
L0    43000  0.1960000000E+03  -.3111444259E+06  0.8363688329E+05
L1 0.3008712728E+03  0.3008712728E+03  -.3947813092E+12  0.1000000000E+01
L2 0.1000000000E+01  0.1197227506E+03  0.1197227506E+03  0.1197227506E+03
L3 0.1321026401E+07  -.1775193628E+03  -.2084879324E+02  -.5446675820E+02
L4 -.8427830476E+02  0.1100809887E+05  0.1085135223E+05  0.1098767698E+05
L5 0.3284712808E+05  0.1269587098E+05  0.1104957293E+05  0.1150552176E+05
L6 0.3525096567E+05  -.3947813092E+06  0.3686958900E+05  -.5329634665E+06
L7 0.0000000000E+00  0.4759835070E+04  0.1290533323E+05  0.2029717848E+05
L8 0.5745769076E+04  0.5760445245E+05  0.0000000000E+00  0.0000000000E+00
L9 0.0000000000E+00  0.0000000000E+00  0.0000000000E+00  0.1044410488E+01  0.0000000000E+00
L0    44000  0.1980000000E+03  -.3110406670E+06  0.8349338944E+05
L1 0.3003550750E+03  0.3003550750E+03  -.3945340565E+12  0.1000000000E+01
L2 0.1000000000E+01  0.1197135724E+03  0.1197135724E+03  0.1197135724E+03
L3 0.1320728679E+07  0.3435219953E+02  -.5364278245E+03  0.9458859987E+02
L4 -.1358290084E+03  0.1102217349E+05  0.1089591325E+05  0.1085682298E+05
L5 0.3277490971E+05  0.1069564225E+05  0.1599487184E+05  0.9957720932E+04
L6 0.3664823502E+05  -.3945340565E+06  0.3640868694E+05  -.5322724559E+06
L7 0.0000000000E+00  0.4817213568E+04  0.1303207654E+05  0.2032869797E+05
L8 0.5807833455E+04  0.5734389094E+05  0.0000000000E+00  0.0000000000E+00
L9 0.0000000000E+00  0.0000000000E+00  0.0000000000E+00  0.1044645922E+01  0.0000000000E+00
L0    45000  0.2000000000E+03  -.3115909439E+06  0.8341611262E+05
L1 0.3000770832E+03  0.3000770832E+03  -.3950070565E+12  0.1000000000E+01
L2 0.1000000000E+01  0.1197140752E+03  0.1197140752E+03  0.1197140752E+03
L3 0.1320739483E+07  0.7046405652E+02  -.2489604963E+03  -.8026777572E+02
L4 -.8625473851E+02  0.1086718143E+05  0.1096228811E+05  0.1076543599E+05
L5 0.3259490553E+05  0.1019738723E+05  0.1332877543E+05  0.1152841918E+05
L6 0.3505458184E+05  -.3950070565E+06  0.3649672864E+05  -.5327558102E+06
L7 0.0000000000E+00  0.4827942167E+04  0.1302357665E+05  0.2036622836E+05
L8 0.5738304770E+04  0.5729597304E+05  0.0000000000E+00  0.0000000000E+00
L9 0.0000000000E+00  0.0000000000E+00  0.0000000000E+00  0.1044637376E+01  0.0000000000E+00
L0    46000  0.2020000000E+03  -.3121712777E+06  0.8365134193E+05
L1 0.3009232857E+03  0.3009232857E+03  -.3958226197E+12  0.1000000000E+01
L2 0.1000000000E+01  0.1197208159E+03  0.1197208159E+03  0.1197208159E+03
L3 0.1320947374E+07  -.1600466085E+03  0.2444136828E+03  0.4434482092E+02
L4 0.4290396507E+02  0.1085495249E+05  0.1086146033E+05  0.1086657187E+05
L5 0.3258298468E+05  0.1237651069E+05  0.8537826922E+04  0.1044498701E+05
L6 0.3135932463E+05  -.3958226197E+06  0.3682193831E+05  -.5339402453E+06
L7 0.0000000000E+00  0.4812312900E+04  0.1302068592E+05  0.2033815355E+05
L8 0.5697649507E+04  0.5742688540E+05  0.0000000000E+00  0.0000000000E+00
L9 0.0000000000E+00  0.0000000000E+00  0.0000000000E+00  0.1044472971E+01  0.0000000000E+00
L0    47000  0.2040000000E+03  -.3119033659E+06  0.8329708703E+05
L1 0.2996489063E+03  0.2996489063E+03  -.3952004529E+12  0.1000000000E+01
L2 0.1000000000E+01  0.1197229446E+03  0.1197229446E+03  0.1197229446E+03
L3 0.1321030945E+07  0.1893673883E+03  -.3145740254E+03  -.7979809397E+02
L4 -.6833491034E+02  0.1098796465E+05  0.1088340688E+05  0.1085057631E+05
L5 0.3272194784E+05  0.9187540786E+04  0.1387424172E+05  0.1160926234E+05
L6 0.3467104485E+05  -.3952004529E+06  0.3654061135E+05  -.5332599677E+06
L7 0.0000000000E+00  0.4859308754E+04  0.1304366541E+05  0.2032532585E+05
L8 0.5736221186E+04  0.5755438228E+05  0.0000000000E+00  0.0000000000E+00
L9 0.0000000000E+00  0.0000000000E+00  0.0000000000E+00  0.1044406895E+01  0.0000000000E+00
L0    48000  0.2060000000E+03  -.3117282093E+06  0.8369025922E+05
L1 0.3010632848E+03  0.3010632848E+03  -.3954184685E+12  0.1000000000E+01
L2 0.1000000000E+01  0.1197198298E+03  0.1197198298E+03  0.1197198298E+03
L3 0.1320913441E+07  0.1530876637E+03  -.1438011741E+02  0.2292478220E+02
L4 0.5387744281E+02  0.1097758047E+05  0.1097980141E+05  0.1109167998E+05
L5 0.3304906186E+05  0.9522218125E+04  0.1111650923E+05  0.1087374038E+05
L6 0.3151246773E+05  -.3954184685E+06  0.3724015844E+05  -.5338112396E+06
L7 0.0000000000E+00  0.4784962802E+04  0.1296677736E+05  0.2028650964E+05
L8 0.5761695028E+04  0.5735266788E+05  0.0000000000E+00  0.0000000000E+00
L9 0.0000000000E+00  0.0000000000E+00  0.0000000000E+00  0.1044499802E+01  0.0000000000E+00
L0    49000  0.2080000000E+03  -.3114496039E+06  0.8346386061E+05
L1 0.3002488494E+03  0.3002488494E+03  -.3949134645E+12  0.1000000000E+01
L2 0.1000000000E+01  0.1197659573E+03  0.1197659573E+03  0.1197659573E+03
L3 0.1322455299E+07  -.2629480278E+02  -.2896834532E+03  0.1102990038E+03
L4 -.6855975072E+02  0.1092376820E+05  0.1092016279E+05  0.1088559627E+05
L5 0.3272952727E+05  0.1117403746E+05  0.1367731835E+05  0.9835789978E+04
L6 0.3468714579E+05  -.3949134645E+06  0.3684940334E+05  -.5331679161E+06
L7 0.0000000000E+00  0.4722860052E+04  0.1307474476E+05  0.2031491051E+05
L8 0.5776952064E+04  0.5751558083E+05  0.0000000000E+00  0.0000000000E+00
L9 0.0000000000E+00  0.0000000000E+00  0.0000000000E+00  0.1043282014E+01  0.0000000000E+00
L0    50000  0.2100000000E+03  -.3118327008E+06  0.8337890055E+05
L1 0.2999432182E+03  0.2999432182E+03  -.3952116014E+12  0.1000000000E+01
L2 0.1000000000E+01  0.1197451056E+03  0.1197451056E+03  0.1197451056E+03
L3 0.1321773358E+07  -.1289343399E+03  -.2541397156E+03  -.4331470718E+02
L4 -.1421295876E+03  0.1095769921E+05  0.1081044352E+05  0.1085959295E+05
L5 0.3262773568E+05  0.1218424051E+05  0.1322805279E+05  0.1127164203E+05
L6 0.3668393533E+05  -.3952116014E+06  0.3641138448E+05  -.5327599308E+06
L7 0.0000000000E+00  0.4749907341E+04  0.1294732449E+05  0.2029095265E+05
L8 0.5762658632E+04  0.5738610181E+05  0.0000000000E+00  0.0000000000E+00
L9 0.0000000000E+00  0.0000000000E+00  0.0000000000E+00  0.1043820274E+01  0.0000000000E+00
L0    51000  0.2120000000E+03  -.3125640005E+06  0.8310945800E+05
L1 0.2989739387E+03  0.2989739387E+03  -.3956734585E+12  0.1000000000E+01
L2 0.1000000000E+01  0.1197476698E+03  0.1197476698E+03  0.1197476698E+03
L3 0.1321838692E+07  0.1254114607E+03  0.1285203621E+03  -.1820737287E+03
L4 0.2395269803E+02  0.1087782955E+05  0.1099363498E+05  0.1092509160E+05
L5 0.3279655612E+05  0.9684742128E+04  0.9770971387E+04  0.1265722894E+05
L6 0.3211294246E+05  -.3956734585E+06  0.3703626090E+05  -.5338737736E+06
L7 0.0000000000E+00  0.4820965441E+04  0.1287172470E+05  0.2033851010E+05
L8 0.5726445960E+04  0.5740640804E+05  0.0000000000E+00  0.0000000000E+00
L9 0.0000000000E+00  0.0000000000E+00  0.0000000000E+00  0.1043768681E+01  0.0000000000E+00
L0    52000  0.2140000000E+03  -.3120031734E+06  0.8331328785E+05
L1 0.2997071863E+03  0.2997071863E+03  -.3953164612E+12  0.1000000000E+01
L2 0.1000000000E+01  0.1197281145E+03  0.1197281145E+03  0.1197281145E+03
L3 0.1321197794E+07  -.1559548699E+03  -.1047124548E+03  0.1649783929E+03
L4 -.3189631059E+02  0.1098369339E+05  0.1082855341E+05  0.1096834185E+05
L5 0.3278058865E+05  0.1246663264E+05  0.1182424024E+05  0.9399599979E+04
L6 0.3369047286E+05  -.3953164612E+06  0.3704856720E+05  -.5333462297E+06
L7 0.0000000000E+00  0.4786727515E+04  0.1272522727E+05  0.2026081974E+05
L8 0.5754167620E+04  0.5745425914E+05  0.0000000000E+00  0.0000000000E+00
L9 0.0000000000E+00  0.0000000000E+00  0.0000000000E+00  0.1044275002E+01  0.0000000000E+00
L0    53000  0.2160000000E+03  -.3119626661E+06  0.8330114873E+05
L1 0.2996635176E+03  0.2996635176E+03  -.3952638148E+12  0.1000000000E+01
L2 0.1000000000E+01  0.1197436986E+03  0.1197436986E+03  0.1197436986E+03
L3 0.1321698036E+07  -.1313815266E+03  0.4195909917E+02  0.3940926478E+03
L4 0.1015567401E+03  0.1087933865E+05  0.1084591941E+05  0.1086920070E+05
L5 0.3259445876E+05  0.1212908860E+05  0.1044678885E+05  0.7120444840E+04
L6 0.2969632229E+05  -.3952638148E+06  0.3676046383E+05  -.5330297447E+06
L7 0.0000000000E+00  0.4757331228E+04  0.1287612548E+05  0.2027802865E+05
L8 0.5737381427E+04  0.5735659922E+05  0.0000000000E+00  0.0000000000E+00
L9 0.0000000000E+00  0.0000000000E+00  0.0000000000E+00  0.1043879759E+01  0.0000000000E+00
L0    54000  0.2180000000E+03  -.3122659351E+06  0.8297537378E+05
L1 0.2984915906E+03  0.2984915906E+03  -.3952413088E+12  0.1000000000E+01
L2 0.1000000000E+01  0.1196850558E+03  0.1196850558E+03  0.1196850558E+03
L3 0.1319761862E+07  -.8819766985E+02  0.1745912707E+03  0.9792967069E+02
L4 0.6144109051E+02  0.1086937437E+05  0.1089058838E+05  0.1072733736E+05
L5 0.3248730012E+05  0.1170711440E+05  0.9232244164E+04  0.9797158540E+04
L6 0.3073651710E+05  -.3952413088E+06  0.3665895945E+05  -.5332852940E+06
L7 0.0000000000E+00  0.4743018603E+04  0.1308867754E+05  0.2032611302E+05
L8 0.5745330006E+04  0.5748188650E+05  0.0000000000E+00  0.0000000000E+00
L9 0.0000000000E+00  0.0000000000E+00  0.0000000000E+00  0.1045411197E+01  0.0000000000E+00
L0    55000  0.2200000000E+03  -.3120860056E+06  0.8336926490E+05
L1 0.2999085554E+03  0.2999085554E+03  -.3954552705E+12  0.1000000000E+01
L2 0.1000000000E+01  0.1197221351E+03  0.1197221351E+03  0.1197221351E+03
L3 0.1320992261E+07  -.3660996148E+02  0.1532216462E+03  -.1893461619E+02
L4 0.3255902286E+02  0.1075568958E+05  0.1084406540E+05  0.1085321257E+05
L5 0.3245296754E+05  0.1110375119E+05  0.9387342395E+04  0.1103322950E+05
L6 0.3152432308E+05  -.3954552705E+06  0.3670984014E+05  -.5333480144E+06
L7 0.0000000000E+00  0.4764833174E+04  0.1290354188E+05  0.2026539924E+05
L8 0.5770469608E+04  0.5747865989E+05  0.0000000000E+00  0.0000000000E+00
L9 0.0000000000E+00  0.0000000000E+00  0.0000000000E+00  0.1044437480E+01  0.0000000000E+00
L0    56000  0.2220000000E+03  -.3120992012E+06  0.8320471445E+05
L1 0.2993166096E+03  0.2993166096E+03  -.3953039157E+12  0.1000000000E+01
L2 0.1000000000E+01  0.1197189239E+03  0.1197189239E+03  0.1197189239E+03
L3 0.1320882742E+07  -.6580189269E+02  0.3513986640E+03  -.1057606327E+03
L4 0.5994537953E+02  0.1073664700E+05  0.1084585404E+05  0.1088892865E+05
L5 0.3247142969E+05  0.1136219297E+05  0.7505281153E+04  0.1189434255E+05
L6 0.3076181668E+05  -.3953039157E+06  0.3665493850E+05  -.5331771321E+06
L7 0.0000000000E+00  0.4699981625E+04  0.1306929217E+05  0.2021671452E+05
L8 0.5736940607E+04  0.5749534896E+05  0.0000000000E+00  0.0000000000E+00
L9 0.0000000000E+00  0.0000000000E+00  0.0000000000E+00  0.1044524078E+01  0.0000000000E+00
L0    57000  0.2240000000E+03  -.3121083088E+06  0.8351218735E+05
L1 0.3004226977E+03  0.3004226977E+03  -.3956204962E+12  0.1000000000E+01
L2 0.1000000000E+01  0.1197455620E+03  0.1197455620E+03  0.1197455620E+03
L3 0.1321780796E+07  -.6203319585E+02  0.3922411201E+02  -.2082522478E+03
L4 -.7702044388E+02  0.1084568077E+05  0.1078613246E+05  0.1095638466E+05
L5 0.3258819788E+05  0.1143580055E+05  0.1041299475E+05  0.1293748154E+05
L6 0.3478627684E+05  -.3956204962E+06  0.3703150665E+05  -.5338448456E+06
L7 0.0000000000E+00  0.4732430749E+04  0.1294740948E+05  0.2029209619E+05
L8 0.5733307016E+04  0.5748759932E+05  0.0000000000E+00  0.0000000000E+00
L9 0.0000000000E+00  0.0000000000E+00  0.0000000000E+00  0.1043814399E+01  0.0000000000E+00
L0    58000  0.2260000000E+03  -.3117684683E+06  0.8343952959E+05
L1 0.3001613222E+03  0.3001613222E+03  -.3952079979E+12  0.1000000000E+01
L2 0.1000000000E+01  0.1197541680E+03  0.1197541680E+03  0.1197541680E+03
L3 0.1322074613E+07  -.2605048283E+03  -.1917279521E+03  -.2958447107E+01
L4 -.1517304091E+03  0.1095039123E+05  0.1096274969E+05  0.1087193892E+05
L5 0.3278507983E+05  0.1342911609E+05  0.1278705691E+05  0.1090008879E+05
L6 0.3711626179E+05  -.3952079979E+06  0.3657821544E+05  -.5329108155E+06
L7 0.0000000000E+00  0.4779144955E+04  0.1285047367E+05  0.2022103407E+05
L8 0.5774743419E+04  0.5749920601E+05  0.0000000000E+00  0.0000000000E+00
L9 0.0000000000E+00  0.0000000000E+00  0.0000000000E+00  0.1043582423E+01  0.0000000000E+00
L0    59000  0.2280000000E+03  -.3118061199E+06  0.8358236438E+05
L1 0.3006751492E+03  0.3006751492E+03  -.3953884843E+12  0.1000000000E+01
L2 0.1000000000E+01  0.1196946011E+03  0.1196946011E+03  0.1196946011E+03
L3 0.1320083129E+07  -.7376347926E+02  0.2329914183E+03  -.1143637386E+03
L4 0.1495473347E+02  0.1098439124E+05  0.1096603084E+05  0.1109358863E+05
L5 0.3304401071E+05  0.1168519956E+05  0.8752437776E+04  0.1218012984E+05
L6 0.3261776718E+05  -.3953884843E+06  0.3648436062E+05  -.5332753938E+06
L7 0.0000000000E+00  0.4783808960E+04  0.1285534273E+05  0.2031717555E+05
L8 0.5782627207E+04  0.5766359444E+05  0.0000000000E+00  0.0000000000E+00
L9 0.0000000000E+00  0.0000000000E+00  0.0000000000E+00  0.1045156777E+01  0.0000000000E+00
L0    60000  0.2300000000E+03  -.3121343514E+06  0.8327381505E+05
L1 0.2995651888E+03  0.2995651888E+03  -.3954081665E+12  0.1000000000E+01
L2 0.1000000000E+01  0.1197553244E+03  0.1197553244E+03  0.1197553244E+03
L3 0.1322123324E+07  -.1903310950E+03  -.3159280230E+03  -.2138023557E+03
L4 -.2400204912E+03  0.1093925083E+05  0.1086400006E+05  0.1079161799E+05
L5 0.3259486888E+05  0.1275033358E+05  0.1387019194E+05  0.1282603994E+05
L6 0.3944656545E+05  -.3954081665E+06  0.3632775365E+05  -.5329864063E+06
L7 0.0000000000E+00  0.4753348350E+04  0.1292748583E+05  0.2029931179E+05
L8 0.5795732342E+04  0.5747460782E+05  0.0000000000E+00  0.0000000000E+00
L9 0.0000000000E+00  0.0000000000E+00  0.0000000000E+00  0.1043543974E+01  0.0000000000E+00
L0    61000  0.2320000000E+03  -.3118618451E+06  0.8346606192E+05
L1 0.3002567684E+03  0.3002567684E+03  -.3953279070E+12  0.1000000000E+01
L2 0.1000000000E+01  0.1197824422E+03  0.1197824422E+03  0.1197824422E+03
L3 0.1322979712E+07  -.3230827281E+02  0.1604789893E+03  0.2188252985E+03
L4 0.1156653384E+03  0.1102842730E+05  0.1087655996E+05  0.1100800392E+05
L5 0.3291299118E+05  0.1133605363E+05  0.9348543809E+04  0.8924437765E+04
L6 0.2960903520E+05  -.3953279070E+06  0.3672841195E+05  -.5332806661E+06
L7 0.0000000000E+00  0.4779259691E+04  0.1295688618E+05  0.2030745346E+05
L8 0.5725127230E+04  0.5745562057E+05  0.0000000000E+00  0.0000000000E+00
L9 0.0000000000E+00  0.0000000000E+00  0.0000000000E+00  0.1042868470E+01  0.0000000000E+00
L0    62000  0.2340000000E+03  -.3111842399E+06  0.8361221647E+05
L1 0.3007825376E+03  0.3007825376E+03  -.3947964564E+12  0.1000000000E+01
L2 0.1000000000E+01  0.1197541051E+03  0.1197541051E+03  0.1197541051E+03
L3 0.1322053734E+07  -.4429050739E+01  0.3154921515E+02  -.4185052292E+01
L4 0.7645037374E+01  0.1092648718E+05  0.1087984475E+05  0.1089494031E+05
L5 0.3270127224E+05  0.1096862930E+05  0.1057965612E+05  0.1093476080E+05
L6 0.3248304621E+05  -.3947964564E+06  0.3643323640E+05  -.5324928738E+06
L7 0.0000000000E+00  0.4780551404E+04  0.1294781150E+05  0.2031231910E+05
L8 0.5725997925E+04  0.5749650114E+05  0.0000000000E+00  0.0000000000E+00
L9 0.0000000000E+00  0.0000000000E+00  0.0000000000E+00  0.1043598904E+01  0.0000000000E+00
L0    63000  0.2360000000E+03  -.3115614546E+06  0.8354429943E+05
L1 0.3005382162E+03  0.3005382162E+03  -.3951057541E+12  0.1000000000E+01
L2 0.1000000000E+01  0.1197576159E+03  0.1197576159E+03  0.1197576159E+03
L3 0.1322166424E+07  0.2435836577E+03  -.3171632817E+02  -.9767437942E+02
L4 0.3806431669E+02  0.1085179902E+05  0.1108839292E+05  0.1112291239E+05
L5 0.3306310433E+05  0.8533919534E+04  0.1139019735E+05  0.1205235668E+05
L6 0.3197647357E+05  -.3951057541E+06  0.3738172139E+05  -.5334800312E+06
L7 0.0000000000E+00  0.4725008339E+04  0.1283581345E+05  0.2030802922E+05
L8 0.5743918803E+04  0.5737978591E+05  0.0000000000E+00  0.0000000000E+00
L9 0.0000000000E+00  0.0000000000E+00  0.0000000000E+00  0.1043509957E+01  0.0000000000E+00
L0    64000  0.2380000000E+03  -.3122534121E+06  0.8332667995E+05
L1 0.2997553624E+03  0.2997553624E+03  -.3955800920E+12  0.1000000000E+01
L2 0.1000000000E+01  0.1197395631E+03  0.1197395631E+03  0.1197395631E+03
L3 0.1321577589E+07  0.1398545047E+03  -.1539143045E+03  -.1008359585E+03
L4 -.3829858611E+02  0.1078042238E+05  0.1094722274E+05  0.1068560566E+05
L5 0.3241325078E+05  0.9450195546E+04  0.1241117943E+05  0.1164470739E+05
L6 0.3350608237E+05  -.3955800920E+06  0.3678820076E+05  -.5335937522E+06
L7 0.0000000000E+00  0.4793859386E+04  0.1293464805E+05  0.2030770271E+05
L8 0.5741863356E+04  0.5744738593E+05  0.0000000000E+00  0.0000000000E+00
L9 0.0000000000E+00  0.0000000000E+00  0.0000000000E+00  0.1043974897E+01  0.0000000000E+00
L0    65000  0.2400000000E+03  -.3115026457E+06  0.8338675474E+05
L1 0.2999714725E+03  0.2999714725E+03  -.3948894004E+12  0.1000000000E+01
L2 0.1000000000E+01  0.1197772920E+03  0.1197772920E+03  0.1197772920E+03
L3 0.1322813724E+07  0.1634235446E+03  0.3406413077E+03  -.2754614672E+03
L4 0.7620112835E+02  0.1076717829E+05  0.1101552074E+05  0.1088118743E+05
L5 0.3266388646E+05  0.9211320504E+04  0.7772478660E+04  0.1350369124E+05
L6 0.3048749041E+05  -.3948894004E+06  0.3622029304E+05  -.5322978618E+06
L7 0.0000000000E+00  0.4640643661E+04  0.1299642984E+05  0.2038499803E+05
L8 0.5772632865E+04  0.5739346392E+05  0.0000000000E+00  0.0000000000E+00
L9 0.0000000000E+00  0.0000000000E+00  0.0000000000E+00  0.1042999330E+01  0.0000000000E+00
L0    66000  0.2420000000E+03  -.3120545075E+06  0.8363449349E+05
L1 0.3008626759E+03  0.3008626759E+03  -.3956890010E+12  0.1000000000E+01
L2 0.1000000000E+01  0.1197352350E+03  0.1197352350E+03  0.1197352350E+03
L3 0.1321432306E+07  0.1173374102E+03  -.9173386985E+02  -.9016862112E+02
L4 -.2152169359E+02  0.1103919513E+05  0.1098237639E+05  0.1084575729E+05
L5 0.3286732882E+05  0.9923262445E+04  0.1185480765E+05  0.1170330231E+05
L6 0.3348137240E+05  -.3956890010E+06  0.3696299413E+05  -.5337224094E+06
L7 0.0000000000E+00  0.4698446524E+04  0.1285014079E+05  0.2021476801E+05
L8 0.5747650581E+04  0.5755940842E+05  0.0000000000E+00  0.0000000000E+00
L9 0.0000000000E+00  0.0000000000E+00  0.0000000000E+00  0.1044089676E+01  0.0000000000E+00
L0    67000  0.2440000000E+03  -.3116716226E+06  0.8369178647E+05
L1 0.3010687789E+03  0.3010687789E+03  -.3953634091E+12  0.1000000000E+01
L2 0.1000000000E+01  0.1197169863E+03  0.1197169863E+03  0.1197169863E+03
L3 0.1320826565E+07  0.3060774422E+03  -.2285269990E+03  -.1003239450E+03
L4 -.7591167261E+01  0.1088674823E+05  0.1090592751E+05  0.1104233026E+05
L5 0.3283500600E+05  0.7977145477E+04  0.1307832800E+05  0.1199601971E+05
L6 0.3305149318E+05  -.3953634091E+06  0.3654093639E+05  -.5329465876E+06
L7 0.0000000000E+00  0.4745197897E+04  0.1292672922E+05  0.2032759712E+05
L8 0.5811838941E+04  0.5723087894E+05  0.0000000000E+00  0.0000000000E+00
L9 0.0000000000E+00  0.0000000000E+00  0.0000000000E+00  0.1044568504E+01  0.0000000000E+00
L0    68000  0.2460000000E+03  -.3114910051E+06  0.8354912540E+05
L1 0.3005555769E+03  0.3005555769E+03  -.3950401305E+12  0.1000000000E+01
L2 0.1000000000E+01  0.1197502562E+03  0.1197502562E+03  0.1197502562E+03
L3 0.1321917153E+07  0.8690413832E+02  0.1026269220E+03  0.6522760897E+02
L4 0.8491955642E+02  0.1089158171E+05  0.1091185044E+05  0.1095280125E+05
L5 0.3275623340E+05  0.1006478017E+05  0.9935463144E+04  0.1033222911E+05
L6 0.3033247242E+05  -.3950401305E+06  0.3680672927E+05  -.5333258814E+06
L7 0.0000000000E+00  0.4874111092E+04  0.1318105325E+05  0.2028278584E+05
L8 0.5705722595E+04  0.5743534886E+05  0.0000000000E+00  0.0000000000E+00
L9 0.0000000000E+00  0.0000000000E+00  0.0000000000E+00  0.1043706729E+01  0.0000000000E+00
L0    69000  0.2480000000E+03  -.3113970016E+06  0.8404127095E+05
L1 0.3023259974E+03  0.3023259974E+03  -.3954382726E+12  0.1000000000E+01
L2 0.1000000000E+01  0.1197320680E+03  0.1197320680E+03  0.1197320680E+03
L3 0.1321321636E+07  0.4051281934E+01  -.7377897880E+02  0.1532879792E+03
L4 0.2785342744E+02  0.1106820146E+05  0.1100172328E+05  0.1094616424E+05
L5 0.3301608898E+05  0.1102967513E+05  0.1170333650E+05  0.9488447220E+04
L6 0.3222145886E+05  -.3954382726E+06  0.3693404304E+05  -.5337638507E+06
L7 0.0000000000E+00  0.4735613753E+04  0.1304889663E+05  0.2033735224E+05
L8 0.5757149834E+04  0.5751252263E+05  0.0000000000E+00  0.0000000000E+00
L9 0.0000000000E+00  0.0000000000E+00  0.0000000000E+00  0.1044177126E+01  0.0000000000E+00
L0    70000  0.2500000000E+03  -.3113944302E+06  0.8353606587E+05
L1 0.3005085971E+03  0.3005085971E+03  -.3949304960E+12  0.1000000000E+01
L2 0.1000000000E+01  0.1197259734E+03  0.1197259734E+03  0.1197259734E+03
L3 0.1321115346E+07  0.6295310894E+02  0.1085459723E+03  0.2732585194E+02
L4 0.6627497771E+02  0.1097632386E+05  0.1080265734E+05  0.1096385450E+05
L5 0.3274283569E+05  0.1037775447E+05  0.9770582881E+04  0.1070403542E+05
L6 0.3085237278E+05  -.3949304960E+06  0.3674225304E+05  -.5331090830E+06
L7 0.0000000000E+00  0.4832084845E+04  0.1308113407E+05  0.2036156180E+05
L8 0.5720627395E+04  0.5744092582E+05  0.0000000000E+00  0.0000000000E+00
L9 0.0000000000E+00  0.0000000000E+00  0.0000000000E+00  0.1044340173E+01  0.0000000000E+00
L0    71000  0.2520000000E+03  -.3116774072E+06  0.8364374565E+05
L1 0.3008959592E+03  0.3008959592E+03  -.3953211529E+12  0.1000000000E+01
L2 0.1000000000E+01  0.1196815626E+03  0.1196815626E+03  0.1196815626E+03
L3 0.1319651929E+07  -.2597744643E+03  0.2076407700E+02  0.2800136845E+03
L4 0.1366776574E+02  0.1083291741E+05  0.1099673480E+05  0.1103617459E+05
L5 0.3286582679E+05  0.1330016330E+05  0.1079952494E+05  0.8376703747E+04
L6 0.3247639199E+05  -.3953211529E+06  0.3663068788E+05  -.5331767161E+06
L7 0.0000000000E+00  0.4784966070E+04  0.1291411762E+05  0.2034522127E+05
L8 0.5731411353E+04  0.5744915905E+05  0.0000000000E+00  0.0000000000E+00
L9 0.0000000000E+00  0.0000000000E+00  0.0000000000E+00  0.1045498285E+01  0.0000000000E+00
L0    72000  0.2540000000E+03  -.3116717680E+06  0.8336824153E+05
L1 0.2999048740E+03  0.2999048740E+03  -.3950400095E+12  0.1000000000E+01
L2 0.1000000000E+01  0.1197044423E+03  0.1197044423E+03  0.1197044423E+03
L3 0.1320390175E+07  0.1581291491E+03  0.3952612941E+03  -.3503343377E+02
L4 0.1727856698E+03  0.1101573080E+05  0.1092892370E+05  0.1093843902E+05
L5 0.3288309351E+05  0.9513035946E+04  0.7172771755E+04  0.1127136031E+05
L6 0.2795716801E+05  -.3950400095E+06  0.3701118066E+05  -.5331264769E+06
L7 0.0000000000E+00  0.4776555849E+04  0.1288661595E+05  0.2024949155E+05
L8 0.5728379170E+04  0.5743424415E+05  0.0000000000E+00  0.0000000000E+00
L9 0.0000000000E+00  0.0000000000E+00  0.0000000000E+00  0.1044913734E+01  0.0000000000E+00
L0    73000  0.2560000000E+03  -.3118680901E+06  0.8329011358E+05
L1 0.2996238203E+03  0.2996238203E+03  -.3951582036E+12  0.1000000000E+01
L2 0.1000000000E+01  0.1197421129E+03  0.1197421129E+03  0.1197421129E+03
L3 0.1321656281E+07  -.5862932720E+02  0.2500538518E+03  -.1602845159E+03
L4 0.1038000291E+02  0.1085616393E+05  0.1093425397E+05  0.1082519714E+05
L5 0.3261561503E+05  0.1141385028E+05  0.8555723859E+04  0.1234983491E+05
L6 0.3231940905E+05  -.3951582036E+06  0.3685833481E+05  -.5331977179E+06
L7 0.0000000000E+00  0.4678785668E+04  0.1291471203E+05  0.2035461047E+05
L8 0.5763200398E+04  0.5746987085E+05  0.0000000000E+00  0.0000000000E+00
L9 0.0000000000E+00  0.0000000000E+00  0.0000000000E+00  0.1043912739E+01  0.0000000000E+00
L0    74000  0.2580000000E+03  -.3118370671E+06  0.8331848592E+05
L1 0.2997258856E+03  0.2997258856E+03  -.3951555530E+12  0.1000000000E+01
L2 0.1000000000E+01  0.1197347843E+03  0.1197347843E+03  0.1197347843E+03
L3 0.1321409326E+07  0.1933954029E+03  -.5754389848E+02  0.4669227549E+01
L4 0.4684024400E+02  0.1083256884E+05  0.1099827790E+05  0.1089070415E+05
L5 0.3272155090E+05  0.8993321683E+04  0.1154553730E+05  0.1084629843E+05
L6 0.3138515741E+05  -.3951555530E+06  0.3673439220E+05  -.5331644279E+06
L7 0.0000000000E+00  0.4750435953E+04  0.1294256612E+05  0.2036539048E+05
L8 0.5741515366E+04  0.5747457480E+05  0.0000000000E+00  0.0000000000E+00
L9 0.0000000000E+00  0.0000000000E+00  0.0000000000E+00  0.1044107833E+01  0.0000000000E+00
L0    75000  0.2600000000E+03  -.3126686017E+06  0.8325350353E+05
L1 0.2994921211E+03  0.2994921211E+03  -.3959221052E+12  0.1000000000E+01
L2 0.1000000000E+01  0.1197243255E+03  0.1197243255E+03  0.1197243255E+03
L3 0.1321062477E+07  0.9814506310E+02  0.2102033486E+03  -.1523515085E+03
L4 0.5199896774E+02  0.1087756399E+05  0.1087776396E+05  0.1082807909E+05
L5 0.3258340705E+05  0.9944420578E+04  0.8879193030E+04  0.1227660643E+05
L6 0.3110022004E+05  -.3959221052E+06  0.3704080553E+05  -.5343669470E+06
L7 0.0000000000E+00  0.4795289376E+04  0.1283624319E+05  0.2039448527E+05
L8 0.5810469786E+04  0.5756754866E+05  0.0000000000E+00  0.0000000000E+00
L9 0.0000000000E+00  0.0000000000E+00  0.0000000000E+00  0.1044381967E+01  0.0000000000E+00
L0    76000  0.2620000000E+03  -.3116368799E+06  0.8379415279E+05
L1 0.3014370266E+03  0.3014370266E+03  -.3954310327E+12  0.1000000000E+01
L2 0.1000000000E+01  0.1197135244E+03  0.1197135244E+03  0.1197135244E+03
L3 0.1320715542E+07  -.1515967222E+03  0.2634706946E+02  0.1185733180E+02
L4 -.3779744031E+02  0.1103594480E+05  0.1103920909E+05  0.1094738288E+05
L5 0.3302253677E+05  0.1247691726E+05  0.1078877226E+05  0.1083467537E+05
L6 0.3410036490E+05  -.3954310327E+06  0.3678723203E+05  -.5335513052E+06
L7 0.0000000000E+00  0.4736305461E+04  0.1297418551E+05  0.2043391829E+05
L8 0.5717737033E+04  0.5747089421E+05  0.0000000000E+00  0.0000000000E+00
L9 0.0000000000E+00  0.0000000000E+00  0.0000000000E+00  0.1044656312E+01  0.0000000000E+00
L0    77000  0.2640000000E+03  -.3122242764E+06  0.8338762040E+05
L1 0.2999745866E+03  0.2999745866E+03  -.3956118968E+12  0.1000000000E+01
L2 0.1000000000E+01  0.1197395550E+03  0.1197395550E+03  0.1197395550E+03
L3 0.1321569786E+07  -.9103488171E+02  0.1687289848E+03  -.8670777186E+00
L4 0.2560900845E+02  0.1100549004E+05  0.1080559591E+05  0.1095614518E+05
L5 0.3276723112E+05  0.1187136367E+05  0.9200738787E+04  0.1096439234E+05
L6 0.3203649479E+05  -.3956118968E+06  0.3711528648E+05  -.5339285242E+06
L7 0.0000000000E+00  0.4659133238E+04  0.1296792833E+05  0.2027761975E+05
L8 0.5795276526E+04  0.5750138308E+05  0.0000000000E+00  0.0000000000E+00
L9 0.0000000000E+00  0.0000000000E+00  0.0000000000E+00  0.1043981061E+01  0.0000000000E+00
L0    78000  0.2660000000E+03  -.3118088454E+06  0.8351621890E+05
L1 0.3004372006E+03  0.3004372006E+03  -.3953250643E+12  0.1000000000E+01
L2 0.1000000000E+01  0.1198027974E+03  0.1198027974E+03  0.1198027974E+03
L3 0.1323649673E+07  0.8122641694E+02  0.2000603148E+03  0.1829221455E+03
L4 0.1547362924E+03  0.1076633250E+05  0.1090855886E+05  0.1100837554E+05
L5 0.3268326690E+05  0.9992535692E+04  0.9002700664E+04  0.9265782707E+04
L6 0.2826101906E+05  -.3953250643E+06  0.3689510037E+05  -.5334729546E+06
L7 0.0000000000E+00  0.4708220020E+04  0.1296213289E+05  0.2035550264E+05
L8 0.5702544702E+04  0.5752438967E+05  0.0000000000E+00  0.0000000000E+00
L9 0.0000000000E+00  0.0000000000E+00  0.0000000000E+00  0.1042340626E+01  0.0000000000E+00
L0    79000  0.2680000000E+03  -.3120886523E+06  0.8318012442E+05
L1 0.2992281506E+03  0.2992281506E+03  -.3952687767E+12  0.1000000000E+01
L2 0.1000000000E+01  0.1197382625E+03  0.1197382625E+03  0.1197382625E+03
L3 0.1321506179E+07  0.2434886013E+03  0.5911446299E+02  0.3038943829E+03
L4 0.2021658157E+03  0.1078227974E+05  0.1078739202E+05  0.1089133222E+05
L5 0.3246100399E+05  0.8466461807E+04  0.1022515489E+05  0.8000995433E+04
L6 0.2669261213E+05  -.3952687767E+06  0.3723067840E+05  -.5337215057E+06
L7 0.0000000000E+00  0.4787410149E+04  0.1292199519E+05  0.2024799202E+05
L8 0.5751699457E+04  0.5751295375E+05  0.0000000000E+00  0.0000000000E+00
L9 0.0000000000E+00  0.0000000000E+00  0.0000000000E+00  0.1044031310E+01  0.0000000000E+00
L0    80000  0.2700000000E+03  -.3116909886E+06  0.8318969931E+05
L1 0.2992625949E+03  0.2992625949E+03  -.3948806879E+12  0.1000000000E+01
L2 0.1000000000E+01  0.1197471062E+03  0.1197471062E+03  0.1197471062E+03
L3 0.1321839265E+07  -.1069318634E+03  0.5926722532E+01  -.3166737493E+03
L4 -.1392262968E+03  0.1096956798E+05  0.1079887508E+05  0.1069014966E+05
L5 0.3245859273E+05  0.1198685233E+05  0.1074249187E+05  0.1370279004E+05
L6 0.3643213424E+05  -.3948806879E+06  0.3684926934E+05  -.5330590992E+06
L7 0.0000000000E+00  0.4745105039E+04  0.1301347675E+05  0.2022783682E+05
L8 0.5768790605E+04  0.5757393277E+05  0.0000000000E+00  0.0000000000E+00
L9 0.0000000000E+00  0.0000000000E+00  0.0000000000E+00  0.1043768228E+01  0.0000000000E+00
L0    81000  0.2720000000E+03  -.3117285080E+06  0.8330702930E+05
L1 0.2996846721E+03  0.2996846721E+03  -.3950355373E+12  0.1000000000E+01
L2 0.1000000000E+01  0.1197489910E+03  0.1197489910E+03  0.1197489910E+03
L3 0.1321879643E+07  0.1099812386E+03  0.1205497748E+02  0.2108072151E+02
L4 0.4770564587E+02  0.1076332102E+05  0.1088113517E+05  0.1091599771E+05
L5 0.3256045390E+05  0.9716994823E+04  0.1076644798E+05  0.1071544250E+05
L6 0.3119888530E+05  -.3950355373E+06  0.3667566374E+05  -.5329631313E+06
L7 0.0000000000E+00  0.4804744331E+04  0.1297171934E+05  0.2028619217E+05
L8 0.5732400978E+04  0.5745687339E+05  0.0000000000E+00  0.0000000000E+00
L9 0.0000000000E+00  0.0000000000E+00  0.0000000000E+00  0.1043736345E+01  0.0000000000E+00
L0    82000  0.2740000000E+03  -.3120270894E+06  0.8325806134E+05
L1 0.2995085171E+03  0.2995085171E+03  -.3952851507E+12  0.1000000000E+01
L2 0.1000000000E+01  0.1197778224E+03  0.1197778224E+03  0.1197778224E+03
L3 0.1322842381E+07  0.5464040217E+02  -.7673516467E+02  -.3102905948E+02
L4 -.1770794066E+02  0.1084757309E+05  0.1088522150E+05  0.1093652147E+05
L5 0.3266931606E+05  0.1032736325E+05  0.1161578691E+05  0.1123193698E+05
L6 0.3317508714E+05  -.3952851507E+06  0.3682605540E+05  -.5332047851E+06
L7 0.0000000000E+00  0.4741392590E+04  0.1285548713E+05  0.2028321793E+05
L8 0.5695569286E+04  0.5751791198E+05  0.0000000000E+00  0.0000000000E+00
L9 0.0000000000E+00  0.0000000000E+00  0.0000000000E+00  0.1042976735E+01  0.0000000000E+00
L0    83000  0.2760000000E+03  -.3122295750E+06  0.8307465012E+05
L1 0.2988487225E+03  0.2988487225E+03  -.3953042251E+12  0.1000000000E+01
L2 0.1000000000E+01  0.1197339032E+03  0.1197339032E+03  0.1197339032E+03
L3 0.1321366535E+07  -.1376766428E+03  0.3674649896E+03  0.2574474357E+03
L4 0.1624119275E+03  0.1080614786E+05  0.1097425791E+05  0.1079601158E+05
L5 0.3257641735E+05  0.1211545082E+05  0.7479670953E+04  0.8347690040E+04
L6 0.2794281181E+05  -.3953042251E+06  0.3701669202E+05  -.5337896422E+06
L7 0.0000000000E+00  0.4808612757E+04  0.1294894227E+05  0.2033663971E+05
L8 0.5754922478E+04  0.5761960786E+05  0.0000000000E+00  0.0000000000E+00
L9 0.0000000000E+00  0.0000000000E+00  0.0000000000E+00  0.1044141645E+01  0.0000000000E+00
L0    84000  0.2780000000E+03  -.3123671519E+06  0.8315860315E+05
L1 0.2991507310E+03  0.2991507310E+03  -.3955257550E+12  0.1000000000E+01
L2 0.1000000000E+01  0.1197261119E+03  0.1197261119E+03  0.1197261119E+03
L3 0.1321123168E+07  0.6133196785E+02  0.5008930331E+02  0.4923401479E+01
L4 0.3878155755E+02  0.1090700674E+05  0.1073951468E+05  0.1087916926E+05
L5 0.3252569067E+05  0.1032384800E+05  0.1026325383E+05  0.1083235640E+05
L6 0.3141945823E+05  -.3955257550E+06  0.3709880609E+05  -.5341628210E+06
L7 0.0000000000E+00  0.4842625605E+04  0.1305851546E+05  0.2039310456E+05
L8 0.5752040641E+04  0.5749197364E+05  0.0000000000E+00  0.0000000000E+00
L9 0.0000000000E+00  0.0000000000E+00  0.0000000000E+00  0.1044333989E+01  0.0000000000E+00
L0    85000  0.2800000000E+03  -.3123857269E+06  0.8312655438E+05
L1 0.2990354403E+03  0.2990354403E+03  -.3955122813E+12  0.1000000000E+01
L2 0.1000000000E+01  0.1196754415E+03  0.1196754415E+03  0.1196754415E+03
L3 0.1319441319E+07  -.8706707485E+02  0.2852983776E+03  0.5028911932E+02
L4 0.8284014069E+02  0.1087123587E+05  0.1086514105E+05  0.1089489381E+05
L5 0.3263127073E+05  0.1169803614E+05  0.8155910514E+04  0.1041734179E+05
L6 0.3027128844E+05  -.3955122813E+06  0.3703549011E+05  -.5338521311E+06
L7 0.0000000000E+00  0.4843849556E+04  0.1304216569E+05  0.2030390183E+05
L8 0.5719410189E+04  0.5739503242E+05  0.0000000000E+00  0.0000000000E+00
L9 0.0000000000E+00  0.0000000000E+00  0.0000000000E+00  0.1045665168E+01  0.0000000000E+00
L0    86000  0.2820000000E+03  -.3112234539E+06  0.8359607648E+05
L1 0.3007244764E+03  0.3007244764E+03  -.3948195304E+12  0.1000000000E+01
L2 0.1000000000E+01  0.1196632906E+03  0.1196632906E+03  0.1196632906E+03
L3 0.1319037761E+07  0.3505823668E+03  -.1379703991E+03  0.7929067180E+02
L4 0.9730087984E+02  0.1093706466E+05  0.1097631618E+05  0.1099119793E+05
L5 0.3290457878E+05  0.7608907107E+04  0.1228610033E+05  0.1023847369E+05
L6 0.3013348112E+05  -.3948195304E+06  0.3681207271E+05  -.5330532429E+06
L7 0.0000000000E+00  0.4770096337E+04  0.1310267806E+05  0.2031059071E+05
L8 0.5746627198E+04  0.5749164753E+05  0.0000000000E+00  0.0000000000E+00
L9 0.0000000000E+00  0.0000000000E+00  0.0000000000E+00  0.1045985088E+01  0.0000000000E+00
L0    87000  0.2840000000E+03  -.3118020703E+06  0.8369883367E+05
L1 0.3010941302E+03  0.3010941302E+03  -.3955009040E+12  0.1000000000E+01
L2 0.1000000000E+01  0.1197185213E+03  0.1197185213E+03  0.1197185213E+03
L3 0.1320888102E+07  -.2436882849E+03  0.1189060518E+03  -.1712147185E+03
L4 -.9866565054E+02  0.1102396866E+05  0.1080581861E+05  0.1100944045E+05
L5 0.3283922772E+05  0.1334060178E+05  0.9675433142E+04  0.1263710050E+05
L6 0.3565313541E+05  -.3955009040E+06  0.3645036326E+05  -.5330737265E+06
L7 0.0000000000E+00  0.4641511596E+04  0.1292567261E+05  0.2028840681E+05
L8 0.5775272361E+04  0.5749159590E+05  0.0000000000E+00  0.0000000000E+00
L9 0.0000000000E+00  0.0000000000E+00  0.0000000000E+00  0.1044519839E+01  0.0000000000E+00
L0    88000  0.2860000000E+03  -.3122047454E+06  0.8327609084E+05
L1 0.2995733756E+03  0.2995733756E+03  -.3954808363E+12  0.1000000000E+01
L2 0.1000000000E+01  0.1197331102E+03  0.1197331102E+03  0.1197331102E+03
L3 0.1321372489E+07  -.3243960714E+03  0.4578231270E+02  -.5391568103E+02
L4 -.1108431466E+03  0.1081280488E+05  0.1090628582E+05  0.1093224172E+05
L5 0.3265133242E+05  0.1389782092E+05  0.1047089470E+05  0.1144498141E+05
L6 0.3581369703E+05  -.3954808363E+06  0.3666183677E+05  -.5333193893E+06
L7 0.0000000000E+00  0.4733656923E+04  0.1290975105E+05  0.2030909041E+05
L8 0.5766225989E+04  0.5745799191E+05  0.0000000000E+00  0.0000000000E+00
L9 0.0000000000E+00  0.0000000000E+00  0.0000000000E+00  0.1044136941E+01  0.0000000000E+00
L0    89000  0.2880000000E+03  -.3117270178E+06  0.8374993312E+05
L1 0.3012779529E+03  0.3012779529E+03  -.3954769510E+12  0.1000000000E+01
L2 0.1000000000E+01  0.1197219924E+03  0.1197219924E+03  0.1197219924E+03
L3 0.1320992942E+07  0.2557798443E+03  -.2460317575E+03  -.4972906236E+02
L4 -.1332699186E+02  0.1097706787E+05  0.1090873747E+05  0.1102377359E+05
L5 0.3290957893E+05  0.8545292830E+04  0.1324783455E+05  0.1149656257E+05
L6 0.3328968995E+05  -.3954769510E+06  0.3687501206E+05  -.5335450670E+06
L7 0.0000000000E+00  0.4704801801E+04  0.1293692931E+05  0.2033968992E+05
L8 0.5736332613E+04  0.5747535031E+05  0.0000000000E+00  0.0000000000E+00
L9 0.0000000000E+00  0.0000000000E+00  0.0000000000E+00  0.1044436941E+01  0.0000000000E+00
L0    90000  0.2900000000E+03  -.3116607290E+06  0.8351325337E+05
L1 0.3004265326E+03  0.3004265326E+03  -.3951739824E+12  0.1000000000E+01
L2 0.1000000000E+01  0.1197301924E+03  0.1197301924E+03  0.1197301924E+03
L3 0.1321283908E+07  -.2902025251E+03  -.1589201484E+03  -.8754650236E+02
L4 -.1788897253E+03  0.1077158945E+05  0.1095943312E+05  0.1099146247E+05
L5 0.3272248504E+05  0.1353123886E+05  0.1247066702E+05  0.1182397643E+05
L6 0.3782588232E+05  -.3951739824E+06  0.3652926739E+05  -.5331466554E+06
L7 0.0000000000E+00  0.4825785715E+04  0.1303816995E+05  0.2032964289E+05
L8 0.5778669354E+04  0.5747113769E+05  0.0000000000E+00  0.0000000000E+00
L9 0.0000000000E+00  0.0000000000E+00  0.0000000000E+00  0.1044206942E+01  0.0000000000E+00
L0    91000  0.2920000000E+03  -.3112428526E+06  0.8343870423E+05
L1 0.3001583531E+03  0.3001583531E+03  -.3946815569E+12  0.1000000000E+01
L2 0.1000000000E+01  0.1197650065E+03  0.1197650065E+03  0.1197650065E+03
L3 0.1322433780E+07  -.2293191074E+03  -.9691564422E+02  -.1331727678E+03
L4 -.1531358398E+03  0.1096653430E+05  0.1089258718E+05  0.1086466343E+05
L5 0.3272378491E+05  0.1314911724E+05  0.1181499803E+05  0.1213215751E+05
L6 0.3709627279E+05  -.3946815569E+06  0.3660536363E+05  -.5324853967E+06
L7 0.0000000000E+00  0.4733878473E+04  0.1296182853E+05  0.2030282494E+05
L8 0.5749483436E+04  0.5745046083E+05  0.0000000000E+00  0.0000000000E+00
L9 0.0000000000E+00  0.0000000000E+00  0.0000000000E+00  0.1043298991E+01  0.0000000000E+00
L0    92000  0.2940000000E+03  -.3120945012E+06  0.8327563220E+05
L1 0.2995717257E+03  0.2995717257E+03  -.3953701334E+12  0.1000000000E+01
L2 0.1000000000E+01  0.1197366284E+03  0.1197366284E+03  0.1197366284E+03
L3 0.1321493170E+07  0.8004112791E+02  -.3082658160E+03  -.2111259933E+03
L4 -.1464502271E+03  0.1089487143E+05  0.1074815109E+05  0.1099770111E+05
L5 0.3264072362E+05  0.1013360846E+05  0.1368003567E+05  0.1300569879E+05
L6 0.3681934293E+05  -.3953701334E+06  0.3669118942E+05  -.5332255872E+06
L7 0.0000000000E+00  0.4693886055E+04  0.1290075182E+05  0.2033226332E+05
L8 0.5788420709E+04  0.5744894248E+05  0.0000000000E+00  0.0000000000E+00
L9 0.0000000000E+00  0.0000000000E+00  0.0000000000E+00  0.1044041588E+01  0.0000000000E+00
L0    93000  0.2960000000E+03  -.3121378615E+06  0.8311048345E+05
L1 0.2989776276E+03  0.2989776276E+03  -.3952483449E+12  0.1000000000E+01
L2 0.1000000000E+01  0.1197104132E+03  0.1197104132E+03  0.1197104132E+03
L3 0.1320618869E+07  -.1122056583E+03  -.2367078351E+03  0.7517874445E+02
L4 -.9124491632E+02  0.1085215900E+05  0.1084099669E+05  0.1095358460E+05
L5 0.3264674030E+05  0.1191862948E+05  0.1309081119E+05  0.1023904033E+05
L6 0.3524848099E+05  -.3952483449E+06  0.3655733824E+05  -.5331677394E+06
L7 0.0000000000E+00  0.4744078390E+04  0.1295230182E+05  0.2032252436E+05
L8 0.5735474244E+04  0.5760767736E+05  0.0000000000E+00  0.0000000000E+00
L9 0.0000000000E+00  0.0000000000E+00  0.0000000000E+00  0.1044732784E+01  0.0000000000E+00
L0    94000  0.2980000000E+03  -.3128104816E+06  0.8295425686E+05
L1 0.2984156256E+03  0.2984156256E+03  -.3957647385E+12  0.1000000000E+01
L2 0.1000000000E+01  0.1196463944E+03  0.1196463944E+03  0.1196463944E+03
L3 0.1318496204E+07  0.4188958493E+03  -.1396795592E+03  -.4234867621E+03
L4 -.4809015732E+02  0.1084732186E+05  0.1087215188E+05  0.1075845713E+05
L5 0.3247793086E+05  0.6872281695E+04  0.1219761705E+05  0.1477706197E+05
L6 0.3384696071E+05  -.3957647385E+06  0.3695259765E+05  -.5338995912E+06
L7 0.0000000000E+00  0.4736606911E+04  0.1298242126E+05  0.2030022547E+05
L8 0.5719241730E+04  0.5744375971E+05  0.0000000000E+00  0.0000000000E+00
L9 0.0000000000E+00  0.0000000000E+00  0.0000000000E+00  0.1046414714E+01  0.0000000000E+00
L0    95000  0.3000000000E+03  -.3124459162E+06  0.8339431961E+05
L1 0.2999986860E+03  0.2999986860E+03  -.3958402358E+12  0.1000000000E+01
L2 0.1000000000E+01  0.1197074053E+03  0.1197074053E+03  0.1197074053E+03
L3 0.1320506702E+07  0.1080308979E+03  -.2184651043E+03  0.1581847201E+03
L4 0.1591683789E+02  0.1088797845E+05  0.1095080500E+05  0.1107330470E+05
L5 0.3291208814E+05  0.9861274637E+04  0.1302705318E+05  0.9569949095E+04
L6 0.3245827691E+05  -.3958402358E+06  0.3685836396E+05  -.5336424919E+06
L7 0.0000000000E+00  0.4791306364E+04  0.1279193574E+05  0.2027197310E+05
L8 0.5747182774E+04  0.5734149421E+05  0.0000000000E+00  0.0000000000E+00
L9 0.0000000000E+00  0.0000000000E+00  0.0000000000E+00  0.1044821526E+01  0.0000000000E+00
L0    96000  0.3020000000E+03  -.3115357949E+06  0.8335051604E+05
L1 0.2998411092E+03  0.2998411092E+03  -.3948863110E+12  0.1000000000E+01
L2 0.1000000000E+01  0.1197127063E+03  0.1197127063E+03  0.1197127063E+03
L3 0.1320686294E+07  0.3162336902E+03  -.3925581229E+03  0.1829685612E+02
L4 -.1934252552E+02  0.1089866707E+05  0.1082241117E+05  0.1081478495E+05
L5 0.3253586319E+05  0.7892837267E+04  0.1455371160E+05  0.1064087168E+05
L6 0.3308742055E+05  -.3948863110E+06  0.3619895439E+05  -.5323869786E+06
L7 0.0000000000E+00  0.4791966514E+04  0.1298581809E+05  0.2035465708E+05
L8 0.5768258763E+04  0.5740101282E+05  0.0000000000E+00  0.0000000000E+00
L9 0.0000000000E+00  0.0000000000E+00  0.0000000000E+00  0.1044679448E+01  0.0000000000E+00
L0    97000  0.3040000000E+03  -.3118530273E+06  0.8327380628E+05
L1 0.2995651572E+03  0.2995651572E+03  -.3951268336E+12  0.1000000000E+01
L2 0.1000000000E+01  0.1197800124E+03  0.1197800124E+03  0.1197800124E+03
L3 0.1322909663E+07  -.1000045761E+03  0.1021355253E+03  0.7893366179E+02
L4 0.2702153701E+02  0.1098015981E+05  0.1100792372E+05  0.1087113464E+05
L5 0.3285921817E+05  0.1193231260E+05  0.1003548198E+05  0.1011959997E+05
L6 0.3208739454E+05  -.3951268336E+06  0.3670104661E+05  -.5329726663E+06
L7 0.0000000000E+00  0.4781932013E+04  0.1295620263E+05  0.2032895369E+05
L8 0.5733062031E+04  0.5734463580E+05  0.0000000000E+00  0.0000000000E+00
L9 0.0000000000E+00  0.0000000000E+00  0.0000000000E+00  0.1042923690E+01  0.0000000000E+00
L0    98000  0.3060000000E+03  -.3119494980E+06  0.8335768827E+05
L1 0.2998669102E+03  0.2998669102E+03  -.3953071863E+12  0.1000000000E+01
L2 0.1000000000E+01  0.1197537596E+03  0.1197537596E+03  0.1197537596E+03
L3 0.1322038176E+07  -.4530114186E+02  0.1024806734E+03  0.7043791968E+02
L4 0.4253915041E+02  0.1084621050E+05  0.1088057519E+05  0.1094355046E+05
L5 0.3267033614E+05  0.1127724271E+05  0.9905490027E+04  0.1027334633E+05
L6 0.3145607907E+05  -.3953071863E+06  0.3689048923E+05  -.5333027857E+06
L7 0.0000000000E+00  0.4758933975E+04  0.1278197804E+05  0.2035272093E+05
L8 0.5764318988E+04  0.5744715824E+05  0.0000000000E+00  0.0000000000E+00
L9 0.0000000000E+00  0.0000000000E+00  0.0000000000E+00  0.1043611185E+01  0.0000000000E+00
L0    99000  0.3080000000E+03  -.3113553698E+06  0.8362978968E+05
L1 0.3008457546E+03  0.3008457546E+03  -.3949851594E+12  0.1000000000E+01
L2 0.1000000000E+01  0.1197149818E+03  0.1197149818E+03  0.1197149818E+03
L3 0.1320764656E+07  -.3710738616E+03  0.1028462632E+03  0.1324570814E+03
L4 -.4525683903E+02  0.1089209303E+05  0.1086919149E+05  0.1086480850E+05
L5 0.3262609302E+05  0.1441939291E+05  0.9891570458E+04  0.9605717266E+04
L6 0.3391668063E+05  -.3949851594E+06  0.3651473697E+05  -.5327890685E+06
L7 0.0000000000E+00  0.4676113000E+04  0.1303863222E+05  0.2028401397E+05
L8 0.5780329296E+04  0.5751008358E+05  0.0000000000E+00  0.0000000000E+00
L9 0.0000000000E+00  0.0000000000E+00  0.0000000000E+00  0.1044617466E+01  0.0000000000E+00
L0   100000  0.3100000000E+03  -.3123041314E+06  0.8303101530E+05
L1 0.2986917527E+03  0.2986917527E+03  -.3953351467E+12  0.1000000000E+01
L2 0.1000000000E+01  0.1196946142E+03  0.1196946142E+03  0.1196946142E+03
L3 0.1320089607E+07  -.3156362936E+02  -.1228757111E+03  0.4525285412E+02
L4 -.3639549546E+02  0.1091544651E+05  0.1084143917E+05  0.1091234678E+05
L5 0.3266923246E+05  0.1121532611E+05  0.1200885623E+05  0.1048240865E+05
L6 0.3370659099E+05  -.3953351467E+06  0.3663012072E+05  -.5333555616E+06
L7 0.0000000000E+00  0.4789193821E+04  0.1301931224E+05  0.2028528364E+05
L8 0.5765310322E+04  0.5753119415E+05  0.0000000000E+00  0.0000000000E+00
L9 0.0000000000E+00  0.0000000000E+00  0.0000000000E+00  0.1045151648E+01  0.0000000000E+00
