L0  Nsteps           time(ps)         Etot             EKinetic        
L1  Temp             T_solute         T_solv           Pres_scal_solu  
L2  Pres_scal_solv   BoxX             BoxY             BoxZ            
L3  volume           pres_X           pres_Y           pres_Z          
L4  Pressure         EKCoM_x          EKCoM_y          EKCoM_z         
L5  EKComTot         VIRIAL_x         VIRIAL_y         VIRIAL_z        
L6  VIRIAL_tot       E_pot            E_vdw            E_el            
L7  E_hbon           E_bon            E_angle          E_dih           
L8  E_14vdw          E_14el           E_const          E_pol           
L9  AV_permMoment    AV_indMoment     AV_totMoment     Density          dV/dlambda      
L0     1000  0.1120000000E+03  -.3509355770E+06  0.9260263722E+05
L1 0.2995612677E+03  0.2995612677E+03  -.4435382142E+12  0.1000000000E+01
L2 0.1000000000E+01  0.1244140824E+03  0.1244140824E+03  0.1244140824E+03
L3 0.1482475740E+07  -.3287290974E+03  0.1433052565E+03  0.1236057839E+03
L4 -.2060601899E+02  0.1235936855E+05  0.1248998564E+05  0.1237336829E+05
L5 0.3722272248E+05  0.1586674452E+05  0.1096098983E+05  0.1105455605E+05
L6 0.3788229040E+05  -.4435382142E+06  0.4438849955E+05  -.5899710929E+06
L7 0.0000000000E+00  0.4807295336E+04  0.1314847316E+05  0.2047129638E+05
L8 0.5755054883E+04  0.5786225938E+05  0.0000000000E+00  0.0000000000E+00
L9 0.0000000000E+00  0.0000000000E+00  0.0000000000E+00  0.1035988835E+01  0.0000000000E+00
L0     2000  0.1140000000E+03  -.3506091541E+06  0.9263778353E+05
L1 0.2996749629E+03  0.2996749629E+03  -.4432469377E+12  0.1000000000E+01
L2 0.1000000000E+01  0.1244679981E+03  0.1244679981E+03  0.1244679981E+03
L3 0.1484392767E+07  0.2544579760E+02  0.3379377787E+02  0.1311356075E+03
L4 0.6345839431E+02  0.1244229504E+05  0.1248019966E+05  0.1240916578E+05
L5 0.3733166048E+05  0.1217044996E+05  0.1211917061E+05  0.1100820479E+05
L6 0.3529782536E+05  -.4432469377E+06  0.4413481865E+05  -.5895442500E+06
L7 0.0000000000E+00  0.4694802724E+04  0.1307780678E+05  0.2054857435E+05
L8 0.5817154020E+04  0.5802415583E+05  0.0000000000E+00  0.0000000000E+00
L9 0.0000000000E+00  0.0000000000E+00  0.0000000000E+00  0.1034650901E+01  0.0000000000E+00
L0     3000  0.1160000000E+03  -.3506358208E+06  0.9274809165E+05
L1 0.3000317998E+03  0.3000317998E+03  -.4433839125E+12  0.1000000000E+01
L2 0.1000000000E+01  0.1244556851E+03  0.1244556851E+03  0.1244556851E+03
L3 0.1483968034E+07  0.1650870817E+03  -.1036980125E+03  -.2280465730E+03
L4 -.5555250126E+02  0.1249928996E+05  0.1252821862E+05  0.1243707750E+05
L5 0.3746458607E+05  0.1073611984E+05  0.1363573857E+05  0.1487267027E+05
L6 0.3924452868E+05  -.4433839125E+06  0.4403153429E+05  -.5893302903E+06
L7 0.0000000000E+00  0.4801431212E+04  0.1302826122E+05  0.2046426659E+05
L8 0.5758533147E+04  0.5786235140E+05  0.0000000000E+00  0.0000000000E+00
L9 0.0000000000E+00  0.0000000000E+00  0.0000000000E+00  0.1034947033E+01  0.0000000000E+00
L0     4000  0.1180000000E+03  -.3511153671E+06  0.9274446910E+05
L1 0.3000200812E+03  0.3000200812E+03  -.4438598362E+12  0.1000000000E+01
L2 0.1000000000E+01  0.1244347603E+03  0.1244347603E+03  0.1244347603E+03
L3 0.1483222667E+07  -.3468846673E+02  -.1030606095E+03  -.9714325024E+02
L4 -.7829744216E+02  0.1250403496E+05  0.1246796710E+05  0.1258578226E+05
L5 0.3755778432E+05  0.1287433012E+05  0.1356812657E+05  0.1362277464E+05
L6 0.4006523133E+05  -.4438598362E+06  0.4397724245E+05  -.5899416266E+06
L7 0.0000000000E+00  0.4838298375E+04  0.1319027822E+05  0.2045459467E+05
L8 0.5791888221E+04  0.5782948849E+05  0.0000000000E+00  0.0000000000E+00
L9 0.0000000000E+00  0.0000000000E+00  0.0000000000E+00  0.1035467127E+01  0.0000000000E+00
L0     5000  0.1200000000E+03  -.3512300746E+06  0.9264714214E+05
L1 0.2997052372E+03  0.2997052372E+03  -.4438772168E+12  0.1000000000E+01
L2 0.1000000000E+01  0.1244106418E+03  0.1244106418E+03  0.1244106418E+03
L3 0.1482363146E+07  -.2215214871E+03  0.3831009269E+02  -.1143875217E+03
L4 -.9919963871E+02  0.1250484739E+05  0.1241834005E+05  0.1248371036E+05
L5 0.3740689780E+05  0.1486819197E+05  0.1200962146E+05  0.1370407563E+05
L6 0.4058188906E+05  -.4438772168E+06  0.4394173098E+05  -.5898891425E+06
L7 0.0000000000E+00  0.4777301822E+04  0.1296269022E+05  0.2046566349E+05
L8 0.5809883601E+04  0.5805465562E+05  0.0000000000E+00  0.0000000000E+00
L9 0.0000000000E+00  0.0000000000E+00  0.0000000000E+00  0.1036067524E+01  0.0000000000E+00
L0     6000  0.1220000000E+03  -.3511253222E+06  0.9260993444E+05
L1 0.2995848736E+03  0.2995848736E+03  -.4437352567E+12  0.1000000000E+01
L2 0.1000000000E+01  0.1244066033E+03  0.1244066033E+03  0.1244066033E+03
L3 0.1482196270E+07  -.5849964444E+02  -.1484738541E+02  0.2868275153E+03
L4 0.7116016183E+02  0.1254222063E+05  0.1232249165E+05  0.1242826217E+05
L5 0.3729297446E+05  0.1316626508E+05  0.1248087601E+05  0.9368532155E+04
L6 0.3501567324E+05  -.4437352567E+06  0.4415229396E+05  -.5902748524E+06
L7 0.0000000000E+00  0.4866753859E+04  0.1315201651E+05  0.2049395744E+05
L8 0.5775300153E+04  0.5809927379E+05  0.0000000000E+00  0.0000000000E+00
L9 0.0000000000E+00  0.0000000000E+00  0.0000000000E+00  0.1036184172E+01  0.0000000000E+00
L0     7000  0.1240000000E+03  -.3507604273E+06  0.9296307960E+05
L1 0.3007272667E+03  0.3007272667E+03  -.4437235069E+12  0.1000000000E+01
L2 0.1000000000E+01  0.1244334319E+03  0.1244334319E+03  0.1244334319E+03
L3 0.1483171688E+07  0.1582626061E+03  -.2029244809E+03  -.1113271817E+03
L4 -.5199635215E+02  0.1242434171E+05  0.1256865458E+05  0.1248538024E+05
L5 0.3747837653E+05  0.1073496571E+05  0.1473477427E+05  0.1367374352E+05
L6 0.3914348350E+05  -.4437235069E+06  0.4378928050E+05  -.5896461635E+06
L7 0.0000000000E+00  0.4707987267E+04  0.1315353335E+05  0.2051383224E+05
L8 0.5776593793E+04  0.5798142948E+05  0.0000000000E+00  0.0000000000E+00
L9 0.0000000000E+00  0.0000000000E+00  0.0000000000E+00  0.1035502718E+01  0.0000000000E+00
L0     8000  0.1260000000E+03  -.3510974486E+06  0.9270627875E+05
L1 0.2998965389E+03  0.2998965389E+03  -.4438037274E+12  0.1000000000E+01
L2 0.1000000000E+01  0.1244731192E+03  0.1244731192E+03  0.1244731192E+03
L3 0.1484601350E+07  -.9044402762E+02  -.3336726953E+03  0.4009892656E+02
L4 -.1280059321E+03  0.1253298515E+05  0.1242729993E+05  0.1239020817E+05
L5 0.3735049325E+05  0.1349936157E+05  0.1599252622E+05  0.1196175913E+05
L6 0.4145364692E+05  -.4438037274E+06  0.4424822707E+05  -.5901606586E+06
L7 0.0000000000E+00  0.4772586098E+04  0.1302401879E+05  0.2045115913E+05
L8 0.5817344415E+04  0.5804359567E+05  0.0000000000E+00  0.0000000000E+00
L9 0.0000000000E+00  0.0000000000E+00  0.0000000000E+00  0.1034505535E+01  0.0000000000E+00
L0     9000  0.1280000000E+03  -.3512276527E+06  0.9301877037E+05
L1 0.3009074213E+03  0.3009074213E+03  -.4442464231E+12  0.1000000000E+01
L2 0.1000000000E+01  0.1243726366E+03  0.1243726366E+03  0.1243726366E+03
L3 0.1481009272E+07  -.7145367961E+02  -.1266618597E+03  -.1952846658E+03
L4 -.1311334017E+03  0.1252389665E+05  0.1251444143E+05  0.1248227563E+05
L5 0.3752061371E+05  0.1328551773E+05  0.1386452365E+05  0.1456380480E+05
L6 0.4171384617E+05  -.4442464231E+06  0.4384456343E+05  -.5901065976E+06
L7 0.0000000000E+00  0.4730539702E+04  0.1312826290E+05  0.2045004471E+05
L8 0.5742924350E+04  0.5796383944E+05  0.0000000000E+00  0.0000000000E+00
L9 0.0000000000E+00  0.0000000000E+00  0.0000000000E+00  0.1037014652E+01  0.0000000000E+00
L0    10000  0.1300000000E+03  -.3513271576E+06  0.9310470029E+05
L1 0.3011853970E+03  0.3011853970E+03  -.4444318579E+12  0.1000000000E+01
L2 0.1000000000E+01  0.1243612243E+03  0.1243612243E+03  0.1243612243E+03
L3 0.1480587037E+07  -.6474542433E+02  -.1056414451E+02  0.1326306754E+02
L4 -.2068216710E+02  0.1267491851E+05  0.1248393179E+05  0.1244147040E+05
L5 0.3760032070E+05  0.1336483990E+05  0.1259650235E+05  0.1230014035E+05
L6 0.3826148260E+05  -.4444318579E+06  0.4416154420E+05  -.5906772622E+06
L7 0.0000000000E+00  0.4703993000E+04  0.1312858326E+05  0.2045533796E+05
L8 0.5754838041E+04  0.5804110792E+05  0.0000000000E+00  0.0000000000E+00
L9 0.0000000000E+00  0.0000000000E+00  0.0000000000E+00  0.1037310388E+01  0.0000000000E+00
L0    11000  0.1320000000E+03  -.3514814492E+06  0.9277689959E+05
L1 0.3001249910E+03  0.3001249910E+03  -.4442583488E+12  0.1000000000E+01
L2 0.1000000000E+01  0.1244076549E+03  0.1244076549E+03  0.1244076549E+03
L3 0.1482243650E+07  0.1241592322E+03  -.9947206904E+02  -.3343467065E+02
L4 -.2915835845E+01  0.1253459055E+05  0.1256833081E+05  0.1235798104E+05
L5 0.3746090240E+05  0.1121008069E+05  0.1362948216E+05  0.1271465650E+05
L6 0.3755421934E+05  -.4442583488E+06  0.4447365233E+05  -.5907690045E+06
L7 0.0000000000E+00  0.4863588722E+04  0.1309968654E+05  0.2034964750E+05
L8 0.5814544411E+04  0.5790953628E+05  0.0000000000E+00  0.0000000000E+00
L9 0.0000000000E+00  0.0000000000E+00  0.0000000000E+00  0.1036151050E+01  0.0000000000E+00
L0    12000  0.1340000000E+03  -.3515465993E+06  0.9279082691E+05
L1 0.3001700446E+03  0.3001700446E+03  -.4443374262E+12  0.1000000000E+01
L2 0.1000000000E+01  0.1244115945E+03  0.1244115945E+03  0.1244115945E+03
L3 0.1482384668E+07  0.2936365971E+03  -.2634151483E+03  -.4352732125E+02
L4 -.4435290808E+01  0.1247568287E+05  0.1240237792E+05  0.1250218417E+05
L5 0.3738024496E+05  0.9342918890E+04  0.1521271389E+05  0.1296657051E+05
L6 0.3752220328E+05  -.4443374262E+06  0.4409284369E+05  -.5906436352E+06
L7 0.0000000000E+00  0.4819064587E+04  0.1323001537E+05  0.2043373358E+05
L8 0.5720331407E+04  0.5801022042E+05  0.0000000000E+00  0.0000000000E+00
L9 0.0000000000E+00  0.0000000000E+00  0.0000000000E+00  0.1036052482E+01  0.0000000000E+00
L0    13000  0.1360000000E+03  -.3514419634E+06  0.9256216329E+05
L1 0.2994303382E+03  0.2994303382E+03  -.4440041267E+12  0.1000000000E+01
L2 0.1000000000E+01  0.1244105491E+03  0.1244105491E+03  0.1244105491E+03
L3 0.1482333220E+07  -.3295130553E+02  -.4556219383E+02  0.3847084588E+03
L4 0.1020649865E+03  0.1245270901E+05  0.1222515799E+05  0.1249881703E+05
L5 0.3717668403E+05  0.1280424925E+05  0.1271123721E+05  0.8394563718E+04
L6 0.3391005018E+05  -.4440041267E+06  0.4404779531E+05  -.5901198455E+06
L7 0.0000000000E+00  0.4917179787E+04  0.1292312658E+05  0.2046374645E+05
L8 0.5768125782E+04  0.5799574490E+05  0.0000000000E+00  0.0000000000E+00
L9 0.0000000000E+00  0.0000000000E+00  0.0000000000E+00  0.1036088440E+01  0.0000000000E+00
L0    14000  0.1380000000E+03  -.3516813008E+06  0.9205849548E+05
L1 0.2978010178E+03  0.2978010178E+03  -.4437397963E+12  0.1000000000E+01
L2 0.1000000000E+01  0.1244080357E+03  0.1244080357E+03  0.1244080357E+03
L3 0.1482243979E+07  0.2412093700E+03  -.1310119294E+03  0.1824259489E+03
L4 0.9754112982E+02  0.1230724116E+05  0.1246705987E+05  0.1237762680E+05
L5 0.3715192783E+05  0.9734059484E+04  0.1386467347E+05  0.1043153695E+05
L6 0.3403026990E+05  -.4437397963E+06  0.4432291960E+05  -.5902652360E+06
L7 0.0000000000E+00  0.4881993865E+04  0.1312571161E+05  0.2047212915E+05
L8 0.5754290252E+04  0.5796839520E+05  0.0000000000E+00  0.0000000000E+00
L9 0.0000000000E+00  0.0000000000E+00  0.0000000000E+00  0.1036150820E+01  0.0000000000E+00
L0    15000  0.1400000000E+03  -.3517835691E+06  0.9271067484E+05
L1 0.2999107598E+03  0.2999107598E+03  -.4444942439E+12  0.1000000000E+01
L2 0.1000000000E+01  0.1244084946E+03  0.1244084946E+03  0.1244084946E+03
L3 0.1482286577E+07  -.1167681761E+03  0.4039163361E+02  -.2253478650E+03
L4 -.1005748025E+03  0.1249946006E+05  0.1237397090E+05  0.1238543067E+05
L5 0.3725886163E+05  0.1374515945E+05  0.1194306725E+05  0.1478947352E+05
L6 0.4047770022E+05  -.4444942439E+06  0.4404087163E+05  -.5905660933E+06
L7 0.0000000000E+00  0.4787413848E+04  0.1302228886E+05  0.2046429202E+05
L8 0.5813874869E+04  0.5794310816E+05  0.0000000000E+00  0.0000000000E+00
L9 0.0000000000E+00  0.0000000000E+00  0.0000000000E+00  0.1036121043E+01  0.0000000000E+00
L0    16000  0.1420000000E+03  -.3513510138E+06  0.9258601538E+05
L1 0.2995074976E+03  0.2995074976E+03  -.4439370292E+12  0.1000000000E+01
L2 0.1000000000E+01  0.1243841268E+03  0.1243841268E+03  0.1243841268E+03
L3 0.1481395145E+07  -.2309016023E+03  0.6919594663E+02  0.3276238217E+03
L4 0.5530605536E+02  0.1244144998E+05  0.1236815376E+05  0.1249662150E+05
L5 0.3730622524E+05  0.1490325948E+05  0.1163040557E+05  0.9003586243E+04
L6 0.3553725129E+05  -.4439370292E+06  0.4435679180E+05  -.5905330401E+06
L7 0.0000000000E+00  0.4797078064E+04  0.1310684695E+05  0.2041280698E+05
L8 0.5846609584E+04  0.5807587753E+05  0.0000000000E+00  0.0000000000E+00
L9 0.0000000000E+00  0.0000000000E+00  0.0000000000E+00  0.1036744530E+01  0.0000000000E+00
L0    17000  0.1440000000E+03  -.3517101493E+06  0.9245358435E+05
L1 0.2990790950E+03  0.2990790950E+03  -.4441637336E+12  0.1000000000E+01
L2 0.1000000000E+01  0.1243640654E+03  0.1243640654E+03  0.1243640654E+03
L3 0.1480682592E+07  0.2245757162E+03  -.1438785936E+03  -.8237834302E+01
L4 0.2415309609E+02  0.1237571513E+05  0.1255848899E+05  0.1243068440E+05
L5 0.3736488852E+05  0.9982502182E+04  0.1409174521E+05  0.1251847168E+05
L6 0.3659271907E+05  -.4441637336E+06  0.4403463790E+05  -.5901403356E+06
L7 0.0000000000E+00  0.4700192206E+04  0.1301168826E+05  0.2041855972E+05
L8 0.5826352555E+04  0.5798517134E+05  0.0000000000E+00  0.0000000000E+00
L9 0.0000000000E+00  0.0000000000E+00  0.0000000000E+00  0.1037243446E+01  0.0000000000E+00
L0    18000  0.1460000000E+03  -.3509870768E+06  0.9315391660E+05
L1 0.3013446073E+03  0.3013446073E+03  -.4441409934E+12  0.1000000000E+01
L2 0.1000000000E+01  0.1243719505E+03  0.1243719505E+03  0.1243719505E+03
L3 0.1480963553E+07  0.5209218159E+02  -.2529199235E+02  0.6144023931E+02
L4 0.2941347618E+02  0.1259773402E+05  0.1248518739E+05  0.1253292302E+05
L5 0.3761584443E+05  0.1204250329E+05  0.1275476511E+05  0.1187805490E+05
L6 0.3667532330E+05  -.4441409934E+06  0.4437008977E+05  -.5906680682E+06
L7 0.0000000000E+00  0.4667000787E+04  0.1317697481E+05  0.2044220644E+05
L8 0.5806361227E+04  0.5806444173E+05  0.0000000000E+00  0.0000000000E+00
L9 0.0000000000E+00  0.0000000000E+00  0.0000000000E+00  0.1037046665E+01  0.0000000000E+00
L0    19000  0.1480000000E+03  -.3513775881E+06  0.9289466477E+05
L1 0.3005059508E+03  0.3005059508E+03  -.4442722529E+12  0.1000000000E+01
L2 0.1000000000E+01  0.1243791317E+03  0.1243791317E+03  0.1243791317E+03
L3 0.1481215445E+07  0.3458293379E+03  -.1309224749E+03  -.2094789336E+02
L4 0.6465298988E+02  0.1240075867E+05  0.1247276992E+05  0.1243650351E+05
L5 0.3731003210E+05  0.8714068463E+04  0.1386846008E+05  0.1265981711E+05
L6 0.3524234565E+05  -.4442722529E+06  0.4437083234E+05  -.5907173224E+06
L7 0.0000000000E+00  0.4732149657E+04  0.1306475176E+05  0.2051506671E+05
L8 0.5757685488E+04  0.5800458356E+05  0.0000000000E+00  0.0000000000E+00
L9 0.0000000000E+00  0.0000000000E+00  0.0000000000E+00  0.1036870307E+01  0.0000000000E+00
L0    20000  0.1500000000E+03  -.3523128730E+06  0.9227074048E+05
L1 0.2984876114E+03  0.2984876114E+03  -.4445836135E+12  0.1000000000E+01
L2 0.1000000000E+01  0.1243754232E+03  0.1243754232E+03  0.1243754232E+03
L3 0.1481091020E+07  -.6244078084E+02  0.1977873128E+02  0.5352710175E+02
L4 0.3621684064E+01  0.1225955413E+05  0.1236726535E+05  0.1245336243E+05
L5 0.3708018191E+05  0.1292514392E+05  0.1215643324E+05  0.1188278832E+05
L6 0.3696436549E+05  -.4445836135E+06  0.4416158728E+05  -.5909214016E+06
L7 0.0000000000E+00  0.4769462054E+04  0.1311502304E+05  0.2047972038E+05
L8 0.5782643954E+04  0.5802935138E+05  0.0000000000E+00  0.0000000000E+00
L9 0.0000000000E+00  0.0000000000E+00  0.0000000000E+00  0.1036957414E+01  0.0000000000E+00
L0    21000  0.1520000000E+03  -.3515219536E+06  0.9274122064E+05
L1 0.3000095727E+03  0.3000095727E+03  -.4442631743E+12  0.1000000000E+01
L2 0.1000000000E+01  0.1244121690E+03  0.1244121690E+03  0.1244121690E+03
L3 0.1482394436E+07  0.1008939902E+03  0.1006270810E+03  0.2947373344E+02
L4 0.7699826822E+02  0.1247751542E+05  0.1246327416E+05  0.1232477269E+05
L5 0.3726556227E+05  0.1140108576E+05  0.1138969213E+05  0.1201031986E+05
L6 0.3480109776E+05  -.4442631743E+06  0.4443503501E+05  -.5908241389E+06
L7 0.0000000000E+00  0.4777311343E+04  0.1312069656E+05  0.2049381921E+05
L8 0.5779475199E+04  0.5795462728E+05  0.0000000000E+00  0.0000000000E+00
L9 0.0000000000E+00  0.0000000000E+00  0.0000000000E+00  0.1036045654E+01  0.0000000000E+00
L0    22000  0.1540000000E+03  -.3509692587E+06  0.9277778436E+05
L1 0.3001278531E+03  0.3001278531E+03  -.4437470431E+12  0.1000000000E+01
L2 0.1000000000E+01  0.1243927441E+03  0.1243927441E+03  0.1243927441E+03
L3 0.1481699971E+07  0.1136379949E+03  0.1947129903E+02  0.1028773607E+03
L4 0.7866221824E+02  0.1250277480E+05  0.1248880977E+05  0.1251940506E+05
L5 0.3751098963E+05  0.1129094838E+05  0.1228116941E+05  0.1142232918E+05
L6 0.3499444697E+05  -.4437470431E+06  0.4363521875E+05  -.5896735252E+06
L7 0.0000000000E+00  0.4803404748E+04  0.1321504372E+05  0.2049189616E+05
L8 0.5793834563E+04  0.5798708416E+05  0.0000000000E+00  0.0000000000E+00
L9 0.0000000000E+00  0.0000000000E+00  0.0000000000E+00  0.1036531244E+01  0.0000000000E+00
L0    23000  0.1560000000E+03  -.3510365805E+06  0.9275633326E+05
L1 0.3000584607E+03  0.3000584607E+03  -.4437929138E+12  0.1000000000E+01
L2 0.1000000000E+01  0.1243462728E+03  0.1243462728E+03  0.1243462728E+03
L3 0.1480050636E+07  0.1161343097E+02  -.1879683568E+03  0.1699197238E+03
L4 -.2145067353E+01  0.1241193443E+05  0.1235268433E+05  0.1244564221E+05
L5 0.3721026097E+05  0.1228822759E+05  0.1435493247E+05  0.1063564899E+05
L6 0.3727880906E+05  -.4437929138E+06  0.4388763784E+05  -.5898173680E+06
L7 0.0000000000E+00  0.4761844084E+04  0.1310527132E+05  0.2047083429E+05
L8 0.5847593329E+04  0.5795127338E+05  0.0000000000E+00  0.0000000000E+00
L9 0.0000000000E+00  0.0000000000E+00  0.0000000000E+00  0.1037686331E+01  0.0000000000E+00
L0    24000  0.1580000000E+03  -.3509600305E+06  0.9235154329E+05
L1 0.2987490013E+03  0.2987490013E+03  -.4433115738E+12  0.1000000000E+01
L2 0.1000000000E+01  0.1244123054E+03  0.1244123054E+03  0.1244123054E+03
L3 0.1482390048E+07  0.9028888320E+02  0.5648916493E+01  0.3452420921E+03
L4 0.1470599639E+03  0.1234945030E+05  0.1232805733E+05  0.1238960846E+05
L5 0.3706711609E+05  0.1138616851E+05  0.1226778968E+05  0.8706259970E+04
L6 0.3236021816E+05  -.4433115738E+06  0.4420848395E+05  -.5899760683E+06
L7 0.0000000000E+00  0.4790659250E+04  0.1322680746E+05  0.2046125554E+05
L8 0.5807530482E+04  0.5816975778E+05  0.0000000000E+00  0.0000000000E+00
L9 0.0000000000E+00  0.0000000000E+00  0.0000000000E+00  0.1036048722E+01  0.0000000000E+00
L0    25000  0.1600000000E+03  -.3513324495E+06  0.9259855257E+05
L1 0.2995480542E+03  0.2995480542E+03  -.4439310020E+12  0.1000000000E+01
L2 0.1000000000E+01  0.1244352219E+03  0.1244352219E+03  0.1244352219E+03
L3 0.1483248558E+07  0.4591546787E+01  -.2267201405E+03  -.2255655868E+03
L4 -.1492313935E+03  0.1235602257E+05  0.1250018384E+05  0.1240075711E+05
L5 0.3725696351E+05  0.1230700751E+05  0.1492043600E+05  0.1480868433E+05
L6 0.4203612784E+05  -.4439310020E+06  0.4393047493E+05  -.5899432427E+06
L7 0.0000000000E+00  0.4799821987E+04  0.1303640738E+05  0.2044872376E+05
L8 0.5761516227E+04  0.5803529635E+05  0.0000000000E+00  0.0000000000E+00
L9 0.0000000000E+00  0.0000000000E+00  0.0000000000E+00  0.1035449053E+01  0.0000000000E+00
L0    26000  0.1620000000E+03  -.3505584993E+06  0.9305868739E+05
L1 0.3010365494E+03  0.3010365494E+03  -.4436171867E+12  0.1000000000E+01
L2 0.1000000000E+01  0.1244352927E+03  0.1244352927E+03  0.1244352927E+03
L3 0.1483232427E+07  0.1237897743E+03  0.8338305312E+02  -.2316537067E+03
L4 -.8160293092E+01  0.1247458026E+05  0.1245334518E+05  0.1251327488E+05
L5 0.3744120033E+05  0.1115313079E+05  0.1156323538E+05  0.1498616629E+05
L6 0.3770253246E+05  -.4436171867E+06  0.4420374709E+05  -.5900455604E+06
L7 0.0000000000E+00  0.4853886075E+04  0.1309813472E+05  0.2044737727E+05
L8 0.5824129246E+04  0.5800109927E+05  0.0000000000E+00  0.0000000000E+00
L9 0.0000000000E+00  0.0000000000E+00  0.0000000000E+00  0.1035460314E+01  0.0000000000E+00
L0    27000  0.1640000000E+03  -.3512240705E+06  0.9277580254E+05
L1 0.3001214421E+03  0.3001214421E+03  -.4439998731E+12  0.1000000000E+01
L2 0.1000000000E+01  0.1244555255E+03  0.1244555255E+03  0.1244555255E+03
L3 0.1483940496E+07  0.2161771886E+03  0.2152978450E+03  -.1034392701E+03
L4 0.1093452545E+03  0.1238834313E+05  0.1229898407E+05  0.1251692960E+05
L5 0.3720425681E+05  0.1007956112E+05  0.9999593482E+04  0.1362166562E+05
L6 0.3370082022E+05  -.4439998731E+06  0.4454459368E+05  -.5906310327E+06
L7 0.0000000000E+00  0.4823976097E+04  0.1311432341E+05  0.2048751934E+05
L8 0.5788122816E+04  0.5787262432E+05  0.0000000000E+00  0.0000000000E+00
L9 0.0000000000E+00  0.0000000000E+00  0.0000000000E+00  0.1034966239E+01  0.0000000000E+00
L0    28000  0.1660000000E+03  -.3513791993E+06  0.9276694117E+05
L1 0.3000927764E+03  0.3000927764E+03  -.4441461405E+12  0.1000000000E+01
L2 0.1000000000E+01  0.1244360938E+03  0.1244360938E+03  0.1244360938E+03
L3 0.1483268099E+07  -.1604753155E+02  -.1822048437E+03  0.1444517262E+02
L4 -.6126906754E+02  0.1239465825E+05  0.1223912606E+05  0.1245590713E+05
L5 0.3708969144E+05  0.1256596895E+05  0.1418420017E+05  0.1230170194E+05
L6 0.3905187106E+05  -.4441461405E+06  0.4381390343E+05  -.5900304337E+06
L7 0.0000000000E+00  0.4794637416E+04  0.1292951525E+05  0.2049075117E+05
L8 0.5839283413E+04  0.5801620255E+05  0.0000000000E+00  0.0000000000E+00
L9 0.0000000000E+00  0.0000000000E+00  0.0000000000E+00  0.1035435411E+01  0.0000000000E+00
L0    29000  0.1680000000E+03  -.3514063297E+06  0.9249016528E+05
L1 0.2991974310E+03  0.2991974310E+03  -.4438964949E+12  0.1000000000E+01
L2 0.1000000000E+01  0.1243998238E+03  0.1243998238E+03  0.1243998238E+03
L3 0.1481976545E+07  0.5308754918E+02  -.8881722578E+02  -.2632088172E+03
L4 -.9964616459E+02  0.1252013130E+05  0.1237596632E+05  0.1231052058E+05
L5 0.3720661820E+05  0.1195390429E+05  0.1332328284E+05  0.1511788211E+05
L6 0.4039506924E+05  -.4438964949E+06  0.4415329418E+05  -.5899812809E+06
L7 0.0000000000E+00  0.4616644989E+04  0.1306508366E+05  0.2039421035E+05
L8 0.5784753103E+04  0.5807079970E+05  0.0000000000E+00  0.0000000000E+00
L9 0.0000000000E+00  0.0000000000E+00  0.0000000000E+00  0.1036337801E+01  0.0000000000E+00
L0    30000  0.1700000000E+03  -.3515871295E+06  0.9246480302E+05
L1 0.2991153864E+03  0.2991153864E+03  -.4440519325E+12  0.1000000000E+01
L2 0.1000000000E+01  0.1243997244E+03  0.1243997244E+03  0.1243997244E+03
L3 0.1481958880E+07  0.4236204263E+03  -.1120146038E+03  -.2902679988E+03
L4 0.7112607882E+01  0.1242887069E+05  0.1234062217E+05  0.1240705874E+05
L5 0.3717655160E+05  0.7910627248E+04  0.1353534560E+05  0.1550299416E+05
L6 0.3694896701E+05  -.4440519325E+06  0.4409509042E+05  -.5902713592E+06
L7 0.0000000000E+00  0.4737576156E+04  0.1297553672E+05  0.2048627072E+05
L8 0.5820662810E+04  0.5810428985E+05  0.0000000000E+00  0.0000000000E+00
L9 0.0000000000E+00  0.0000000000E+00  0.0000000000E+00  0.1036350154E+01  0.0000000000E+00
L0    31000  0.1720000000E+03  -.3519046478E+06  0.9250504206E+05
L1 0.2992455561E+03  0.2992455561E+03  -.4444096899E+12  0.1000000000E+01
L2 0.1000000000E+01  0.1243623644E+03  0.1243623644E+03  0.1243623644E+03
L3 0.1480635415E+07  -.2240006560E+03  -.5283253290E+02  0.4079502082E+02
L4 -.7867938936E+02  0.1236896367E+05  0.1240750984E+05  0.1236647778E+05
L5 0.3714295129E+05  0.1475597238E+05  0.1297050692E+05  0.1193175553E+05
L6 0.3965823482E+05  -.4444096899E+06  0.4401923704E+05  -.5906780674E+06
L7 0.0000000000E+00  0.4787521854E+04  0.1308403408E+05  0.2041299238E+05
L8 0.5848099213E+04  0.5811649298E+05  0.0000000000E+00  0.0000000000E+00
L9 0.0000000000E+00  0.0000000000E+00  0.0000000000E+00  0.1037276495E+01  0.0000000000E+00
L0    32000  0.1740000000E+03  -.3516525097E+06  0.9250777898E+05
L1 0.2992544098E+03  0.2992544098E+03  -.4441602887E+12  0.1000000000E+01
L2 0.1000000000E+01  0.1243299357E+03  0.1243299357E+03  0.1243299357E+03
L3 0.1479464942E+07  0.7218895775E+02  -.3923027490E+02  0.1529409531E+02
L4 0.1608425939E+02  0.1233218643E+05  0.1241732391E+05  0.1250154338E+05
L5 0.3725105373E+05  0.1156353042E+05  0.1283504135E+05  0.1233869440E+05
L6 0.3673726617E+05  -.4441602887E+06  0.4409284791E+05  -.5903365359E+06
L7 0.0000000000E+00  0.4778623113E+04  0.1301949850E+05  0.2052462754E+05
L8 0.5798372963E+04  0.5796227721E+05  0.0000000000E+00  0.0000000000E+00
L9 0.0000000000E+00  0.0000000000E+00  0.0000000000E+00  0.1038097133E+01  0.0000000000E+00
L0    33000  0.1760000000E+03  -.3519905789E+06  0.9254757160E+05
L1 0.2993831354E+03  0.2993831354E+03  -.4445381505E+12  0.1000000000E+01
L2 0.1000000000E+01  0.1243566590E+03  0.1243566590E+03  0.1243566590E+03
L3 0.1480437575E+07  -.2096117937E+02  -.2859057614E+03  -.6391144461E+02
L4 -.1235927951E+03  0.1240593564E+05  0.1251290106E+05  0.1225784468E+05
L5 0.3717668138E+05  0.1262927352E+05  0.1555917943E+05  0.1293881050E+05
L6 0.4112726345E+05  -.4445381505E+06  0.4384911570E+05  -.5905160780E+06
L7 0.0000000000E+00  0.4790622732E+04  0.1307472088E+05  0.2043937478E+05
L8 0.5771819119E+04  0.5805227436E+05  0.0000000000E+00  0.0000000000E+00
L9 0.0000000000E+00  0.0000000000E+00  0.0000000000E+00  0.1037415113E+01  0.0000000000E+00
L0    34000  0.1780000000E+03  -.3514976253E+06  0.9266660401E+05
L1 0.2997681946E+03  0.2997681946E+03  -.4441642293E+12  0.1000000000E+01
L2 0.1000000000E+01  0.1243836370E+03  0.1243836370E+03  0.1243836370E+03
L3 0.1481398543E+07  -.2283609726E+03  0.1149635365E+03  -.1951257412E+03
L4 -.1028410591E+03  0.1255905253E+05  0.1248444929E+05  0.1234771040E+05
L5 0.3739121223E+05  0.1499378013E+05  0.1125873681E+05  0.1442809226E+05
L6 0.4068060920E+05  -.4441642293E+06  0.4401364137E+05  -.5904296109E+06
L7 0.0000000000E+00  0.4840396549E+04  0.1308908227E+05  0.2046180165E+05
L8 0.5748847990E+04  0.5811161171E+05  0.0000000000E+00  0.0000000000E+00
L9 0.0000000000E+00  0.0000000000E+00  0.0000000000E+00  0.1036742152E+01  0.0000000000E+00
L0    35000  0.1800000000E+03  -.3520546028E+06  0.9283712086E+05
L1 0.3003198014E+03  0.3003198014E+03  -.4448917237E+12  0.1000000000E+01
L2 0.1000000000E+01  0.1243823180E+03  0.1243823180E+03  0.1243823180E+03
L3 0.1481350687E+07  -.1906441854E+03  -.1098596070E+03  0.8477401142E+01
L4 -.9734213043E+02  0.1257244125E+05  0.1243477797E+05  0.1251003292E+05
L5 0.3751725215E+05  0.1460497623E+05  0.1360603580E+05  0.1241965191E+05
L6 0.4063066393E+05  -.4448917237E+06  0.4389031698E+05  -.5908895391E+06
L7 0.0000000000E+00  0.4802921807E+04  0.1308221029E+05  0.2046823544E+05
L8 0.5739411803E+04  0.5801471911E+05  0.0000000000E+00  0.0000000000E+00
L9 0.0000000000E+00  0.0000000000E+00  0.0000000000E+00  0.1036775645E+01  0.0000000000E+00
L0    36000  0.1820000000E+03  -.3520606887E+06  0.9237406115E+05
L1 0.2988218446E+03  0.2988218446E+03  -.4444347498E+12  0.1000000000E+01
L2 0.1000000000E+01  0.1243686273E+03  0.1243686273E+03  0.1243686273E+03
L3 0.1480854494E+07  -.1336033792E+03  -.2469833280E+03  0.2496525519E+03
L4 -.4364471847E+02  0.1233175632E+05  0.1235394370E+05  0.1235869120E+05
L5 0.3704439122E+05  0.1375567901E+05  0.1498625111E+05  0.9697935642E+04
L6 0.3843986576E+05  -.4444347498E+06  0.4419897351E+05  -.5905569666E+06
L7 0.0000000000E+00  0.4785820267E+04  0.1292540000E+05  0.2050750191E+05
L8 0.5775237834E+04  0.5792928323E+05  0.0000000000E+00  0.0000000000E+00
L9 0.0000000000E+00  0.0000000000E+00  0.0000000000E+00  0.1037123040E+01  0.0000000000E+00
L0    37000  0.1840000000E+03  -.3512060621E+06  0.9283809185E+05
L1 0.3003229424E+03  0.3003229424E+03  -.4440441539E+12  0.1000000000E+01
L2 0.1000000000E+01  0.1243843377E+03  0.1243843377E+03  0.1243843377E+03
L3 0.1481405015E+07  -.7171628030E+02  -.1224732331E+03  0.3070513834E+03
L4 0.3762062333E+02  0.1240289389E+05  0.1249725817E+05  0.1241236287E+05
L5 0.3731251493E+05  0.1316751827E+05  0.1380304286E+05  0.9138643495E+04
L6 0.3610920463E+05  -.4440441539E+06  0.4350300953E+05  -.5896330519E+06
L7 0.0000000000E+00  0.4889687473E+04  0.1308032054E+05  0.2042313068E+05
L8 0.5769699099E+04  0.5792305060E+05  0.0000000000E+00  0.0000000000E+00
L9 0.0000000000E+00  0.0000000000E+00  0.0000000000E+00  0.1036737623E+01  0.0000000000E+00
L0    38000  0.1860000000E+03  -.3513181374E+06  0.9281099145E+05
L1 0.3002352751E+03  0.3002352751E+03  -.4441291288E+12  0.1000000000E+01
L2 0.1000000000E+01  0.1244056039E+03  0.1244056039E+03  0.1244056039E+03
L3 0.1482164834E+07  0.1776200736E+03  -.2046432958E+03  0.1432603433E+03
L4 0.3874570704E+02  0.1246026899E+05  0.1241141899E+05  0.1241923854E+05
L5 0.3729092652E+05  0.1056554859E+05  0.1459440326E+05  0.1089104249E+05
L6 0.3605099434E+05  -.4441291288E+06  0.4402259484E+05  -.5901190705E+06
L7 0.0000000000E+00  0.4725395232E+04  0.1300385749E+05  0.2044092597E+05
L8 0.5812793188E+04  0.5798437497E+05  0.0000000000E+00  0.0000000000E+00
L9 0.0000000000E+00  0.0000000000E+00  0.0000000000E+00  0.1036206148E+01  0.0000000000E+00
L0    39000  0.1880000000E+03  -.3511475498E+06  0.9283380712E+05
L1 0.3003090817E+03  0.3003090817E+03  -.4439813569E+12  0.1000000000E+01
L2 0.1000000000E+01  0.1243918632E+03  0.1243918632E+03  0.1243918632E+03
L3 0.1481678376E+07  -.1752478274E+03  0.1015254523E+03  0.8537736710E+02
L4 0.3884997346E+01  0.1243011023E+05  0.1251306393E+05  0.1263562780E+05
L5 0.3757880197E+05  0.1429891169E+05  0.1143042048E+05  0.1172518372E+05
L6 0.3745451589E+05  -.4439813569E+06  0.4383724163E+05  -.5898648267E+06
L7 0.0000000000E+00  0.4812110668E+04  0.1288243868E+05  0.2041754646E+05
L8 0.5792896920E+04  0.5814123545E+05  0.0000000000E+00  0.0000000000E+00
L9 0.0000000000E+00  0.0000000000E+00  0.0000000000E+00  0.1036546351E+01  0.0000000000E+00
L0    40000  0.1900000000E+03  -.3516591377E+06  0.9271944530E+05
L1 0.2999391314E+03  0.2999391314E+03  -.4443785830E+12  0.1000000000E+01
L2 0.1000000000E+01  0.1244027043E+03  0.1244027043E+03  0.1244027043E+03
L3 0.1482050607E+07  0.1630012718E+03  -.8971383358E+01  0.2025169798E+03
L4 0.1188489561E+03  0.1241752313E+05  0.1257706740E+05  0.1237243764E+05
L5 0.3736702817E+05  0.1067887936E+05  0.1267276015E+05  0.1021230184E+05
L6 0.3356394135E+05  -.4443785830E+06  0.4400451259E+05  -.5903861241E+06
L7 0.0000000000E+00  0.4783791746E+04  0.1300326987E+05  0.2041021861E+05
L8 0.5806886087E+04  0.5799886216E+05  0.0000000000E+00  0.0000000000E+00
L9 0.0000000000E+00  0.0000000000E+00  0.0000000000E+00  0.1036286013E+01  0.0000000000E+00
L0    41000  0.1920000000E+03  -.3518340518E+06  0.9254538575E+05
L1 0.2993760643E+03  0.2993760643E+03  -.4443794376E+12  0.1000000000E+01
L2 0.1000000000E+01  0.1243389360E+03  0.1243389360E+03  0.1243389360E+03
L3 0.1479797471E+07  0.5808612432E+02  -.1254539486E+03  -.1391443429E+03
L4 -.6883738908E+02  0.1240150867E+05  0.1240173721E+05  0.1251110782E+05
L5 0.3731435370E+05  0.1178287826E+05  0.1373785023E+05  0.1399302664E+05
L6 0.3951375514E+05  -.4443794376E+06  0.4406321857E+05  -.5906287883E+06
L7 0.0000000000E+00  0.4735873436E+04  0.1299967617E+05  0.2048382060E+05
L8 0.5860195861E+04  0.5810656606E+05  0.0000000000E+00  0.0000000000E+00
L9 0.0000000000E+00  0.0000000000E+00  0.0000000000E+00  0.1037863859E+01  0.0000000000E+00
L0    42000  0.1940000000E+03  -.3517451657E+06  0.9289468509E+05
L1 0.3005060165E+03  0.3005060165E+03  -.4446398508E+12  0.1000000000E+01
L2 0.1000000000E+01  0.1243820085E+03  0.1243820085E+03  0.1243820085E+03
L3 0.1481330623E+07  -.2887560493E+02  0.5142173901E+02  -.1100675872E+03
L4 -.2917381771E+02  0.1243181843E+05  0.1236475104E+05  0.1246721897E+05
L5 0.3726378844E+05  0.1273966880E+05  0.1181653045E+05  0.1364067826E+05
L6 0.3819687750E+05  -.4446398508E+06  0.4441190841E+05  -.5911693126E+06
L7 0.0000000000E+00  0.4912670504E+04  0.1299990109E+05  0.2044987614E+05
L8 0.5752800777E+04  0.5800230484E+05  0.0000000000E+00  0.0000000000E+00
L9 0.0000000000E+00  0.0000000000E+00  0.0000000000E+00  0.1036789688E+01  0.0000000000E+00
L0    43000  0.1960000000E+03  -.3515471894E+06  0.9290173152E+05
L1 0.3005288111E+03  0.3005288111E+03  -.4444489209E+12  0.1000000000E+01
L2 0.1000000000E+01  0.1243866135E+03  0.1243866135E+03  0.1243866135E+03
L3 0.1481501937E+07  0.3002372837E+01  -.1101320687E+03  -.1342865643E+03
L4 -.8047208673E+02  0.1249789359E+05  0.1256847239E+05  0.1249494845E+05
L5 0.3756131444E+05  0.1246588081E+05  0.1374275493E+05  0.1392677815E+05
L6 0.4013541389E+05  -.4444489209E+06  0.4393834748E+05  -.5905578335E+06
L7 0.0000000000E+00  0.4826474055E+04  0.1294777229E+05  0.2045667214E+05
L8 0.5777694983E+04  0.5816195166E+05  0.0000000000E+00  0.0000000000E+00
L9 0.0000000000E+00  0.0000000000E+00  0.0000000000E+00  0.1036669798E+01  0.0000000000E+00
L0    44000  0.1980000000E+03  -.3513873829E+06  0.9256138654E+05
L1 0.2994278255E+03  0.2994278255E+03  -.4439487695E+12  0.1000000000E+01
L2 0.1000000000E+01  0.1244301836E+03  0.1244301836E+03  0.1244301836E+03
L3 0.1483037519E+07  0.2910244314E+03  -.6939140637E+02  0.3100333184E+02
L4 0.8421211895E+02  0.1241913513E+05  0.1233404637E+05  0.1243867711E+05
L5 0.3719185860E+05  0.9312872529E+04  0.1307469872E+05  0.1210776163E+05
L6 0.3449533288E+05  -.4439487695E+06  0.4391918661E+05  -.5897610245E+06
L7 0.0000000000E+00  0.4764267853E+04  0.1308403333E+05  0.2044739657E+05
L8 0.5770376714E+04  0.5782699399E+05  0.0000000000E+00  0.0000000000E+00
L9 0.0000000000E+00  0.0000000000E+00  0.0000000000E+00  0.1035596399E+01  0.0000000000E+00
L0    45000  0.2000000000E+03  -.3504903969E+06  0.9325787470E+05
L1 0.3016809025E+03  0.3016809025E+03  -.4437482716E+12  0.1000000000E+01
L2 0.1000000000E+01  0.1244070978E+03  0.1244070978E+03  0.1244070978E+03
L3 0.1482216631E+07  0.2458633198E+03  -.7818589303E+02  -.1519382608E+02
L4 0.5082786691E+02  0.1249275127E+05  0.1260254642E+05  0.1232368530E+05
L5 0.3741898298E+05  0.9869970419E+04  0.1343660520E+05  0.1248576753E+05
L6 0.3579234316E+05  -.4437482716E+06  0.4333055868E+05  -.5891585895E+06
L7 0.0000000000E+00  0.4741003866E+04  0.1302023727E+05  0.2037643590E+05
L8 0.5776462328E+04  0.5816561984E+05  0.0000000000E+00  0.0000000000E+00
L9 0.0000000000E+00  0.0000000000E+00  0.0000000000E+00  0.1036169937E+01  0.0000000000E+00
L0    46000  0.2020000000E+03  -.3514429316E+06  0.9275780961E+05
L1 0.3000632366E+03  0.3000632366E+03  -.4442007412E+12  0.1000000000E+01
L2 0.1000000000E+01  0.1243623335E+03  0.1243623335E+03  0.1243623335E+03
L3 0.1480618747E+07  0.6652485826E+02  0.1006831121E+03  -.4968563414E+02
L4 0.3917411208E+02  0.1250283543E+05  0.1250141218E+05  0.1243660644E+05
L5 0.3744085405E+05  0.1179393738E+05  0.1142851907E+05  0.1296606340E+05
L6 0.3618851985E+05  -.4442007412E+06  0.4419237432E+05  -.5903690962E+06
L7 0.0000000000E+00  0.4719202796E+04  0.1307950429E+05  0.2045791432E+05
L8 0.5791981312E+04  0.5792737800E+05  0.0000000000E+00  0.0000000000E+00
L9 0.0000000000E+00  0.0000000000E+00  0.0000000000E+00  0.1037288172E+01  0.0000000000E+00
L0    47000  0.2040000000E+03  -.3518556974E+06  0.9247410340E+05
L1 0.2991454723E+03  0.2991454723E+03  -.4443298008E+12  0.1000000000E+01
L2 0.1000000000E+01  0.1243745587E+03  0.1243745587E+03  0.1243745587E+03
L3 0.1481061407E+07  -.1521150462E+03  0.1301558931E+03  0.3934139939E+01
L4 -.6008337716E+01  0.1257403601E+05  0.1247433855E+05  0.1246506896E+05
L5 0.3751344352E+05  0.1419547951E+05  0.1108696477E+05  0.1242313369E+05
L6 0.3770557797E+05  -.4443298008E+06  0.4363994806E+05  -.5900561748E+06
L7 0.0000000000E+00  0.4762548760E+04  0.1302539985E+05  0.2046623744E+05
L8 0.5819011381E+04  0.5801322847E+05  0.0000000000E+00  0.0000000000E+00
L9 0.0000000000E+00  0.0000000000E+00  0.0000000000E+00  0.1036978147E+01  0.0000000000E+00
L0    48000  0.2060000000E+03  -.3510515008E+06  0.9305683826E+05
L1 0.3010305676E+03  0.3010305676E+03  -.4441083391E+12  0.1000000000E+01
L2 0.1000000000E+01  0.1243494018E+03  0.1243494018E+03  0.1243494018E+03
L3 0.1480159648E+07  0.1781054342E+03  0.2063729595E+03  -.3290775151E+03
L4 0.1846695953E+02  0.1261154439E+05  0.1245602496E+05  0.1253616876E+05
L5 0.3760373810E+05  0.1071421685E+05  0.1025756817E+05  0.1604177675E+05
L6 0.3701356177E+05  -.4441083391E+06  0.4396434501E+05  -.5903571471E+06
L7 0.0000000000E+00  0.4799361741E+04  0.1307475741E+05  0.2048634360E+05
L8 0.5768261202E+04  0.5815573907E+05  0.0000000000E+00  0.0000000000E+00
L9 0.0000000000E+00  0.0000000000E+00  0.0000000000E+00  0.1037609907E+01  0.0000000000E+00
L0    49000  0.2080000000E+03  -.3513116553E+06  0.9292943929E+05
L1 0.3006184433E+03  0.3006184433E+03  -.4442410946E+12  0.1000000000E+01
L2 0.1000000000E+01  0.1243637349E+03  0.1243637349E+03  0.1243637349E+03
L3 0.1480666085E+07  0.2417636557E+03  0.1575071378E+03  -.2200441159E+03
L4 0.5974222585E+02  0.1241740547E+05  0.1246985415E+05  0.1256579935E+05
L5 0.3745305897E+05  0.9841056296E+04  0.1079138274E+05  0.1491069472E+05
L6 0.3554313375E+05  -.4442410946E+06  0.4430237649E+05  -.5903934878E+06
L7 0.0000000000E+00  0.4692780034E+04  0.1289656220E+05  0.2038898037E+05
L8 0.5829040388E+04  0.5804265369E+05  0.0000000000E+00  0.0000000000E+00
L9 0.0000000000E+00  0.0000000000E+00  0.0000000000E+00  0.1037255010E+01  0.0000000000E+00
L0    50000  0.2100000000E+03  -.3512896774E+06  0.9277539624E+05
L1 0.3001201278E+03  0.3001201278E+03  -.4440650736E+12  0.1000000000E+01
L2 0.1000000000E+01  0.1243823761E+03  0.1243823761E+03  0.1243823761E+03
L3 0.1481334180E+07  0.1108233693E+03  -.1667341369E+03  0.1857752720E+03
L4 0.4328816815E+02  0.1239357523E+05  0.1251409267E+05  0.1249052924E+05
L5 0.3739819713E+05  0.1121205551E+05  0.1429169311E+05  0.1050992580E+05
L6 0.3601367442E+05  -.4440650736E+06  0.4438659648E+05  -.5907654304E+06
L7 0.0000000000E+00  0.4770759151E+04  0.1318847801E+05  0.2043296330E+05
L8 0.5798981845E+04  0.5812257803E+05  0.0000000000E+00  0.0000000000E+00
L9 0.0000000000E+00  0.0000000000E+00  0.0000000000E+00  0.1036787198E+01  0.0000000000E+00
L0    51000  0.2120000000E+03  -.3512519530E+06  0.9252115411E+05
L1 0.2992976772E+03  0.2992976772E+03  -.4437731071E+12  0.1000000000E+01
L2 0.1000000000E+01  0.1243881307E+03  0.1243881307E+03  0.1243881307E+03
L3 0.1481567493E+07  -.3995955118E+02  -.9498484687E+02  -.3639468724E+03
L4 -.1662970901E+03  0.1246418245E+05  0.1243388824E+05  0.1240763352E+05
L5 0.3730570421E+05  0.1289026978E+05  0.1344670842E+05  0.1628838661E+05
L6 0.4262536481E+05  -.4437731071E+06  0.4360150140E+05  -.5894084206E+06
L7 0.0000000000E+00  0.4818486440E+04  0.1307148127E+05  0.2039530779E+05
L8 0.5775883110E+04  0.5797265358E+05  0.0000000000E+00  0.0000000000E+00
L9 0.0000000000E+00  0.0000000000E+00  0.0000000000E+00  0.1036623928E+01  0.0000000000E+00
L0    52000  0.2140000000E+03  -.3514476495E+06  0.9277592093E+05
L1 0.3001218251E+03  0.3001218251E+03  -.4442235704E+12  0.1000000000E+01
L2 0.1000000000E+01  0.1244198395E+03  0.1244198395E+03  0.1244198395E+03
L3 0.1482685447E+07  0.1467810626E+03  -.8338368233E+02  -.2136400572E+03
L4 -.5008089232E+02  0.1246841354E+05  0.1247941331E+05  0.1248775875E+05
L5 0.3743558559E+05  0.1090211107E+05  0.1336920157E+05  0.1476751434E+05
L6 0.3903882699E+05  -.4442235704E+06  0.4425657958E+05  -.5905925528E+06
L7 0.0000000000E+00  0.4768594965E+04  0.1298534615E+05  0.2042438911E+05
L8 0.5817720355E+04  0.5811635220E+05  0.0000000000E+00  0.0000000000E+00
L9 0.0000000000E+00  0.0000000000E+00  0.0000000000E+00  0.1035842307E+01  0.0000000000E+00
L0    53000  0.2160000000E+03  -.3508233843E+06  0.9279389975E+05
L1 0.3001799850E+03  0.3001799850E+03  -.4436172841E+12  0.1000000000E+01
L2 0.1000000000E+01  0.1243933195E+03  0.1243933195E+03  0.1243933195E+03
L3 0.1481720216E+07  0.1888576545E+03  0.2540972811E+03  -.1998351047E+03
L4 0.8103994365E+02  0.1257853670E+05  0.1231077491E+05  0.1244767228E+05
L5 0.3733698389E+05  0.1056454638E+05  0.9601064968E+04  0.1457872684E+05
L6 0.3474433819E+05  -.4436172841E+06  0.4393983418E+05  -.5895066429E+06
L7 0.0000000000E+00  0.4776595335E+04  0.1308633485E+05  0.2036863592E+05
L8 0.5778401580E+04  0.5793955699E+05  0.0000000000E+00  0.0000000000E+00
L9 0.0000000000E+00  0.0000000000E+00  0.0000000000E+00  0.1036517081E+01  0.0000000000E+00
L0    54000  0.2180000000E+03  -.3517811008E+06  0.9263946388E+05
L1 0.2996803987E+03  0.2996803987E+03  -.4444205647E+12  0.1000000000E+01
L2 0.1000000000E+01  0.1243576784E+03  0.1243576784E+03  0.1243576784E+03
L3 0.1480443665E+07  0.3092016518E+03  0.2850712241E+02  -.1978966452E+02
L4 0.1059730366E+03  0.1245318131E+05  0.1247471533E+05  0.1237503899E+05
L5 0.3730293564E+05  0.9158675552E+04  0.1217097543E+05  0.1258589545E+05
L6 0.3391554643E+05  -.4444205647E+06  0.4377177338E+05  -.5902211985E+06
L7 0.0000000000E+00  0.4750845169E+04  0.1303951705E+05  0.2045505642E+05
L8 0.5767924437E+04  0.5801551743E+05  0.0000000000E+00  0.0000000000E+00
L9 0.0000000000E+00  0.0000000000E+00  0.0000000000E+00  0.1037410845E+01  0.0000000000E+00
L0    55000  0.2200000000E+03  -.3511896462E+06  0.9296670489E+05
L1 0.3007389942E+03  0.3007389942E+03  -.4441563511E+12  0.1000000000E+01
L2 0.1000000000E+01  0.1243665940E+03  0.1243665940E+03  0.1243665940E+03
L3 0.1480783757E+07  0.1796582046E+03  -.1239316318E+03  -.2296792526E+03
L4 -.5798422660E+02  0.1250798428E+05  0.1250115517E+05  0.1251128002E+05
L5 0.3752041947E+05  0.1059330836E+05  0.1382193488E+05  0.1495904653E+05
L6 0.3937428977E+05  -.4441563511E+06  0.4398150356E+05  -.5904856920E+06
L7 0.0000000000E+00  0.4873566770E+04  0.1316556243E+05  0.2049048156E+05
L8 0.5804129738E+04  0.5801409687E+05  0.0000000000E+00  0.0000000000E+00
L9 0.0000000000E+00  0.0000000000E+00  0.0000000000E+00  0.1037172583E+01  0.0000000000E+00
L0    56000  0.2220000000E+03  -.3516218893E+06  0.9293404826E+05
L1 0.3006333529E+03  0.3006333529E+03  -.4445559376E+12  0.1000000000E+01
L2 0.1000000000E+01  0.1243786145E+03  0.1243786145E+03  0.1243786145E+03
L3 0.1481193539E+07  0.1762616396E+03  0.1469231642E+03  -.5139459734E+02
L4 0.9059673548E+02  0.1252833602E+05  0.1251301920E+05  0.1242474068E+05
L5 0.3746609590E+05  0.1064933855E+05  0.1094677793E+05  0.1297262120E+05
L6 0.3456873769E+05  -.4445559376E+06  0.4419041315E+05  -.5907615839E+06
L7 0.0000000000E+00  0.4777472885E+04  0.1296504094E+05  0.2038279538E+05
L8 0.5751848013E+04  0.5813807597E+05  0.0000000000E+00  0.0000000000E+00
L9 0.0000000000E+00  0.0000000000E+00  0.0000000000E+00  0.1036885642E+01  0.0000000000E+00
L0    57000  0.2240000000E+03  -.3515159721E+06  0.9280126131E+05
L1 0.3002037989E+03  0.3002037989E+03  -.4443172334E+12  0.1000000000E+01
L2 0.1000000000E+01  0.1243910923E+03  0.1243910923E+03  0.1243910923E+03
L3 0.1481646678E+07  -.1537662465E+03  0.1198122179E+03  0.1397937860E+03
L4 0.3527991914E+02  0.1241859366E+05  0.1248692726E+05  0.1249893738E+05
L5 0.3740445831E+05  0.1405828554E+05  0.1120930538E+05  0.1100824134E+05
L6 0.3627583226E+05  -.4443172334E+06  0.4357758339E+05  -.5900647155E+06
L7 0.0000000000E+00  0.4728563911E+04  0.1311437971E+05  0.2044413883E+05
L8 0.5796644439E+04  0.5808617175E+05  0.0000000000E+00  0.0000000000E+00
L9 0.0000000000E+00  0.0000000000E+00  0.0000000000E+00  0.1036568526E+01  0.0000000000E+00
L0    58000  0.2260000000E+03  -.3511604777E+06  0.9267664655E+05
L1 0.2998006813E+03  0.2998006813E+03  -.4438371242E+12  0.1000000000E+01
L2 0.1000000000E+01  0.1243118260E+03  0.1243118260E+03  0.1243118260E+03
L3 0.1478829751E+07  0.2611147719E+02  -.1981076584E+03  -.3460484073E+02
L4 -.6886700731E+02  0.1234345137E+05  0.1239685846E+05  0.1250245247E+05
L5 0.3724276229E+05  0.1206554007E+05  0.1450537020E+05  0.1287076086E+05
L6 0.3944167113E+05  -.4438371242E+06  0.4362923054E+05  -.5895159323E+06
L7 0.0000000000E+00  0.4761043978E+04  0.1309683867E+05  0.2048572117E+05
L8 0.5774235150E+04  0.5793173862E+05  0.0000000000E+00  0.0000000000E+00
L9 0.0000000000E+00  0.0000000000E+00  0.0000000000E+00  0.1038543019E+01  0.0000000000E+00
L0    59000  0.2280000000E+03  -.3516744231E+06  0.9243351017E+05
L1 0.2990141568E+03  0.2990141568E+03  -.4441079333E+12  0.1000000000E+01
L2 0.1000000000E+01  0.1243077214E+03  0.1243077214E+03  0.1243077214E+03
L3 0.1478669284E+07  0.4161912904E+02  -.3477943332E+02  0.1046872034E+03
L4 0.3717563304E+02  0.1221226377E+05  0.1238970252E+05  0.1242042370E+05
L5 0.3702238999E+05  0.1176934853E+05  0.1275982898E+05  0.1130633125E+05
L6 0.3583550876E+05  -.4441079333E+06  0.4397018069E+05  -.5902180583E+06
L7 0.0000000000E+00  0.4761550208E+04  0.1294721532E+05  0.2047951234E+05
L8 0.5779525021E+04  0.5817214144E+05  0.0000000000E+00  0.0000000000E+00
L9 0.0000000000E+00  0.0000000000E+00  0.0000000000E+00  0.1038655723E+01  0.0000000000E+00
L0    60000  0.2300000000E+03  -.3515344796E+06  0.9268799169E+05
L1 0.2998373818E+03  0.2998373818E+03  -.4442224713E+12  0.1000000000E+01
L2 0.1000000000E+01  0.1243481744E+03  0.1243481744E+03  0.1243481744E+03
L3 0.1480125180E+07  -.2992172334E+03  0.6110845550E+02  0.8080029459E+02
L4 -.5243616110E+02  0.1246928712E+05  0.1246509755E+05  0.1247023947E+05
L5 0.3740462414E+05  0.1565672427E+05  0.1181413451E+05  0.1160950742E+05
L6 0.3908036620E+05  -.4442224713E+06  0.4383734534E+05  -.5901721604E+06
L7 0.0000000000E+00  0.4750929193E+04  0.1314036385E+05  0.2038572295E+05
L8 0.5812770730E+04  0.5802255702E+05  0.0000000000E+00  0.0000000000E+00
L9 0.0000000000E+00  0.0000000000E+00  0.0000000000E+00  0.1037634070E+01  0.0000000000E+00
L0    61000  0.2320000000E+03  -.3513077742E+06  0.9279600791E+05
L1 0.3001868047E+03  0.3001868047E+03  -.4441037821E+12  0.1000000000E+01
L2 0.1000000000E+01  0.1243203289E+03  0.1243203289E+03  0.1243203289E+03
L3 0.1479125755E+07  -.1448780310E+03  -.1433444509E+03  0.2515701671E+03
L4 -.1221743826E+02  0.1254988989E+05  0.1254560720E+05  0.1235828848E+05
L5 0.3745378557E+05  0.1409217340E+05  0.1407156515E+05  0.9680225303E+04
L6 0.3784396384E+05  -.4441037821E+06  0.4392640461E+05  -.5901942252E+06
L7 0.0000000000E+00  0.4729824359E+04  0.1304372140E+05  0.2044809974E+05
L8 0.5821826212E+04  0.5812056678E+05  0.0000000000E+00  0.0000000000E+00
L9 0.0000000000E+00  0.0000000000E+00  0.0000000000E+00  0.1038335185E+01  0.0000000000E+00
L0    62000  0.2340000000E+03  -.3512908570E+06  0.9327033845E+05
L1 0.3017212216E+03  0.3017212216E+03  -.4445611955E+12  0.1000000000E+01
L2 0.1000000000E+01  0.1243310620E+03  0.1243310620E+03  0.1243310620E+03
L3 0.1479506721E+07  -.6910479726E+02  0.1342342835E+03  -.5257770950E+02
L4 0.4183925567E+01  0.1265745347E+05  0.1245208514E+05  0.1248521313E+05
L5 0.3759475174E+05  0.1339329064E+05  0.1102274045E+05  0.1304506764E+05
L6 0.3746109873E+05  -.4445611955E+06  0.4451137959E+05  -.5909137489E+06
L7 0.0000000000E+00  0.4809809003E+04  0.1303162006E+05  0.2039090830E+05
L8 0.5691102840E+04  0.5791773362E+05  0.0000000000E+00  0.0000000000E+00
L9 0.0000000000E+00  0.0000000000E+00  0.0000000000E+00  0.1038067818E+01  0.0000000000E+00
L0    63000  0.2360000000E+03  -.3512106130E+06  0.9259955297E+05
L1 0.2995512905E+03  0.2995512905E+03  -.4438101660E+12  0.1000000000E+01
L2 0.1000000000E+01  0.1243839669E+03  0.1243839669E+03  0.1243839669E+03
L3 0.1481409977E+07  -.1747404024E+03  0.5182251365E+02  -.1776132067E+03
L4 -.1001770318E+03  0.1247114111E+05  0.1246532114E+05  0.1232762212E+05
L5 0.3726408437E+05  0.1433419397E+05  0.1191279820E+05  0.1422130433E+05
L6 0.4046829650E+05  -.4438101660E+06  0.4434471090E+05  -.5901971569E+06
L7 0.0000000000E+00  0.4659312856E+04  0.1302928293E+05  0.2051634542E+05
L8 0.5815807361E+04  0.5802153146E+05  0.0000000000E+00  0.0000000000E+00
L9 0.0000000000E+00  0.0000000000E+00  0.0000000000E+00  0.1036734150E+01  0.0000000000E+00
L0    64000  0.2380000000E+03  -.3510878183E+06  0.9286970867E+05
L1 0.3004252201E+03  0.3004252201E+03  -.4439575270E+12  0.1000000000E+01
L2 0.1000000000E+01  0.1243298319E+03  0.1243298319E+03  0.1243298319E+03
L3 0.1479475994E+07  -.1179040789E+03  -.1355000141E+03  -.3382058584E+02
L4 -.9574155962E+02  0.1241991407E+05  0.1248303409E+05  0.1245195575E+05
L5 0.3735490391E+05  0.1367534647E+05  0.1392582648E+05  0.1281207441E+05
L6 0.4041324736E+05  -.4439575270E+06  0.4379105308E+05  -.5899157811E+06
L7 0.0000000000E+00  0.4827684303E+04  0.1307790768E+05  0.2043147242E+05
L8 0.5783782212E+04  0.5804635434E+05  0.0000000000E+00  0.0000000000E+00
L9 0.0000000000E+00  0.0000000000E+00  0.0000000000E+00  0.1038089378E+01  0.0000000000E+00
L0    65000  0.2400000000E+03  -.3510064832E+06  0.9314693908E+05
L1 0.3013220357E+03  0.3013220357E+03  -.4441534222E+12  0.1000000000E+01
L2 0.1000000000E+01  0.1243817969E+03  0.1243817969E+03  0.1243817969E+03
L3 0.1481321378E+07  0.1005539865E+02  0.4067610201E+02  -.1000260676E+03
L4 -.1643152232E+02  0.1247797361E+05  0.1247988128E+05  0.1255351596E+05
L5 0.3751137086E+05  0.1237077105E+05  0.1204622544E+05  0.1361991334E+05
L6 0.3803690983E+05  -.4441534222E+06  0.4400053102E+05  -.5901933805E+06
L7 0.0000000000E+00  0.4810603935E+04  0.1299473673E+05  0.2042234426E+05
L8 0.5819804694E+04  0.5799193764E+05  0.0000000000E+00  0.0000000000E+00
L9 0.0000000000E+00  0.0000000000E+00  0.0000000000E+00  0.1036796158E+01  0.0000000000E+00
L0    66000  0.2420000000E+03  -.3507957420E+06  0.9325131812E+05
L1 0.3016596926E+03  0.3016596926E+03  -.4440470602E+12  0.1000000000E+01
L2 0.1000000000E+01  0.1243844090E+03  0.1243844090E+03  0.1243844090E+03
L3 0.1481404751E+07  0.1592330121E+01  0.1275651962E+03  0.4755119654E+02
L4 0.5890290762E+02  0.1244252752E+05  0.1244016391E+05  0.1256135188E+05
L5 0.3744404331E+05  0.1242555042E+05  0.1108008999E+05  0.1205437079E+05
L6 0.3556001120E+05  -.4440470602E+06  0.4368223435E+05  -.5897312471E+06
L7 0.0000000000E+00  0.4746943777E+04  0.1306402005E+05  0.2041321752E+05
L8 0.5770743635E+04  0.5800702763E+05  0.0000000000E+00  0.0000000000E+00
L9 0.0000000000E+00  0.0000000000E+00  0.0000000000E+00  0.1036737808E+01  0.0000000000E+00
L0    67000  0.2440000000E+03  -.3510991408E+06  0.9267863021E+05
L1 0.2998070983E+03  0.2998070983E+03  -.4437777711E+12  0.1000000000E+01
L2 0.1000000000E+01  0.1243295582E+03  0.1243295582E+03  0.1243295582E+03
L3 0.1479461125E+07  0.7171702439E+01  -.8944028189E+02  -.8903892595E+02
L4 -.5710250180E+02  0.1245702859E+05  0.1232260923E+05  0.1242361858E+05
L5 0.3720325640E+05  0.1238066570E+05  0.1327495202E+05  0.1337168781E+05
L6 0.3902730552E+05  -.4437777711E+06  0.4389398256E+05  -.5900024519E+06
L7 0.0000000000E+00  0.4812558063E+04  0.1310607561E+05  0.2053174066E+05
L8 0.5805130740E+04  0.5807519322E+05  0.0000000000E+00  0.0000000000E+00
L9 0.0000000000E+00  0.0000000000E+00  0.0000000000E+00  0.1038099811E+01  0.0000000000E+00
L0    68000  0.2460000000E+03  -.3516969929E+06  0.9257472188E+05
L1 0.2994709641E+03  0.2994709641E+03  -.4442717148E+12  0.1000000000E+01
L2 0.1000000000E+01  0.1243443398E+03  0.1243443398E+03  0.1243443398E+03
L3 0.1479973943E+07  0.3223723665E+02  -.1190773613E+03  0.2546866556E+03
L4 0.5594884364E+02  0.1237198704E+05  0.1239900825E+05  0.1250461774E+05
L5 0.3727561302E+05  0.1202861221E+05  0.1366736040E+05  0.9791823590E+04
L6 0.3548779620E+05  -.4442717148E+06  0.4404028608E+05  -.5905330475E+06
L7 0.0000000000E+00  0.4826087021E+04  0.1305535100E+05  0.2045848998E+05
L8 0.5790421341E+04  0.5809069729E+05  0.0000000000E+00  0.0000000000E+00
L9 0.0000000000E+00  0.0000000000E+00  0.0000000000E+00  0.1037740104E+01  0.0000000000E+00
L0    69000  0.2480000000E+03  -.3517116977E+06  0.9275538019E+05
L1 0.3000553776E+03  0.3000553776E+03  -.4444670779E+12  0.1000000000E+01
L2 0.1000000000E+01  0.1243142631E+03  0.1243142631E+03  0.1243142631E+03
L3 0.1478896143E+07  0.6715844161E+02  0.6805238920E+02  0.1264053124E+03
L4 0.8720538108E+02  0.1238404290E+05  0.1257968340E+05  0.1253605861E+05
L5 0.3749978492E+05  0.1166922591E+05  0.1185535147E+05  0.1119063333E+05
L6 0.3471521072E+05  -.4444670779E+06  0.4448665888E+05  -.5913291331E+06
L7 0.0000000000E+00  0.4899569106E+04  0.1314373331E+05  0.2047571888E+05
L8 0.5803670058E+04  0.5805270496E+05  0.0000000000E+00  0.0000000000E+00
L9 0.0000000000E+00  0.0000000000E+00  0.0000000000E+00  0.1038496396E+01  0.0000000000E+00
L0    70000  0.2500000000E+03  -.3514035911E+06  0.9285947551E+05
L1 0.3003921167E+03  0.3003921167E+03  -.4442630666E+12  0.1000000000E+01
L2 0.1000000000E+01  0.1243839461E+03  0.1243839461E+03  0.1243839461E+03
L3 0.1481384713E+07  0.7354422733E+02  0.2477291520E+02  0.1578390347E+03
L4 0.8538539241E+02  0.1245935375E+05  0.1236531506E+05  0.1258330438E+05
L5 0.3740797319E+05  0.1167525090E+05  0.1210119490E+05  0.1090047977E+05
L6 0.3467692558E+05  -.4442630666E+06  0.4369150054E+05  -.5900715011E+06
L7 0.0000000000E+00  0.4733947596E+04  0.1311054383E+05  0.2046223989E+05
L8 0.5803707227E+04  0.5800649540E+05  0.0000000000E+00  0.0000000000E+00
L9 0.0000000000E+00  0.0000000000E+00  0.0000000000E+00  0.1036751831E+01  0.0000000000E+00
L0    71000  0.2520000000E+03  -.3513461883E+06  0.9295672624E+05
L1 0.3007067141E+03  0.3007067141E+03  -.4443029146E+12  0.1000000000E+01
L2 0.1000000000E+01  0.1243573100E+03  0.1243573100E+03  0.1243573100E+03
L3 0.1480430199E+07  0.3394639775E+02  -.4205501329E+02  0.3331004839E+03
L4 0.1083306228E+03  0.1241855913E+05  0.1250157167E+05  0.1255610969E+05
L5 0.3747624049E+05  0.1205686770E+05  0.1294965862E+05  0.9006997079E+04
L6 0.3401352340E+05  -.4443029146E+06  0.4401235882E+05  -.5903815780E+06
L7 0.0000000000E+00  0.4869615339E+04  0.1296302609E+05  0.2035625059E+05
L8 0.5776113279E+04  0.5810129935E+05  0.0000000000E+00  0.0000000000E+00
L9 0.0000000000E+00  0.0000000000E+00  0.0000000000E+00  0.1037420282E+01  0.0000000000E+00
L0    72000  0.2540000000E+03  -.3514539231E+06  0.9252733310E+05
L1 0.2993176656E+03  0.2993176656E+03  -.4439812562E+12  0.1000000000E+01
L2 0.1000000000E+01  0.1243464925E+03  0.1243464925E+03  0.1243464925E+03
L3 0.1480029843E+07  0.2853063407E+03  0.1745374611E+03  0.1844985609E+03
L4 0.2147807876E+03  0.1244959570E+05  0.1253241858E+05  0.1232371270E+05
L5 0.3730572698E+05  0.9410541289E+04  0.1067326312E+05  0.1035845261E+05
L6 0.3044225702E+05  -.4439812562E+06  0.4419988392E+05  -.5904721041E+06
L7 0.0000000000E+00  0.4816069713E+04  0.1318157887E+05  0.2045350366E+05
L8 0.5759654672E+04  0.5808015712E+05  0.0000000000E+00  0.0000000000E+00
L9 0.0000000000E+00  0.0000000000E+00  0.0000000000E+00  0.1037700910E+01  0.0000000000E+00
L0    73000  0.2560000000E+03  -.3512973201E+06  0.9256383493E+05
L1 0.2994357458E+03  0.2994357458E+03  -.4438611550E+12  0.1000000000E+01
L2 0.1000000000E+01  0.1243354770E+03  0.1243354770E+03  0.1243354770E+03
L3 0.1479678015E+07  -.1882335483E+03  -.2656619719E+03  0.1555478909E+03
L4 -.9944920975E+02  0.1233100924E+05  0.1249854594E+05  0.1248137265E+05
L5 0.3731092783E+05  0.1433557741E+05  0.1532767782E+05  0.1082488605E+05
L6 0.4048814128E+05  -.4438611550E+06  0.4380228284E+05  -.5901006849E+06
L7 0.0000000000E+00  0.4770879316E+04  0.1323791171E+05  0.2055631984E+05
L8 0.5776914235E+04  0.5809522196E+05  0.0000000000E+00  0.0000000000E+00
L9 0.0000000000E+00  0.0000000000E+00  0.0000000000E+00  0.1037947647E+01  0.0000000000E+00
L0    74000  0.2580000000E+03  -.3512664393E+06  0.9266400893E+05
L1 0.2997597997E+03  0.2997597997E+03  -.4439304482E+12  0.1000000000E+01
L2 0.1000000000E+01  0.1243486437E+03  0.1243486437E+03  0.1243486437E+03
L3 0.1480125774E+07  0.1769357493E+03  -.1034332804E+03  0.1364374845E+03
L4 0.6997998449E+02  0.1258749212E+05  0.1244388888E+05  0.1255048818E+05
L5 0.3758186918E+05  0.1070266817E+05  0.1354572118E+05  0.1109707563E+05
L6 0.3534546498E+05  -.4439304482E+06  0.4387532627E+05  -.5900684784E+06
L7 0.0000000000E+00  0.4814410436E+04  0.1311845144E+05  0.2045065072E+05
L8 0.5805051970E+04  0.5807413932E+05  0.0000000000E+00  0.0000000000E+00
L9 0.0000000000E+00  0.0000000000E+00  0.0000000000E+00  0.1037633653E+01  0.0000000000E+00
L0    75000  0.2600000000E+03  -.3512207207E+06  0.9276223167E+05
L1 0.3000775415E+03  0.3000775415E+03  -.4439829523E+12  0.1000000000E+01
L2 0.1000000000E+01  0.1244154513E+03  0.1244154513E+03  0.1244154513E+03
L3 0.1482530355E+07  -.2363675882E+02  -.6022605943E+01  -.1610663420E+03
L4 -.6357523557E+02  0.1228907808E+05  0.1247945371E+05  0.1245195320E+05
L5 0.3722048499E+05  0.1254127984E+05  0.1254371428E+05  0.1417051427E+05
L6 0.3925550839E+05  -.4439829523E+06  0.4354997332E+05  -.5896147773E+06
L7 0.0000000000E+00  0.4725286799E+04  0.1296934301E+05  0.2044790742E+05
L8 0.5761773789E+04  0.5817754060E+05  0.0000000000E+00  0.0000000000E+00
L9 0.0000000000E+00  0.0000000000E+00  0.0000000000E+00  0.1035950670E+01  0.0000000000E+00
L0    76000  0.2620000000E+03  -.3514858333E+06  0.9273210621E+05
L1 0.2999800884E+03  0.2999800884E+03  -.4442179395E+12  0.1000000000E+01
L2 0.1000000000E+01  0.1243935175E+03  0.1243935175E+03  0.1243935175E+03
L3 0.1481750856E+07  -.6673770806E+02  -.1144930047E+03  -.1104447222E+03
L4 -.9722514497E+02  0.1240517962E+05  0.1253629057E+05  0.1241837726E+05
L5 0.3735984746E+05  0.1311688960E+05  0.1375727667E+05  0.1359619132E+05
L6 0.4047035760E+05  -.4442179395E+06  0.4419669945E+05  -.5902798885E+06
L7 0.0000000000E+00  0.4762594644E+04  0.1297969434E+05  0.2040756906E+05
L8 0.5776647871E+04  0.5793874368E+05  0.0000000000E+00  0.0000000000E+00
L9 0.0000000000E+00  0.0000000000E+00  0.0000000000E+00  0.1036495648E+01  0.0000000000E+00
L0    77000  0.2640000000E+03  -.3514453521E+06  0.9330733583E+05
L1 0.3018409048E+03  0.3018409048E+03  -.4447526879E+12  0.1000000000E+01
L2 0.1000000000E+01  0.1244217822E+03  0.1244217822E+03  0.1244217822E+03
L3 0.1482746794E+07  -.6159050605E+02  0.1912064138E+03  -.9604019428E+02
L4 0.1119190449E+02  0.1245751569E+05  0.1246728626E+05  0.1251431832E+05
L5 0.3743912027E+05  0.1311477591E+05  0.1042683591E+05  0.1353920678E+05
L6 0.3708081860E+05  -.4447526879E+06  0.4409865508E+05  -.5909473969E+06
L7 0.0000000000E+00  0.4788187034E+04  0.1299983770E+05  0.2046845523E+05
L8 0.5757439436E+04  0.5808213447E+05  0.0000000000E+00  0.0000000000E+00
L9 0.0000000000E+00  0.0000000000E+00  0.0000000000E+00  0.1035799450E+01  0.0000000000E+00
L0    78000  0.2660000000E+03  -.3520705420E+06  0.9277936763E+05
L1 0.3001329748E+03  0.3001329748E+03  -.4448499096E+12  0.1000000000E+01
L2 0.1000000000E+01  0.1244116811E+03  0.1244116811E+03  0.1244116811E+03
L3 0.1482381657E+07  0.1620652138E+03  0.1095272386E+03  -.1463568807E+03
L4 0.4174519058E+02  0.1245971953E+05  0.1252091995E+05  0.1256417584E+05
L5 0.3754481532E+05  0.1073067404E+05  0.1135239296E+05  0.1412563186E+05
L6 0.3620869886E+05  -.4448499096E+06  0.4427769992E+05  -.5912484597E+06
L7 0.0000000000E+00  0.4766398847E+04  0.1293290185E+05  0.2040407815E+05
L8 0.5803419866E+04  0.5821405147E+05  0.0000000000E+00  0.0000000000E+00
L9 0.0000000000E+00  0.0000000000E+00  0.0000000000E+00  0.1036054586E+01  0.0000000000E+00
L0    79000  0.2680000000E+03  -.3513885454E+06  0.9297870034E+05
L1 0.3007777984E+03  0.3007777984E+03  -.4443672457E+12  0.1000000000E+01
L2 0.1000000000E+01  0.1243674622E+03  0.1243674622E+03  0.1243674622E+03
L3 0.1480791855E+07  0.2701831326E+03  -.7606713525E+02  0.1523905530E+03
L4 0.1155021835E+03  0.1244185064E+05  0.1239289593E+05  0.1258487630E+05
L5 0.3741962287E+05  0.9562405360E+04  0.1320357257E+05  0.1096079172E+05
L6 0.3372676965E+05  -.4443672457E+06  0.4404436815E+05  -.5907158572E+06
L7 0.0000000000E+00  0.4813075912E+04  0.1316673205E+05  0.2051265725E+05
L8 0.5814402903E+04  0.5799737524E+05  0.0000000000E+00  0.0000000000E+00
L9 0.0000000000E+00  0.0000000000E+00  0.0000000000E+00  0.1037166911E+01  0.0000000000E+00
L0    80000  0.2700000000E+03  -.3523042573E+06  0.9219527506E+05
L1 0.2982434875E+03  0.2982434875E+03  -.4444995323E+12  0.1000000000E+01
L2 0.1000000000E+01  0.1243364916E+03  0.1243364916E+03  0.1243364916E+03
L3 0.1479713753E+07  -.1467075078E+03  -.1036623064E+03  -.3691749288E+02
L4 -.9576243570E+02  0.1241537052E+05  0.1235264167E+05  0.1228421393E+05
L5 0.3705222612E+05  0.1397775037E+05  0.1345660630E+05  0.1267737136E+05
L6 0.4011172803E+05  -.4444995323E+06  0.4432573670E+05  -.5909566441E+06
L7 0.0000000000E+00  0.4854925997E+04  0.1313254571E+05  0.2043968711E+05
L8 0.5740691124E+04  0.5796352508E+05  0.0000000000E+00  0.0000000000E+00
L9 0.0000000000E+00  0.0000000000E+00  0.0000000000E+00  0.1037922578E+01  0.0000000000E+00
L0    81000  0.2720000000E+03  -.3514724903E+06  0.9293675623E+05
L1 0.3006421129E+03  0.3006421129E+03  -.4444092465E+12  0.1000000000E+01
L2 0.1000000000E+01  0.1243668419E+03  0.1243668419E+03  0.1243668419E+03
L3 0.1480785707E+07  -.1176610710E+03  0.1296078420E+03  -.2901827619E+02
L4 -.5690501739E+01  0.1240041629E+05  0.1245702079E+05  0.1253061183E+05
L5 0.3738804891E+05  0.1365437025E+05  0.1107574604E+05  0.1283986945E+05
L6 0.3756998573E+05  -.4444092465E+06  0.4427632966E+05  -.5908154933E+06
L7 0.0000000000E+00  0.4791154960E+04  0.1312731718E+05  0.2040805291E+05
L8 0.5789347154E+04  0.5801404494E+05  0.0000000000E+00  0.0000000000E+00
L9 0.0000000000E+00  0.0000000000E+00  0.0000000000E+00  0.1037171217E+01  0.0000000000E+00
L0    82000  0.2740000000E+03  -.3511645621E+06  0.9303045042E+05
L1 0.3009452053E+03  0.3009452053E+03  -.4441950125E+12  0.1000000000E+01
L2 0.1000000000E+01  0.1243198394E+03  0.1243198394E+03  0.1243198394E+03
L3 0.1479110026E+07  -.1973214079E+03  0.1328485711E+03  -.1183885105E+02
L4 -.2543722927E+02  0.1235749670E+05  0.1240853024E+05  0.1247416044E+05
L5 0.3724018737E+05  0.1445803820E+05  0.1099432009E+05  0.1260018831E+05
L6 0.3805254660E+05  -.4441950125E+06  0.4353271428E+05  -.5898880325E+06
L7 0.0000000000E+00  0.4887714308E+04  0.1313364262E+05  0.2035947656E+05
L8 0.5788470096E+04  0.5799100208E+05  0.0000000000E+00  0.0000000000E+00
L9 0.0000000000E+00  0.0000000000E+00  0.0000000000E+00  0.1038346227E+01  0.0000000000E+00
L0    83000  0.2760000000E+03  -.3516729185E+06  0.9282619188E+05
L1 0.3002844471E+03  0.3002844471E+03  -.4444991103E+12  0.1000000000E+01
L2 0.1000000000E+01  0.1243738264E+03  0.1243738264E+03  0.1243738264E+03
L3 0.1481027543E+07  0.6165843671E+02  0.2180716805E+02  0.7344643448E+02
L4 0.5230401308E+02  0.1243778424E+05  0.1236242035E+05  0.1258167538E+05
L5 0.3738187998E+05  0.1178056204E+05  0.1212997601E+05  0.1179880398E+05
L6 0.3570934203E+05  -.4444991103E+06  0.4434437175E+05  -.5909600147E+06
L7 0.0000000000E+00  0.4706389675E+04  0.1290883211E+05  0.2040553928E+05
L8 0.5852831621E+04  0.5824293996E+05  0.0000000000E+00  0.0000000000E+00
L9 0.0000000000E+00  0.0000000000E+00  0.0000000000E+00  0.1037001858E+01  0.0000000000E+00
L0    84000  0.2780000000E+03  -.3521482974E+06  0.9241671939E+05
L1 0.2989598401E+03  0.2989598401E+03  -.4445650168E+12  0.1000000000E+01
L2 0.1000000000E+01  0.1243355868E+03  0.1243355868E+03  0.1243355868E+03
L3 0.1479661851E+07  -.1400539526E+03  0.3554337182E+03  -.5716512539E+02
L4 0.5273821341E+02  0.1225038663E+05  0.1249968129E+05  0.1249320739E+05
L5 0.3724327530E+05  0.1374185630E+05  0.8714578466E+04  0.1310197315E+05
L6 0.3555840791E+05  -.4445650168E+06  0.4448385545E+05  -.5910939183E+06
L7 0.0000000000E+00  0.4649483868E+04  0.1297894829E+05  0.2047521507E+05
L8 0.5804807820E+04  0.5813659095E+05  0.0000000000E+00  0.0000000000E+00
L9 0.0000000000E+00  0.0000000000E+00  0.0000000000E+00  0.1037958986E+01  0.0000000000E+00
L0    85000  0.2800000000E+03  -.3519173586E+06  0.9269808139E+05
L1 0.2998700211E+03  0.2998700211E+03  -.4446154400E+12  0.1000000000E+01
L2 0.1000000000E+01  0.1243693337E+03  0.1243693337E+03  0.1243693337E+03
L3 0.1480847735E+07  0.2697086617E+03  0.1671036535E+02  0.3092127437E+03
L4 0.1985439236E+03  0.1244489206E+05  0.1238039046E+05  0.1247452692E+05
L5 0.3729980944E+05  0.9570394931E+04  0.1220229496E+05  0.9179003746E+04
L6 0.3095169364E+05  -.4446154400E+06  0.4463508238E+05  -.5914836326E+06
L7 0.0000000000E+00  0.4806091823E+04  0.1322073324E+05  0.2039157602E+05
L8 0.5783693327E+04  0.5803101584E+05  0.0000000000E+00  0.0000000000E+00
L9 0.0000000000E+00  0.0000000000E+00  0.0000000000E+00  0.1037127774E+01  0.0000000000E+00
L0    86000  0.2820000000E+03  -.3518501189E+06  0.9274114746E+05
L1 0.3000093360E+03  0.3000093360E+03  -.4445912664E+12  0.1000000000E+01
L2 0.1000000000E+01  0.1243226568E+03  0.1243226568E+03  0.1243226568E+03
L3 0.1479219626E+07  0.6262291543E+01  -.3347764547E+03  0.4675136497E+02
L4 -.9392093274E+02  0.1243043707E+05  0.1249235752E+05  0.1249905854E+05
L5 0.3742185314E+05  0.1236376829E+05  0.1605641046E+05  0.1200134033E+05
L6 0.4042151908E+05  -.4445912664E+06  0.4433236154E+05  -.5910417672E+06
L7 0.0000000000E+00  0.4801008938E+04  0.1305532742E+05  0.2050364618E+05
L8 0.5753226268E+04  0.5800493047E+05  0.0000000000E+00  0.0000000000E+00
L9 0.0000000000E+00  0.0000000000E+00  0.0000000000E+00  0.1038269292E+01  0.0000000000E+00
L0    87000  0.2840000000E+03  -.3519190789E+06  0.9250182627E+05
L1 0.2992351533E+03  0.2992351533E+03  -.4444209051E+12  0.1000000000E+01
L2 0.1000000000E+01  0.1243195065E+03  0.1243195065E+03  0.1243195065E+03
L3 0.1479075124E+07  -.3028452885E+02  0.2559363890E+03  0.2215226801E+03
L4 0.1490581801E+03  0.1241999894E+05  0.1241336048E+05  0.1256562929E+05
L5 0.3739898870E+05  0.1274237860E+05  0.9688910421E+04  0.1020751413E+05
L6 0.3263880315E+05  -.4444209051E+06  0.4467595443E+05  -.5912635613E+06
L7 0.0000000000E+00  0.4762122014E+04  0.1317533707E+05  0.2043017027E+05
L8 0.5807581908E+04  0.5799149043E+05  0.0000000000E+00  0.0000000000E+00
L9 0.0000000000E+00  0.0000000000E+00  0.0000000000E+00  0.1038370729E+01  0.0000000000E+00
L0    88000  0.2860000000E+03  -.3514507177E+06  0.9279946593E+05
L1 0.3001979910E+03  0.3001979910E+03  -.4442501837E+12  0.1000000000E+01
L2 0.1000000000E+01  0.1243337024E+03  0.1243337024E+03  0.1243337024E+03
L3 0.1479603349E+07  -.9981914315E+02  -.1460769672E+03  0.2046361964E+03
L4 -.1375330467E+02  0.1260530425E+05  0.1226999540E+05  0.1240354186E+05
L5 0.3727884151E+05  0.1366826132E+05  0.1382554416E+05  0.1022440583E+05
L6 0.3771821132E+05  -.4442501837E+06  0.4390629552E+05  -.5904530802E+06
L7 0.0000000000E+00  0.4795581480E+04  0.1299846997E+05  0.2047191503E+05
L8 0.5841411861E+04  0.5818922273E+05  0.0000000000E+00  0.0000000000E+00
L9 0.0000000000E+00  0.0000000000E+00  0.0000000000E+00  0.1038000026E+01  0.0000000000E+00
L0    89000  0.2880000000E+03  -.3517964978E+06  0.9299629608E+05
L1 0.3008347190E+03  0.3008347190E+03  -.4447927938E+12  0.1000000000E+01
L2 0.1000000000E+01  0.1243674152E+03  0.1243674152E+03  0.1243674152E+03
L3 0.1480801859E+07  0.8682468999E+02  0.5154653859E+02  -.5725403474E+02
L4 0.2703906462E+02  0.1237806013E+05  0.1238028035E+05  0.1259633051E+05
L5 0.3735467098E+05  0.1145272985E+05  0.1183092540E+05  0.1320651284E+05
L6 0.3649016809E+05  -.4447927938E+06  0.4397070857E+05  -.5909966919E+06
L7 0.0000000000E+00  0.4787670056E+04  0.1294815792E+05  0.2056730492E+05
L8 0.5758848172E+04  0.5817120841E+05  0.0000000000E+00  0.0000000000E+00
L9 0.0000000000E+00  0.0000000000E+00  0.0000000000E+00  0.1037159904E+01  0.0000000000E+00
L0    90000  0.2900000000E+03  -.3518839773E+06  0.9235763594E+05
L1 0.2987687105E+03  0.2987687105E+03  -.4442416133E+12  0.1000000000E+01
L2 0.1000000000E+01  0.1243829008E+03  0.1243829008E+03  0.1243829008E+03
L3 0.1481351991E+07  0.2093487769E+02  0.1203096036E+03  0.9901067468E+01
L4 0.5038184960E+02  0.1233692624E+05  0.1243159273E+05  0.1236109998E+05
L5 0.3712961895E+05  0.1211373082E+05  0.1114892213E+05  0.1225554059E+05
L6 0.3551819354E+05  -.4442416133E+06  0.4401354270E+05  -.5903354200E+06
L7 0.0000000000E+00  0.4765087684E+04  0.1328625313E+05  0.2041768375E+05
L8 0.5745662148E+04  0.5786557734E+05  0.0000000000E+00  0.0000000000E+00
L9 0.0000000000E+00  0.0000000000E+00  0.0000000000E+00  0.1036774732E+01  0.0000000000E+00
L0    91000  0.2920000000E+03  -.3517896910E+06  0.9270380913E+05
L1 0.2998885498E+03  0.2998885498E+03  -.4444935001E+12  0.1000000000E+01
L2 0.1000000000E+01  0.1243760470E+03  0.1243760470E+03  0.1243760470E+03
L3 0.1481124662E+07  -.1564310406E+03  -.7239994775E+02  -.1823636944E+02
L4 -.8235578594E+02  0.1240034813E+05  0.1244164172E+05  0.1240032985E+05
L5 0.3724231970E+05  0.1406786842E+05  0.1321340915E+05  0.1259472551E+05
L6 0.3987600308E+05  -.4444935001E+06  0.4377296134E+05  -.5903426630E+06
L7 0.0000000000E+00  0.4647218936E+04  0.1320061861E+05  0.2043307568E+05
L8 0.5769497291E+04  0.5802579107E+05  0.0000000000E+00  0.0000000000E+00
L9 0.0000000000E+00  0.0000000000E+00  0.0000000000E+00  0.1036933861E+01  0.0000000000E+00
L0    92000  0.2940000000E+03  -.3521854929E+06  0.9317741354E+05
L1 0.3014206178E+03  0.3014206178E+03  -.4453629065E+12  0.1000000000E+01
L2 0.1000000000E+01  0.1243089837E+03  0.1243089837E+03  0.1243089837E+03
L3 0.1478727082E+07  -.9514092971E+02  0.2480785119E+03  -.3314272475E+03
L4 -.5949655511E+02  0.1239835183E+05  0.1256485132E+05  0.1251735100E+05
L5 0.3748055415E+05  0.1341089138E+05  0.9924669993E+04  0.1604457318E+05
L6 0.3938013456E+05  -.4453629065E+06  0.4425094352E+05  -.5917285819E+06
L7 0.0000000000E+00  0.4755570132E+04  0.1288681799E+05  0.2045371742E+05
L8 0.5822084687E+04  0.5819654166E+05  0.0000000000E+00  0.0000000000E+00
L9 0.0000000000E+00  0.0000000000E+00  0.0000000000E+00  0.1038615126E+01  0.0000000000E+00
L0    93000  0.2960000000E+03  -.3522814112E+06  0.9253956730E+05
L1 0.2993572422E+03  0.2993572422E+03  -.4448209785E+12  0.1000000000E+01
L2 0.1000000000E+01  0.1243504094E+03  0.1243504094E+03  0.1243504094E+03
L3 0.1480205930E+07  -.4425655116E+02  0.2077357835E+03  -.3421302730E+03
L4 -.5955034689E+02  0.1241890872E+05  0.1234421470E+05  0.1242706120E+05
L5 0.3719018462E+05  0.1289038113E+05  0.1013117079E+05  0.1607183200E+05
L6 0.3909338392E+05  -.4448209785E+06  0.4386290676E+05  -.5908232321E+06
L7 0.0000000000E+00  0.4810404092E+04  0.1288327603E+05  0.2043667376E+05
L8 0.5827569683E+04  0.5818142320E+05  0.0000000000E+00  0.0000000000E+00
L9 0.0000000000E+00  0.0000000000E+00  0.0000000000E+00  0.1037577463E+01  0.0000000000E+00
L0    94000  0.2980000000E+03  -.3513391785E+06  0.9241611943E+05
L1 0.2989578993E+03  0.2989578993E+03  -.4437552979E+12  0.1000000000E+01
L2 0.1000000000E+01  0.1243941556E+03  0.1243941556E+03  0.1243941556E+03
L3 0.1481749348E+07  0.3926371031E+02  0.2528535832E+03  -.3202770183E+02
L4 0.8669653055E+02  0.1234504156E+05  0.1243989080E+05  0.1235476730E+05
L5 0.3713969967E+05  0.1192632257E+05  0.9743390725E+04  0.1269631951E+05
L6 0.3436603281E+05  -.4437552979E+06  0.4397684137E+05  -.5897870361E+06
L7 0.0000000000E+00  0.4768989480E+04  0.1307266533E+05  0.2040300954E+05
L8 0.5790017790E+04  0.5802021461E+05  0.0000000000E+00  0.0000000000E+00
L9 0.0000000000E+00  0.0000000000E+00  0.0000000000E+00  0.1036496703E+01  0.0000000000E+00
L0    95000  0.3000000000E+03  -.3514482591E+06  0.9310577344E+05
L1 0.3011888685E+03  0.3011888685E+03  -.4445540325E+12  0.1000000000E+01
L2 0.1000000000E+01  0.1244151651E+03  0.1244151651E+03  0.1244151651E+03
L3 0.1482491849E+07  -.8713023541E+01  0.3436978746E+03  0.1157709774E+03
L4 0.1502519428E+03  0.1258782810E+05  0.1258475411E+05  0.1234774770E+05
L5 0.3752032991E+05  0.1268079274E+05  0.8917628887E+04  0.1111251553E+05
L6 0.3271093715E+05  -.4445540325E+06  0.4439483690E+05  -.5910435268E+06
L7 0.0000000000E+00  0.4783709128E+04  0.1303731254E+05  0.2049585912E+05
L8 0.5739368228E+04  0.5803840829E+05  0.0000000000E+00  0.0000000000E+00
L9 0.0000000000E+00  0.0000000000E+00  0.0000000000E+00  0.1035977577E+01  0.0000000000E+00
L0    96000  0.3020000000E+03  -.3517035759E+06  0.9280961999E+05
L1 0.3002308385E+03  0.3002308385E+03  -.4445131959E+12  0.1000000000E+01
L2 0.1000000000E+01  0.1243690782E+03  0.1243690782E+03  0.1243690782E+03
L3 0.1480875274E+07  0.6573389405E+01  -.2473153789E+03  0.3639567429E+01
L4 -.7903414069E+02  0.1232518119E+05  0.1236216158E+05  0.1261044337E+05
L5 0.3729778614E+05  0.1225512211E+05  0.1499804492E+05  0.1257165292E+05
L6 0.3982481995E+05  -.4445131959E+06  0.4367940856E+05  -.5902383942E+06
L7 0.0000000000E+00  0.4826024407E+04  0.1302809053E+05  0.2035969831E+05
L8 0.5804425394E+04  0.5802755117E+05  0.0000000000E+00  0.0000000000E+00
L9 0.0000000000E+00  0.0000000000E+00  0.0000000000E+00  0.1037108487E+01  0.0000000000E+00
L0    97000  0.3040000000E+03  -.3521515178E+06  0.9260933628E+05
L1 0.2995829386E+03  0.2995829386E+03  -.4447608541E+12  0.1000000000E+01
L2 0.1000000000E+01  0.1243190923E+03  0.1243190923E+03  0.1243190923E+03
L3 0.1479069734E+07  0.8514969552E+01  0.3206643297E+02  0.1929410868E+03
L4 0.7784082978E+02  0.1231178909E+05  0.1246239577E+05  0.1249683830E+05
L5 0.3727102317E+05  0.1222114733E+05  0.1212104894E+05  0.1044298249E+05
L6 0.3478517876E+05  -.4447608541E+06  0.4433466426E+05  -.5911483820E+06
L7 0.0000000000E+00  0.4771591105E+04  0.1292919581E+05  0.2048565479E+05
L8 0.5837668268E+04  0.5802875365E+05  0.0000000000E+00  0.0000000000E+00
L9 0.0000000000E+00  0.0000000000E+00  0.0000000000E+00  0.1038374513E+01  0.0000000000E+00
L0    98000  0.3060000000E+03  -.3524269310E+06  0.9250600747E+05
L1 0.2992486791E+03  0.2992486791E+03  -.4449329384E+12  0.1000000000E+01
L2 0.1000000000E+01  0.1243318746E+03  0.1243318746E+03  0.1243318746E+03
L3 0.1479550391E+07  -.2321286581E+03  -.1588689526E+03  0.7025094620E+02
L4 -.1069155548E+03  0.1234777408E+05  0.1239711330E+05  0.1228347444E+05
L5 0.3702836182E+05  0.1481958417E+05  0.1408882119E+05  0.1153541085E+05
L6 0.4044381621E+05  -.4449329384E+06  0.4430883138E+05  -.5913543670E+06
L7 0.0000000000E+00  0.4652765821E+04  0.1306587061E+05  0.2057497812E+05
L8 0.5773532351E+04  0.5804545029E+05  0.0000000000E+00  0.0000000000E+00
L9 0.0000000000E+00  0.0000000000E+00  0.0000000000E+00  0.1038037179E+01  0.0000000000E+00
L0    99000  0.3080000000E+03  -.3514840367E+06  0.9308184396E+05
L1 0.3011114588E+03  0.3011114588E+03  -.4445658807E+12  0.1000000000E+01
L2 0.1000000000E+01  0.1243598311E+03  0.1243598311E+03  0.1243598311E+03
L3 0.1480552400E+07  -.7109186014E+02  -.8429957933E+02  -.2501966334E+03
L4 -.1351960243E+03  0.1257967878E+05  0.1250391648E+05  0.1256280778E+05
L5 0.3764640304E+05  0.1333720949E+05  0.1340218415E+05  0.1522881809E+05
L6 0.4196821173E+05  -.4445658807E+06  0.4395215560E+05  -.5904242560E+06
L7 0.0000000000E+00  0.4807758085E+04  0.1289675858E+05  0.2041368055E+05
L8 0.5797611007E+04  0.5799041148E+05  0.0000000000E+00  0.0000000000E+00
L9 0.0000000000E+00  0.0000000000E+00  0.0000000000E+00  0.1037334656E+01  0.0000000000E+00
L0   100000  0.3100000000E+03  -.3517416876E+06  0.9254825778E+05
L1 0.2993853551E+03  0.2993853551E+03  -.4442899454E+12  0.1000000000E+01
L2 0.1000000000E+01  0.1243478931E+03  0.1243478931E+03  0.1243478931E+03
L3 0.1480106076E+07  0.3976534724E+03  -.1468916234E+03  -.2022334891E+03
L4 0.1617611997E+02  0.1242532588E+05  0.1234780822E+05  0.1241373469E+05
L5 0.3718686879E+05  0.8189342957E+04  0.1391256359E+05  0.1456801641E+05
L6 0.3666992296E+05  -.4442899454E+06  0.4442554171E+05  -.5906881492E+06
L7 0.0000000000E+00  0.4708590788E+04  0.1303021475E+05  0.2043260023E+05
L8 0.5790931267E+04  0.5801032511E+05  0.0000000000E+00  0.0000000000E+00
L9 0.0000000000E+00  0.0000000000E+00  0.0000000000E+00  0.1037647463E+01  0.0000000000E+00
