L0  Nsteps           time(ps)         Etot             EKinetic        
L1  Temp             T_solute         T_solv           Pres_scal_solu  
L2  Pres_scal_solv   BoxX             BoxY             BoxZ            
L3  volume           pres_X           pres_Y           pres_Z          
L4  Pressure         EKCoM_x          EKCoM_y          EKCoM_z         
L5  EKComTot         VIRIAL_x         VIRIAL_y         VIRIAL_z        
L6  VIRIAL_tot       E_pot            E_vdw            E_el            
L7  E_hbon           E_bon            E_angle          E_dih           
L8  E_14vdw          E_14el           E_const          E_pol           
L9  AV_permMoment    AV_indMoment     AV_totMoment     Density          dV/dlambda      
L0     1000  0.1120000000E+03  -.3005679931E+06  0.8096385245E+05
L1 0.3004546319E+03  0.3004546319E+03  -.3815318455E+12  0.1000000000E+01
L2 0.1000000000E+01  0.1185746176E+03  0.1185746176E+03  0.1185746176E+03
L3 0.1283379409E+07  0.1041507175E+00  0.3814323115E+02  -.1695076384E+03
L4 -.4375341885E+02  0.1048343059E+05  0.1044242443E+05  0.1056673798E+05
L5 0.3149259299E+05  0.1048246859E+05  0.1009011105E+05  0.1213241046E+05
L6 0.3270499011E+05  -.3815318455E+06  0.3487463786E+05  -.5180769535E+06
L7 0.0000000000E+00  0.4751987845E+04  0.1303313952E+05  0.2029708795E+05
L8 0.5753444116E+04  0.5783481073E+05  0.0000000000E+00  0.0000000000E+00
L9 0.0000000000E+00  0.0000000000E+00  0.0000000000E+00  0.1041811286E+01  0.0000000000E+00
L0     2000  0.1140000000E+03  -.3004366884E+06  0.8098197735E+05
L1 0.3005218929E+03  0.3005218929E+03  -.3814186657E+12  0.1000000000E+01
L2 0.1000000000E+01  0.1185031511E+03  0.1185031511E+03  0.1185031511E+03
L3 0.1281070916E+07  -.6673103252E+02  -.1765872931E+03  -.1671915447E+03
L4 -.1368366234E+03  0.1041552146E+05  0.1060198948E+05  0.1035790593E+05
L5 0.3137541687E+05  0.1103077992E+05  0.1223011994E+05  0.1189940782E+05
L6 0.3516030768E+05  -.3814186657E+06  0.3473404714E+05  -.5177935556E+06
L7 0.0000000000E+00  0.4809646931E+04  0.1294756633E+05  0.2025692298E+05
L8 0.5802090732E+04  0.5782461576E+05  0.0000000000E+00  0.0000000000E+00
L9 0.0000000000E+00  0.0000000000E+00  0.0000000000E+00  0.1043688633E+01  0.0000000000E+00
L0     3000  0.1160000000E+03  -.2999475156E+06  0.8083256970E+05
L1 0.2999674452E+03  0.2999674452E+03  -.3807800853E+12  0.1000000000E+01
L2 0.1000000000E+01  0.1185361475E+03  0.1185361475E+03  0.1185361475E+03
L3 0.1282119473E+07  0.7994521974E+02  -.1836145988E+03  0.2665225375E+03
L4 0.5428438616E+02  0.1049405974E+05  0.1038755781E+05  0.1049124291E+05
L5 0.3137286046E+05  0.9756363484E+04  0.1208186551E+05  0.8031900405E+04
L6 0.2987012940E+05  -.3807800853E+06  0.3502161053E+05  -.5174773729E+06
L7 0.0000000000E+00  0.4896002267E+04  0.1284998396E+05  0.2035250999E+05
L8 0.5718478588E+04  0.5785870227E+05  0.0000000000E+00  0.0000000000E+00
L9 0.0000000000E+00  0.0000000000E+00  0.0000000000E+00  0.1042835072E+01  0.0000000000E+00
L0     4000  0.1180000000E+03  -.2998440889E+06  0.8090494914E+05
L1 0.3002360433E+03  0.3002360433E+03  -.3807490380E+12  0.1000000000E+01
L2 0.1000000000E+01  0.1185613084E+03  0.1185613084E+03  0.1185613084E+03
L3 0.1282934769E+07  0.1256915468E+03  -.2181876275E+03  0.2898967408E+03
L4 0.6580022003E+02  0.1040194699E+05  0.1048754715E+05  0.1053217803E+05
L5 0.3142167216E+05  0.9241387980E+04  0.1250215849E+05  0.7855448512E+04
L6 0.2959899498E+05  -.3807490380E+06  0.3471533253E+05  -.5173936292E+06
L7 0.0000000000E+00  0.4813508028E+04  0.1316836284E+05  0.2023220265E+05
L8 0.5797627341E+04  0.5791755783E+05  0.0000000000E+00  0.0000000000E+00
L9 0.0000000000E+00  0.0000000000E+00  0.0000000000E+00  0.1042172358E+01  0.0000000000E+00
L0     5000  0.1200000000E+03  -.3000467048E+06  0.8068986907E+05
L1 0.2994378871E+03  0.2994378871E+03  -.3807365739E+12  0.1000000000E+01
L2 0.1000000000E+01  0.1185818882E+03  0.1185818882E+03  0.1185818882E+03
L3 0.1283611925E+07  -.9692514472E+02  0.1158784199E+03  -.5650938227E+02
L4 -.1251870237E+02  0.1044045539E+05  0.1031770797E+05  0.1048225827E+05
L5 0.3124042163E+05  0.1133587537E+05  0.9247192650E+04  0.1100430681E+05
L6 0.3158737483E+05  -.3807365739E+06  0.3534085807E+05  -.5176513464E+06
L7 0.0000000000E+00  0.4694754085E+04  0.1317781818E+05  0.2018109739E+05
L8 0.5757356113E+04  0.5776288868E+05  0.0000000000E+00  0.0000000000E+00
L9 0.0000000000E+00  0.0000000000E+00  0.0000000000E+00  0.1041622571E+01  0.0000000000E+00
L0     6000  0.1220000000E+03  -.2999172433E+06  0.8117192742E+05
L1 0.3012267924E+03  0.3012267924E+03  -.3810891707E+12  0.1000000000E+01
L2 0.1000000000E+01  0.1185380748E+03  0.1185380748E+03  0.1185380748E+03
L3 0.1282200945E+07  -.7782384630E+02  0.1014935628E+03  -.3574771002E+03
L4 -.1112691279E+03  0.1052386408E+05  0.1050529193E+05  0.1045679115E+05
L5 0.3148594716E+05  0.1124203095E+05  0.9568698364E+04  0.1375562847E+05
L6 0.3456635778E+05  -.3810891707E+06  0.3462524460E+05  -.5173987011E+06
L7 0.0000000000E+00  0.4787149291E+04  0.1300462492E+05  0.2022486964E+05
L8 0.5754629498E+04  0.5791301242E+05  0.0000000000E+00  0.0000000000E+00
L9 0.0000000000E+00  0.0000000000E+00  0.0000000000E+00  0.1042768809E+01  0.0000000000E+00
L0     7000  0.1240000000E+03  -.3004654726E+06  0.8081492452E+05
L1 0.2999019644E+03  0.2999019644E+03  -.3812803971E+12  0.1000000000E+01
L2 0.1000000000E+01  0.1184901288E+03  0.1184901288E+03  0.1184901288E+03
L3 0.1280625491E+07  0.4579460046E+02  0.1644903687E+03  -.1310536218E+02
L4 0.6572653567E+02  0.1044726082E+05  0.1045672306E+05  0.1059677390E+05
L5 0.3150075779E+05  0.1002518255E+05  0.8940653266E+04  0.1071756301E+05
L6 0.2968339882E+05  -.3812803971E+06  0.3500720566E+05  -.5180180773E+06
L7 0.0000000000E+00  0.4805951834E+04  0.1302643630E+05  0.2025332283E+05
L8 0.5726204794E+04  0.5791855879E+05  0.0000000000E+00  0.0000000000E+00
L9 0.0000000000E+00  0.0000000000E+00  0.0000000000E+00  0.1044051647E+01  0.0000000000E+00
L0     8000  0.1260000000E+03  -.3003428232E+06  0.8080168260E+05
L1 0.2998528240E+03  0.2998528240E+03  -.3811445058E+12  0.1000000000E+01
L2 0.1000000000E+01  0.1184914878E+03  0.1184914878E+03  0.1184914878E+03
L3 0.1280675863E+07  -.4579069696E+02  -.8611304392E+02  0.1634653837E+03
L4 0.1052054760E+02  0.1050422011E+05  0.1050157013E+05  0.1027784815E+05
L5 0.3128363838E+05  0.1092627900E+05  0.1129528542E+05  0.8771166137E+04
L6 0.3099273056E+05  -.3811445058E+06  0.3475698460E+05  -.5175444078E+06
L7 0.0000000000E+00  0.4818245048E+04  0.1291635683E+05  0.2024547780E+05
L8 0.5786703547E+04  0.5787613416E+05  0.0000000000E+00  0.0000000000E+00
L9 0.0000000000E+00  0.0000000000E+00  0.0000000000E+00  0.1044010582E+01  0.0000000000E+00
L0     9000  0.1280000000E+03  -.3011302709E+06  0.8048778218E+05
L1 0.2986879482E+03  0.2986879482E+03  -.3816180531E+12  0.1000000000E+01
L2 0.1000000000E+01  0.1184977998E+03  0.1184977998E+03  0.1184977998E+03
L3 0.1280878065E+07  -.1034207447E+03  0.6015548647E+02  0.1397486897E+03
L4 0.3216114380E+02  0.1046889079E+05  0.1042977569E+05  0.1028133851E+05
L5 0.3118000499E+05  0.1142228395E+05  0.9875227088E+04  0.8993053028E+04
L6 0.3029056407E+05  -.3816180531E+06  0.3523987651E+05  -.5183729288E+06
L7 0.0000000000E+00  0.4699702506E+04  0.1292427232E+05  0.2026152417E+05
L8 0.5728617263E+04  0.5790088295E+05  0.0000000000E+00  0.0000000000E+00
L9 0.0000000000E+00  0.0000000000E+00  0.0000000000E+00  0.1043845772E+01  0.0000000000E+00
L0    10000  0.1300000000E+03  -.3011113363E+06  0.8060359447E+05
L1 0.2991177244E+03  0.2991177244E+03  -.3817149308E+12  0.1000000000E+01
L2 0.1000000000E+01  0.1184477550E+03  0.1184477550E+03  0.1184477550E+03
L3 0.1279258189E+07  0.2948999495E+02  -.1033543478E+03  0.1102483777E+03
L4 0.1212800827E+02  0.1052001513E+05  0.1044866544E+05  0.1034770140E+05
L5 0.3131638197E+05  0.1024850284E+05  0.1140024157E+05  0.9332652435E+04
L6 0.3098139684E+05  -.3817149308E+06  0.3475841838E+05  -.5180878396E+06
L7 0.0000000000E+00  0.4798965622E+04  0.1286599649E+05  0.2029725201E+05
L8 0.5757269698E+04  0.5789500657E+05  0.0000000000E+00  0.0000000000E+00
L9 0.0000000000E+00  0.0000000000E+00  0.0000000000E+00  0.1045167554E+01  0.0000000000E+00
L0    11000  0.1320000000E+03  -.2998999289E+06  0.8085621064E+05
L1 0.3000551761E+03  0.3000551761E+03  -.3807561396E+12  0.1000000000E+01
L2 0.1000000000E+01  0.1185368756E+03  0.1185368756E+03  0.1185368756E+03
L3 0.1282138095E+07  -.2686843524E+02  0.2502605531E+03  0.7075797385E+02
L4 0.9805003058E+02  0.1051075189E+05  0.1057482129E+05  0.1048877293E+05
L5 0.3157434611E+05  0.1075868457E+05  0.8265503055E+04  0.9835842704E+04
L6 0.2886003033E+05  -.3807561396E+06  0.3495042301E+05  -.5174019218E+06
L7 0.0000000000E+00  0.4772099378E+04  0.1312725400E+05  0.2024499265E+05
L8 0.5774329530E+04  0.5777668368E+05  0.0000000000E+00  0.0000000000E+00
L9 0.0000000000E+00  0.0000000000E+00  0.0000000000E+00  0.1042819926E+01  0.0000000000E+00
L0    12000  0.1340000000E+03  -.3002386637E+06  0.8072622858E+05
L1 0.2995728162E+03  0.2995728162E+03  -.3809648922E+12  0.1000000000E+01
L2 0.1000000000E+01  0.1185026928E+03  0.1185026928E+03  0.1185026928E+03
L3 0.1281040284E+07  -.1505539447E+03  -.1700666994E+03  0.3241074664E+03
L4 0.1162274069E+01  0.1051713570E+05  0.1039251370E+05  0.1051957299E+05
L5 0.3142922238E+05  0.1190520614E+05  0.1196048695E+05  0.7531381647E+04
L6 0.3139707474E+05  -.3809648922E+06  0.3523878634E+05  -.5178075991E+06
L7 0.0000000000E+00  0.4740816517E+04  0.1305964300E+05  0.2018175302E+05
L8 0.5735528683E+04  0.5788617932E+05  0.0000000000E+00  0.0000000000E+00
L9 0.0000000000E+00  0.0000000000E+00  0.0000000000E+00  0.1043713589E+01  0.0000000000E+00
L0    13000  0.1360000000E+03  -.3010596236E+06  0.8062223230E+05
L1 0.2991868889E+03  0.2991868889E+03  -.3816818559E+12  0.1000000000E+01
L2 0.1000000000E+01  0.1185033960E+03  0.1185033960E+03  0.1185033960E+03
L3 0.1281082223E+07  -.2284530390E+03  -.1543364758E+03  -.1160296501E+03
L4 -.1662730550E+03  0.1046498507E+05  0.1044464567E+05  0.1033592247E+05
L5 0.3124555321E+05  0.1257133501E+05  0.1186763671E+05  0.1140572240E+05
L6 0.3584469412E+05  -.3816818559E+06  0.3431780803E+05  -.5175558694E+06
L7 0.0000000000E+00  0.4789485105E+04  0.1291688778E+05  0.2027021386E+05
L8 0.5740267362E+04  0.5783935137E+05  0.0000000000E+00  0.0000000000E+00
L9 0.0000000000E+00  0.0000000000E+00  0.0000000000E+00  0.1043679421E+01  0.0000000000E+00
L0    14000  0.1380000000E+03  -.3006965629E+06  0.8058601902E+05
L1 0.2990525024E+03  0.2990525024E+03  -.3812825820E+12  0.1000000000E+01
L2 0.1000000000E+01  0.1184366249E+03  0.1184366249E+03  0.1184366249E+03
L3 0.1278904869E+07  -.1776599560E+03  0.1339346379E+03  -.1110504807E+03
L4 -.5159193293E+02  0.1043455185E+05  0.1038213835E+05  0.1044075942E+05
L5 0.3125744962E+05  0.1206980265E+05  0.9149352250E+04  0.1146291090E+05
L6 0.3268206580E+05  -.3812825820E+06  0.3501515260E+05  -.5180997555E+06
L7 0.0000000000E+00  0.4769960928E+04  0.1295904125E+05  0.2032779820E+05
L8 0.5742715160E+04  0.5800250537E+05  0.0000000000E+00  0.0000000000E+00
L9 0.0000000000E+00  0.0000000000E+00  0.0000000000E+00  0.1045456300E+01  0.0000000000E+00
L0    15000  0.1400000000E+03  -.3007262979E+06  0.8061834012E+05
L1 0.2991724451E+03  0.2991724451E+03  -.3813446380E+12  0.1000000000E+01
L2 0.1000000000E+01  0.1184826310E+03  0.1184826310E+03  0.1184826310E+03
L3 0.1280396065E+07  0.4623114797E+02  -.1001107079E+03  -.1078148262E+03
L4 -.5389812871E+02  0.1041685246E+05  0.1047271936E+05  0.1051367768E+05
L5 0.3140324950E+05  0.9990826963E+04  0.1139525137E+05  0.1150720405E+05
L6 0.3289328239E+05  -.3813446380E+06  0.3460484928E+05  -.5175553971E+06
L7 0.0000000000E+00  0.4729686605E+04  0.1303590397E+05  0.2025834401E+05
L8 0.5757593699E+04  0.5782438154E+05  0.0000000000E+00  0.0000000000E+00
L9 0.0000000000E+00  0.0000000000E+00  0.0000000000E+00  0.1044238724E+01  0.0000000000E+00
L0    16000  0.1420000000E+03  -.3001387955E+06  0.8113141980E+05
L1 0.3010764697E+03  0.3010764697E+03  -.3812702152E+12  0.1000000000E+01
L2 0.1000000000E+01  0.1185219782E+03  0.1185219782E+03  0.1185219782E+03
L3 0.1281663439E+07  -.2011947969E+03  0.1074022927E+03  0.1598494414E+03
L4 0.2201897907E+02  0.1054145602E+05  0.1036998498E+05  0.1044825301E+05
L5 0.3135969402E+05  0.1239732503E+05  0.9379280500E+04  0.8973763465E+04
L6 0.3075036900E+05  -.3812702152E+06  0.3494367011E+05  -.5178660451E+06
L7 0.0000000000E+00  0.4773379388E+04  0.1307513293E+05  0.2029803693E+05
L8 0.5758574505E+04  0.5774703598E+05  0.0000000000E+00  0.0000000000E+00
L9 0.0000000000E+00  0.0000000000E+00  0.0000000000E+00  0.1043206127E+01  0.0000000000E+00
L0    17000  0.1440000000E+03  -.3013637214E+06  0.8050375787E+05
L1 0.2987472336E+03  0.2987472336E+03  -.3818674793E+12  0.1000000000E+01
L2 0.1000000000E+01  0.1184742575E+03  0.1184742575E+03  0.1184742575E+03
L3 0.1280137303E+07  -.2835224098E+03  -.2457665927E+02  -.1868794248E+03
L4 -.1649928313E+03  0.1046558482E+05  0.1041809520E+05  0.1039568343E+05
L5 0.3127936345E+05  0.1307774933E+05  0.1064452625E+05  0.1211745138E+05
L6 0.3583972697E+05  -.3818674793E+06  0.3497266472E+05  -.5184513363E+06
L7 0.0000000000E+00  0.4730431349E+04  0.1312608843E+05  0.2020621592E+05
L8 0.5755738863E+04  0.5779271773E+05  0.0000000000E+00  0.0000000000E+00
L9 0.0000000000E+00  0.0000000000E+00  0.0000000000E+00  0.1044449802E+01  0.0000000000E+00
L0    18000  0.1460000000E+03  -.3007596276E+06  0.8092463376E+05
L1 0.3003090924E+03  0.3003090924E+03  -.3816842613E+12  0.1000000000E+01
L2 0.1000000000E+01  0.1184773960E+03  0.1184773960E+03  0.1184773960E+03
L3 0.1280240554E+07  -.2799621777E+03  -.1651985541E+03  -.8959986460E+02
L4 -.1782535321E+03  0.1057614209E+05  0.1051198465E+05  0.1040296810E+05
L5 0.3149109483E+05  0.1315571332E+05  0.1203412396E+05  0.1122854116E+05
L6 0.3641837843E+05  -.3816842613E+06  0.3456395579E+05  -.5179121465E+06
L7 0.0000000000E+00  0.4768760984E+04  0.1296774971E+05  0.2025979279E+05
L8 0.5766389001E+04  0.5790123692E+05  0.0000000000E+00  0.0000000000E+00
L9 0.0000000000E+00  0.0000000000E+00  0.0000000000E+00  0.1044365567E+01  0.0000000000E+00
L0    19000  0.1480000000E+03  -.3008814994E+06  0.8064224266E+05
L1 0.2992611468E+03  0.2992611468E+03  -.3815237420E+12  0.1000000000E+01
L2 0.1000000000E+01  0.1184960056E+03  0.1184960056E+03  0.1184960056E+03
L3 0.1280822344E+07  -.1036115398E+03  0.3736672749E+02  0.9815364788E+02
L4 0.1063627852E+02  0.1050130825E+05  0.1045045657E+05  0.1052145157E+05
L5 0.3147321638E+05  0.1145641872E+05  0.1010600311E+05  0.9616652965E+04
L6 0.3117907480E+05  -.3815237420E+06  0.3469522732E+05  -.5179177044E+06
L7 0.0000000000E+00  0.4768558445E+04  0.1298990591E+05  0.2027997549E+05
L8 0.5778236699E+04  0.5788205853E+05  0.0000000000E+00  0.0000000000E+00
L9 0.0000000000E+00  0.0000000000E+00  0.0000000000E+00  0.1043891184E+01  0.0000000000E+00
L0    20000  0.1500000000E+03  -.3008303495E+06  0.8076917677E+05
L1 0.2997321958E+03  0.2997321958E+03  -.3815995263E+12  0.1000000000E+01
L2 0.1000000000E+01  0.1184484181E+03  0.1184484181E+03  0.1184484181E+03
L3 0.1279271541E+07  0.2700240986E+01  0.3971395315E+02  0.2077789243E+03
L4 0.8339770614E+02  0.1030921570E+05  0.1050145331E+05  0.1046496526E+05
L5 0.3127563427E+05  0.1028435451E+05  0.1013580595E+05  0.8551939524E+04
L6 0.2897209999E+05  -.3815995263E+06  0.3467866351E+05  -.5177115107E+06
L7 0.0000000000E+00  0.4738816664E+04  0.1297850911E+05  0.2022713729E+05
L8 0.5745561398E+04  0.5774329642E+05  0.0000000000E+00  0.0000000000E+00
L9 0.0000000000E+00  0.0000000000E+00  0.0000000000E+00  0.1045156645E+01  0.0000000000E+00
L0    21000  0.1520000000E+03  -.3004529050E+06  0.8070241007E+05
L1 0.2994844264E+03  0.2994844264E+03  -.3811553151E+12  0.1000000000E+01
L2 0.1000000000E+01  0.1184954465E+03  0.1184954465E+03  0.1184954465E+03
L3 0.1280799825E+07  0.1444986905E+03  -.3499103897E+02  0.3762851615E+02
L4 0.4904538924E+02  0.1050091357E+05  0.1044071244E+05  0.1023894293E+05
L5 0.3118056894E+05  0.9168921158E+04  0.1076326068E+05  0.9892082360E+04
L6 0.2982426420E+05  -.3811553151E+06  0.3464933829E+05  -.5173725329E+06
L7 0.0000000000E+00  0.4824676072E+04  0.1302486958E+05  0.2016015375E+05
L8 0.5720324634E+04  0.5783785548E+05  0.0000000000E+00  0.0000000000E+00
L9 0.0000000000E+00  0.0000000000E+00  0.0000000000E+00  0.1043909538E+01  0.0000000000E+00
L0    22000  0.1540000000E+03  -.3007621243E+06  0.8075215840E+05
L1 0.2996690411E+03  0.2996690411E+03  -.3815142827E+12  0.1000000000E+01
L2 0.1000000000E+01  0.1184891852E+03  0.1184891852E+03  0.1184891852E+03
L3 0.1280599419E+07  -.8084044983E+02  0.1088774523E+03  0.5039194520E+02
L4 0.2614298257E+02  0.1044302812E+05  0.1033878932E+05  0.1050326484E+05
L5 0.3128508228E+05  0.1118810074E+05  0.9335311380E+04  0.1003882335E+05
L6 0.3056223547E+05  -.3815142827E+06  0.3509578948E+05  -.5181817805E+06
L7 0.0000000000E+00  0.4657257150E+04  0.1284839667E+05  0.2028308811E+05
L8 0.5810937985E+04  0.5797202843E+05  0.0000000000E+00  0.0000000000E+00
L9 0.0000000000E+00  0.0000000000E+00  0.0000000000E+00  0.1044072903E+01  0.0000000000E+00
L0    23000  0.1560000000E+03  -.3005264751E+06  0.8107780017E+05
L1 0.3008774887E+03  0.3008774887E+03  -.3816042753E+12  0.1000000000E+01
L2 0.1000000000E+01  0.1184821198E+03  0.1184821198E+03  0.1184821198E+03
L3 0.1280375927E+07  -.6920468999E+02  -.1893766223E+02  0.2003866473E+02
L4 -.2270122916E+02  0.1042098695E+05  0.1059907175E+05  0.1049749241E+05
L5 0.3151755111E+05  0.1105870632E+05  0.1077358180E+05  0.1031283665E+05
L6 0.3214512477E+05  -.3816042753E+06  0.3510826030E+05  -.5183666563E+06
L7 0.0000000000E+00  0.4719428246E+04  0.1298262570E+05  0.2025312667E+05
L8 0.5729749154E+04  0.5796919093E+05  0.0000000000E+00  0.0000000000E+00
L9 0.0000000000E+00  0.0000000000E+00  0.0000000000E+00  0.1044255148E+01  0.0000000000E+00
L0    24000  0.1580000000E+03  -.3004809205E+06  0.8092197049E+05
L1 0.3002992091E+03  0.3002992091E+03  -.3814028910E+12  0.1000000000E+01
L2 0.1000000000E+01  0.1184996745E+03  0.1184996745E+03  0.1184996745E+03
L3 0.1280935124E+07  -.1375941856E+03  0.6406734960E+02  0.2680567837E+03
L4 0.6484331591E+02  0.1058749475E+05  0.1041794211E+05  0.1046842463E+05
L5 0.3147386149E+05  0.1185597525E+05  0.9827305350E+04  0.7997209716E+04
L6 0.2968049032E+05  -.3814028910E+06  0.3492933781E+05  -.5180181739E+06
L7 0.0000000000E+00  0.4743114091E+04  0.1303207065E+05  0.2022183279E+05
L8 0.5747573780E+04  0.5794135380E+05  0.0000000000E+00  0.0000000000E+00
L9 0.0000000000E+00  0.0000000000E+00  0.0000000000E+00  0.1043799275E+01  0.0000000000E+00
L0    25000  0.1600000000E+03  -.3004197640E+06  0.8093683710E+05
L1 0.3003543787E+03  0.3003543787E+03  -.3813566011E+12  0.1000000000E+01
L2 0.1000000000E+01  0.1185169880E+03  0.1185169880E+03  0.1185169880E+03
L3 0.1281516038E+07  -.2890885141E+03  -.1163600646E+03  0.9146823347E+02
L4 -.1046601151E+03  0.1043519878E+05  0.1053299488E+05  0.1049953101E+05
L5 0.3146772467E+05  0.1310151382E+05  0.1160620455E+05  0.9655903139E+04
L6 0.3436362152E+05  -.3813566011E+06  0.3463774289E+05  -.5176225017E+06
L7 0.0000000000E+00  0.4721114300E+04  0.1305515890E+05  0.2027660322E+05
L8 0.5723848679E+04  0.5785143265E+05  0.0000000000E+00  0.0000000000E+00
L9 0.0000000000E+00  0.0000000000E+00  0.0000000000E+00  0.1043326118E+01  0.0000000000E+00
L0    26000  0.1620000000E+03  -.3005769542E+06  0.8060158630E+05
L1 0.2991102722E+03  0.2991102722E+03  -.3811785405E+12  0.1000000000E+01
L2 0.1000000000E+01  0.1185207296E+03  0.1185207296E+03  0.1185207296E+03
L3 0.1281618554E+07  0.4997312813E+02  0.7482009135E+02  0.5620319899E+02
L4 0.6033213949E+02  0.1054356479E+05  0.1039885950E+05  0.1037229514E+05
L5 0.3131471943E+05  0.1008261682E+05  0.9708725224E+04  0.9853881518E+04
L6 0.2964522356E+05  -.3811785405E+06  0.3509513749E+05  -.5177073878E+06
L7 0.0000000000E+00  0.4879401919E+04  0.1286243886E+05  0.2011002290E+05
L8 0.5742700820E+04  0.5783914537E+05  0.0000000000E+00  0.0000000000E+00
L9 0.0000000000E+00  0.0000000000E+00  0.0000000000E+00  0.1043242663E+01  0.0000000000E+00
L0    27000  0.1640000000E+03  -.3009149258E+06  0.8069346754E+05
L1 0.2994512409E+03  0.2994512409E+03  -.3816083934E+12  0.1000000000E+01
L2 0.1000000000E+01  0.1184959606E+03  0.1184959606E+03  0.1184959606E+03
L3 0.1280830383E+07  -.1334529256E+02  -.1207391812E+03  -.8344451121E+02
L4 -.7250966165E+02  0.1049724239E+05  0.1053304514E+05  0.1041126990E+05
L5 0.3144155743E+05  0.1062026256E+05  0.1164604838E+05  0.1118048176E+05
L6 0.3344679270E+05  -.3816083934E+06  0.3508353356E+05  -.5180378961E+06
L7 0.0000000000E+00  0.4751797373E+04  0.1293008097E+05  0.2023264840E+05
L8 0.5733517929E+04  0.5769792445E+05  0.0000000000E+00  0.0000000000E+00
L9 0.0000000000E+00  0.0000000000E+00  0.0000000000E+00  0.1043884632E+01  0.0000000000E+00
L0    28000  0.1660000000E+03  -.3004919156E+06  0.8083345379E+05
L1 0.2999707261E+03  0.2999707261E+03  -.3813253693E+12  0.1000000000E+01
L2 0.1000000000E+01  0.1184479847E+03  0.1184479847E+03  0.1184479847E+03
L3 0.1279275839E+07  0.5971679738E+02  -.2871439080E+00  -.2914280847E+03
L4 -.7733281041E+02  0.1047521148E+05  0.1049782268E+05  0.1050988122E+05
L5 0.3148291538E+05  0.9925395590E+04  0.1050046643E+05  0.1319307587E+05
L6 0.3361893789E+05  -.3813253693E+06  0.3437319093E+05  -.5173013912E+06
L7 0.0000000000E+00  0.4860738141E+04  0.1303297398E+05  0.2022563973E+05
L8 0.5729027445E+04  0.5775445160E+05  0.0000000000E+00  0.0000000000E+00
L9 0.0000000000E+00  0.0000000000E+00  0.0000000000E+00  0.1045153135E+01  0.0000000000E+00
L0    29000  0.1680000000E+03  -.3000956617E+06  0.8121525834E+05
L1 0.3013875922E+03  0.3013875922E+03  -.3813109201E+12  0.1000000000E+01
L2 0.1000000000E+01  0.1184803061E+03  0.1184803061E+03  0.1184803061E+03
L3 0.1280310000E+07  0.1137870721E+03  -.8965627233E+02  0.9507718449E+02
L4 0.3973599475E+02  0.1046358946E+05  0.1049799895E+05  0.1055184730E+05
L5 0.3151343571E+05  0.9415098622E+04  0.1132413656E+05  0.9675758698E+04
L6 0.3041499388E+05  -.3813109201E+06  0.3438686814E+05  -.5175727625E+06
L7 0.0000000000E+00  0.4773916971E+04  0.1307132521E+05  0.2031073882E+05
L8 0.5731731594E+04  0.5798726165E+05  0.0000000000E+00  0.0000000000E+00
L9 0.0000000000E+00  0.0000000000E+00  0.0000000000E+00  0.1044308919E+01  0.0000000000E+00
L0    30000  0.1700000000E+03  -.3010697392E+06  0.8044567766E+05
L1 0.2985316995E+03  0.2985316995E+03  -.3815154168E+12  0.1000000000E+01
L2 0.1000000000E+01  0.1184065852E+03  0.1184065852E+03  0.1184065852E+03
L3 0.1277897965E+07  0.6019308977E+03  0.1166117946E+03  0.2217034635E+02
L4 0.2469043462E+03  0.1043034698E+05  0.1048067106E+05  0.1038516646E+05
L5 0.3129618449E+05  0.4894304740E+04  0.9408176154E+04  0.1018126269E+05
L6 0.2448374359E+05  -.3815154168E+06  0.3463011666E+05  -.5177276312E+06
L7 0.0000000000E+00  0.4788142257E+04  0.1298325486E+05  0.2022221927E+05
L8 0.5667583158E+04  0.5792089816E+05  0.0000000000E+00  0.0000000000E+00
L9 0.0000000000E+00  0.0000000000E+00  0.0000000000E+00  0.1046280055E+01  0.0000000000E+00
L0    31000  0.1720000000E+03  -.3004237303E+06  0.8096283377E+05
L1 0.3004508516E+03  0.3004508516E+03  -.3813865641E+12  0.1000000000E+01
L2 0.1000000000E+01  0.1184887871E+03  0.1184887871E+03  0.1184887871E+03
L3 0.1280575204E+07  -.1646434373E+03  0.2771116006E+02  0.5123005133E+03
L4 0.1251227454E+03  0.1039993969E+05  0.1049393868E+05  0.1048961217E+05
L5 0.3138349054E+05  0.1191736070E+05  0.1023854133E+05  0.5768041878E+04
L6 0.2792394392E+05  -.3813865641E+06  0.3489880049E+05  -.5179265056E+06
L7 0.0000000000E+00  0.4765485150E+04  0.1314137957E+05  0.2019066366E+05
L8 0.5763532321E+04  0.5778008031E+05  0.0000000000E+00  0.0000000000E+00
L9 0.0000000000E+00  0.0000000000E+00  0.0000000000E+00  0.1044092646E+01  0.0000000000E+00
L0    32000  0.1740000000E+03  -.3007754232E+06  0.8094966285E+05
L1 0.3004019747E+03  0.3004019747E+03  -.3817250861E+12  0.1000000000E+01
L2 0.1000000000E+01  0.1185117722E+03  0.1185117722E+03  0.1185117722E+03
L3 0.1281331460E+07  0.1708495835E+02  -.8982828486E+02  0.1627944975E+03
L4 0.3001705701E+02  0.1057537344E+05  0.1042867548E+05  0.1055163843E+05
L5 0.3155568735E+05  0.1041781851E+05  0.1125705848E+05  0.9050371943E+04
L6 0.3072524893E+05  -.3817250861E+06  0.3446123425E+05  -.5177919043E+06
L7 0.0000000000E+00  0.4738446290E+04  0.1294938580E+05  0.2017476606E+05
L8 0.5745042155E+04  0.5799794368E+05  0.0000000000E+00  0.0000000000E+00
L9 0.0000000000E+00  0.0000000000E+00  0.0000000000E+00  0.1043476411E+01  0.0000000000E+00
L0    33000  0.1760000000E+03  -.3006198257E+06  0.8093685965E+05
L1 0.3003544623E+03  0.3003544623E+03  -.3815566854E+12  0.1000000000E+01
L2 0.1000000000E+01  0.1185030065E+03  0.1185030065E+03  0.1185030065E+03
L3 0.1281061978E+07  -.2662074720E+03  0.2345712932E+03  -.2673651585E+03
L4 -.9966711244E+02  0.1060684550E+05  0.1047780541E+05  0.1047753216E+05
L5 0.3156218306E+05  0.1306125466E+05  0.8315078997E+04  0.1294261508E+05
L6 0.3431894874E+05  -.3815566854E+06  0.3459240513E+05  -.5175517688E+06
L7 0.0000000000E+00  0.4667966141E+04  0.1305492035E+05  0.2013261883E+05
L8 0.5738372802E+04  0.5780880020E+05  0.0000000000E+00  0.0000000000E+00
L9 0.0000000000E+00  0.0000000000E+00  0.0000000000E+00  0.1043695915E+01  0.0000000000E+00
L0    34000  0.1780000000E+03  -.3006451236E+06  0.8072292351E+05
L1 0.2995605512E+03  0.2995605512E+03  -.3813680471E+12  0.1000000000E+01
L2 0.1000000000E+01  0.1185155139E+03  0.1185155139E+03  0.1185155139E+03
L3 0.1281461948E+07  -.1398158628E+03  0.1173892995E+03  -.1269016271E+03
L4 -.4977606345E+02  0.1055936912E+05  0.1030494271E+05  0.1051153134E+05
L5 0.3137584316E+05  0.1184886139E+05  0.9222285913E+04  0.1168191833E+05
L6 0.3275306562E+05  -.3813680471E+06  0.3507444939E+05  -.5179429284E+06
L7 0.0000000000E+00  0.4806611864E+04  0.1299791389E+05  0.2022432738E+05
L8 0.5783428058E+04  0.5768815069E+05  0.0000000000E+00  0.0000000000E+00
L9 0.0000000000E+00  0.0000000000E+00  0.0000000000E+00  0.1043370156E+01  0.0000000000E+00
L0    35000  0.1800000000E+03  -.3008089340E+06  0.8045463021E+05
L1 0.2985649221E+03  0.2985649221E+03  -.3812635642E+12  0.1000000000E+01
L2 0.1000000000E+01  0.1185120572E+03  0.1185120572E+03  0.1185120572E+03
L3 0.1281336947E+07  -.3422998173E+02  -.2911574006E+02  0.2519382917E+03
L4 0.6286418997E+02  0.1049497852E+05  0.1044142811E+05  0.1040616332E+05
L5 0.3134256995E+05  0.1081064364E+05  0.1070993025E+05  0.8082816156E+04
L6 0.2960339005E+05  -.3812635642E+06  0.3434014027E+05  -.5170308071E+06
L7 0.0000000000E+00  0.4753659371E+04  0.1278193864E+05  0.2019211745E+05
L8 0.5772697864E+04  0.5792668937E+05  0.0000000000E+00  0.0000000000E+00
L9 0.0000000000E+00  0.0000000000E+00  0.0000000000E+00  0.1043471942E+01  0.0000000000E+00
L0    36000  0.1820000000E+03  -.3005673413E+06  0.8080418259E+05
L1 0.2998621014E+03  0.2998621014E+03  -.3813715239E+12  0.1000000000E+01
L2 0.1000000000E+01  0.1184308502E+03  0.1184308502E+03  0.1184308502E+03
L3 0.1278713779E+07  0.1997966888E+03  -.1793500985E+03  -.6922818538E+02
L4 -.1626053172E+02  0.1054537081E+05  0.1047749861E+05  0.1042794958E+05
L5 0.3145081900E+05  0.8706639754E+04  0.1212805948E+05  0.1106505731E+05
L6 0.3189975654E+05  -.3813715239E+06  0.3437912241E+05  -.5173047946E+06
L7 0.0000000000E+00  0.4785951510E+04  0.1303849157E+05  0.2014549749E+05
L8 0.5733064503E+04  0.5785114328E+05  0.0000000000E+00  0.0000000000E+00
L9 0.0000000000E+00  0.0000000000E+00  0.0000000000E+00  0.1045612532E+01  0.0000000000E+00
L0    37000  0.1840000000E+03  -.3007107366E+06  0.8085953531E+05
L1 0.3000675139E+03  0.3000675139E+03  -.3815702719E+12  0.1000000000E+01
L2 0.1000000000E+01  0.1184754317E+03  0.1184754317E+03  0.1184754317E+03
L3 0.1280145727E+07  -.3647232214E+02  0.2273737748E+03  0.9274812314E+02
L4 0.9454985858E+02  0.1041487899E+05  0.1049060190E+05  0.1051234658E+05
L5 0.3141782747E+05  0.1075091004E+05  0.8395735345E+04  0.9657828762E+04
L6 0.2880447415E+05  -.3815702719E+06  0.3479115357E+05  -.5180618704E+06
L7 0.0000000000E+00  0.4718780422E+04  0.1299568396E+05  0.2028363829E+05
L8 0.5773223506E+04  0.5792911879E+05  0.0000000000E+00  0.0000000000E+00
L9 0.0000000000E+00  0.0000000000E+00  0.0000000000E+00  0.1044442929E+01  0.0000000000E+00
L0    38000  0.1860000000E+03  -.3004398336E+06  0.8087285434E+05
L1 0.3001169404E+03  0.3001169404E+03  -.3813126880E+12  0.1000000000E+01
L2 0.1000000000E+01  0.1184336988E+03  0.1184336988E+03  0.1184336988E+03
L3 0.1278784922E+07  0.4866965454E+03  0.8806139675E+02  -.6782412811E+02
L4 0.1689779380E+03  0.1042163624E+05  0.1070125294E+05  0.1043130565E+05
L5 0.3155419483E+05  0.5942313547E+04  0.9890777879E+04  0.1105552655E+05
L6 0.2688861797E+05  -.3813126880E+06  0.3470939647E+05  -.5175876422E+06
L7 0.0000000000E+00  0.4770349735E+04  0.1304117783E+05  0.2015076604E+05
L8 0.5747563163E+04  0.5785570098E+05  0.0000000000E+00  0.0000000000E+00
L9 0.0000000000E+00  0.0000000000E+00  0.0000000000E+00  0.1045554362E+01  0.0000000000E+00
L0    39000  0.1880000000E+03  -.3008915323E+06  0.8067283328E+05
L1 0.2993746677E+03  0.2993746677E+03  -.3815643655E+12  0.1000000000E+01
L2 0.1000000000E+01  0.1184769225E+03  0.1184769225E+03  0.1184769225E+03
L3 0.1280192481E+07  0.6077825257E+02  0.2929677958E+02  0.2348342117E+03
L4 0.1083030813E+03  0.1047686866E+05  0.1055202048E+05  0.1052264735E+05
L5 0.3155153650E+05  0.9916878932E+04  0.1028209012E+05  0.8358966415E+04
L6 0.2855793547E+05  -.3815643655E+06  0.3498592077E+05  -.5182829118E+06
L7 0.0000000000E+00  0.4699846888E+04  0.1291383161E+05  0.2022988800E+05
L8 0.5780290255E+04  0.5810876879E+05  0.0000000000E+00  0.0000000000E+00
L9 0.0000000000E+00  0.0000000000E+00  0.0000000000E+00  0.1044404785E+01  0.0000000000E+00
L0    40000  0.1900000000E+03  -.3006131791E+06  0.8067705335E+05
L1 0.2993903283E+03  0.2993903283E+03  -.3812902324E+12  0.1000000000E+01
L2 0.1000000000E+01  0.1184633831E+03  0.1184633831E+03  0.1184633831E+03
L3 0.1279775958E+07  0.2572092384E+02  -.5812899961E+02  -.2293320758E+03
L4 -.8724671719E+02  0.1046265936E+05  0.1024817457E+05  0.1049662713E+05
L5 0.3120746106E+05  0.1022575280E+05  0.1078358074E+05  0.1260892582E+05
L6 0.3361825936E+05  -.3812902324E+06  0.3461997478E+05  -.5175366904E+06
L7 0.0000000000E+00  0.4650387547E+04  0.1301547789E+05  0.2019910926E+05
L8 0.5772661106E+04  0.5798884742E+05  0.0000000000E+00  0.0000000000E+00
L9 0.0000000000E+00  0.0000000000E+00  0.0000000000E+00  0.1044744703E+01  0.0000000000E+00
L0    41000  0.1920000000E+03  -.3002706564E+06  0.8110922117E+05
L1 0.3009940912E+03  0.3009940912E+03  -.3813798776E+12  0.1000000000E+01
L2 0.1000000000E+01  0.1184858340E+03  0.1184858340E+03  0.1184858340E+03
L3 0.1280486424E+07  0.1120928014E+03  0.2084013985E+03  -.1280310980E+03
L4 0.6415436730E+02  0.1047394749E+05  0.1068638384E+05  0.1053372747E+05
L5 0.3169405880E+05  0.9440926173E+04  0.8765804792E+04  0.1171363243E+05
L6 0.2992036340E+05  -.3813798776E+06  0.3458266583E+05  -.5177322142E+06
L7 0.0000000000E+00  0.4785372914E+04  0.1293433036E+05  0.2029243467E+05
L8 0.5737567394E+04  0.5801996546E+05  0.0000000000E+00  0.0000000000E+00
L9 0.0000000000E+00  0.0000000000E+00  0.0000000000E+00  0.1044165035E+01  0.0000000000E+00
L0    42000  0.1940000000E+03  -.3008596711E+06  0.8084364049E+05
L1 0.3000085286E+03  0.3000085286E+03  -.3817033116E+12  0.1000000000E+01
L2 0.1000000000E+01  0.1184375149E+03  0.1184375149E+03  0.1184375149E+03
L3 0.1278924095E+07  0.2212363607E+03  0.1058334561E+03  -.2292177303E+03
L4 0.3261736216E+02  0.1047258685E+05  0.1061090950E+05  0.1052739973E+05
L5 0.3161089608E+05  0.8436211390E+04  0.9636762875E+04  0.1263723990E+05
L6 0.3071021417E+05  -.3817033116E+06  0.3481192714E+05  -.5179963521E+06
L7 0.0000000000E+00  0.4696132670E+04  0.1294163869E+05  0.2022794815E+05
L8 0.5799185542E+04  0.5781620824E+05  0.0000000000E+00  0.0000000000E+00
L9 0.0000000000E+00  0.0000000000E+00  0.0000000000E+00  0.1045440584E+01  0.0000000000E+00
L0    43000  0.1960000000E+03  -.3007390154E+06  0.8102243166E+05
L1 0.3006720177E+03  0.3006720177E+03  -.3817614470E+12  0.1000000000E+01
L2 0.1000000000E+01  0.1184393680E+03  0.1184393680E+03  0.1184393680E+03
L3 0.1279020603E+07  -.1919648638E+03  -.3284740592E+03  -.3408802135E+03
L4 -.2871063788E+03  0.1053082437E+05  0.1044750818E+05  0.1043944735E+05
L5 0.3141777989E+05  0.1229790296E+05  0.1347118380E+05  0.1357732433E+05
L6 0.3934641109E+05  -.3817614470E+06  0.3443162771E+05  -.5178273677E+06
L7 0.0000000000E+00  0.4682535720E+04  0.1298772739E+05  0.2021433497E+05
L8 0.5787651068E+04  0.5796204382E+05  0.0000000000E+00  0.0000000000E+00
L9 0.0000000000E+00  0.0000000000E+00  0.0000000000E+00  0.1045361700E+01  0.0000000000E+00
L0    44000  0.1980000000E+03  -.3014662938E+06  0.8045296672E+05
L1 0.2985587490E+03  0.2985587490E+03  -.3819192605E+12  0.1000000000E+01
L2 0.1000000000E+01  0.1184741222E+03  0.1184741222E+03  0.1184741222E+03
L3 0.1280115533E+07  -.2563740923E+03  0.2399964917E+03  -.2194075928E+02
L4 -.1277278662E+02  0.1046734333E+05  0.1050194612E+05  0.1046893531E+05
L5 0.3143822476E+05  0.1282934327E+05  0.8290834633E+04  0.1067107771E+05
L6 0.3179125561E+05  -.3819192605E+06  0.3480052406E+05  -.5182760757E+06
L7 0.0000000000E+00  0.4740065729E+04  0.1286936994E+05  0.2026714118E+05
L8 0.5739896968E+04  0.5793981739E+05  0.0000000000E+00  0.0000000000E+00
L9 0.0000000000E+00  0.0000000000E+00  0.0000000000E+00  0.1044467564E+01  0.0000000000E+00
L0    45000  0.2000000000E+03  -.3008004023E+06  0.8096872024E+05
L1 0.3004726961E+03  0.3004726961E+03  -.3817691226E+12  0.1000000000E+01
L2 0.1000000000E+01  0.1184579255E+03  0.1184579255E+03  0.1184579255E+03
L3 0.1279595724E+07  -.2778001694E+03  0.1410399483E+03  -.3653098987E+02
L4 -.5776373702E+02  0.1056292184E+05  0.1056021000E+05  0.1048413831E+05
L5 0.3160727015E+05  0.1312128307E+05  0.9261322609E+04  0.1082056528E+05
L6 0.3320317096E+05  -.3817691226E+06  0.3479938172E+05  -.5181287957E+06
L7 0.0000000000E+00  0.4802147419E+04  0.1294712548E+05  0.2010755447E+05
L8 0.5753081589E+04  0.5795038249E+05  0.0000000000E+00  0.0000000000E+00
L9 0.0000000000E+00  0.0000000000E+00  0.0000000000E+00  0.1044891858E+01  0.0000000000E+00
L0    46000  0.2020000000E+03  -.3007978761E+06  0.8081604174E+05
L1 0.2999061104E+03  0.2999061104E+03  -.3816139178E+12  0.1000000000E+01
L2 0.1000000000E+01  0.1184444691E+03  0.1184444691E+03  0.1184444691E+03
L3 0.1279169547E+07  -.1856578163E+03  -.3288566736E+03  0.8240035030E+02
L4 -.1440380465E+03  0.1044148078E+05  0.1051900278E+05  0.1040959307E+05
L5 0.3137007663E+05  0.1215070064E+05  0.1354655296E+05  0.9650991478E+04
L6 0.3534824508E+05  -.3816139178E+06  0.3486200522E+05  -.5180032882E+06
L7 0.0000000000E+00  0.4761895275E+04  0.1292025084E+05  0.2024907280E+05
L8 0.5721129160E+04  0.5787501708E+05  0.0000000000E+00  0.0000000000E+00
L9 0.0000000000E+00  0.0000000000E+00  0.0000000000E+00  0.1045239981E+01  0.0000000000E+00
L0    47000  0.2040000000E+03  -.3008145656E+06  0.8094759597E+05
L1 0.3003943045E+03  0.3003943045E+03  -.3817621616E+12  0.1000000000E+01
L2 0.1000000000E+01  0.1184435299E+03  0.1184435299E+03  0.1184435299E+03
L3 0.1279110026E+07  0.1573486479E+03  -.7823194218E+00  0.1761923584E+03
L4 0.1109195623E+03  0.1050982818E+05  0.1054341831E+05  0.1048176468E+05
L5 0.3153501117E+05  0.9061298163E+04  0.1055062024E+05  0.8859762063E+04
L6 0.2847168046E+05  -.3817621616E+06  0.3437543782E+05  -.5177856463E+06
L7 0.0000000000E+00  0.4748889935E+04  0.1273324417E+05  0.2024509988E+05
L8 0.5826739073E+04  0.5809407388E+05  0.0000000000E+00  0.0000000000E+00
L9 0.0000000000E+00  0.0000000000E+00  0.0000000000E+00  0.1045288619E+01  0.0000000000E+00
L0    48000  0.2060000000E+03  -.3005342412E+06  0.8069874953E+05
L1 0.2994708422E+03  0.2994708422E+03  -.3812329907E+12  0.1000000000E+01
L2 0.1000000000E+01  0.1184297088E+03  0.1184297088E+03  0.1184297088E+03
L3 0.1278674790E+07  -.1750486558E+03  -.1999826699E+03  0.3793583148E+03
L4 0.1442329698E+01  0.1052697122E+05  0.1046592321E+05  0.1053397390E+05
L5 0.3152686833E+05  0.1213789675E+05  0.1230630973E+05  0.7042841733E+04
L6 0.3148704822E+05  -.3812329907E+06  0.3465019067E+05  -.5176660302E+06
L7 0.0000000000E+00  0.4734467522E+04  0.1314200893E+05  0.2030690963E+05
L8 0.5742679410E+04  0.5785678331E+05  0.0000000000E+00  0.0000000000E+00
L9 0.0000000000E+00  0.0000000000E+00  0.0000000000E+00  0.1045644415E+01  0.0000000000E+00
L0    49000  0.2080000000E+03  -.3010079502E+06  0.8115731839E+05
L1 0.3011725787E+03  0.3011725787E+03  -.3821652686E+12  0.1000000000E+01
L2 0.1000000000E+01  0.1184695925E+03  0.1184695925E+03  0.1184695925E+03
L3 0.1279983758E+07  -.2792324354E+03  -.1411620951E+03  -.1334138764E+02
L4 -.1445786394E+03  0.1046747280E+05  0.1057853948E+05  0.1044031174E+05
L5 0.3148632402E+05  0.1303980410E+05  0.1187894599E+05  0.1056321462E+05
L6 0.3548196471E+05  -.3821652686E+06  0.3481422107E+05  -.5184710779E+06
L7 0.0000000000E+00  0.4728628307E+04  0.1299533249E+05  0.2025614182E+05
L8 0.5747383424E+04  0.5776410220E+05  0.0000000000E+00  0.0000000000E+00
L9 0.0000000000E+00  0.0000000000E+00  0.0000000000E+00  0.1044575093E+01  0.0000000000E+00
L0    50000  0.2100000000E+03  -.3010354302E+06  0.8056007851E+05
L1 0.2989562379E+03  0.2989562379E+03  -.3815955087E+12  0.1000000000E+01
L2 0.1000000000E+01  0.1184225847E+03  0.1184225847E+03  0.1184225847E+03
L3 0.1278445537E+07  -.5083189163E+02  -.2204064268E+03  0.2363795179E+03
L4 -.1161960019E+02  0.1037970204E+05  0.1056271469E+05  0.1044804030E+05
L5 0.3139045703E+05  0.1084741035E+05  0.1259069187E+05  0.8273093421E+04
L6 0.3171119564E+05  -.3815955087E+06  0.3470432765E+05  -.5180467070E+06
L7 0.0000000000E+00  0.4803541392E+04  0.1302904213E+05  0.2025437194E+05
L8 0.5781489804E+04  0.5787842537E+05  0.0000000000E+00  0.0000000000E+00
L9 0.0000000000E+00  0.0000000000E+00  0.0000000000E+00  0.1045831922E+01  0.0000000000E+00
L0    51000  0.2120000000E+03  -.3012177975E+06  0.8087515914E+05
L1 0.3001254934E+03  0.3001254934E+03  -.3820929566E+12  0.1000000000E+01
L2 0.1000000000E+01  0.1184398252E+03  0.1184398252E+03  0.1184398252E+03
L3 0.1279011474E+07  0.7807937154E+01  -.3312030440E+03  0.9157233997E+02
L4 -.7727425562E+02  0.1054951983E+05  0.1047019374E+05  0.1037531838E+05
L5 0.3139503196E+05  0.1047764657E+05  0.1351896850E+05  0.9532380966E+04
L6 0.3352899604E+05  -.3820929566E+06  0.3511865635E+05  -.5189784864E+06
L7 0.0000000000E+00  0.4720099118E+04  0.1292141452E+05  0.2027175635E+05
L8 0.5828520152E+04  0.5802508325E+05  0.0000000000E+00  0.0000000000E+00
L9 0.0000000000E+00  0.0000000000E+00  0.0000000000E+00  0.1045369162E+01  0.0000000000E+00
L0    52000  0.2140000000E+03  -.3003261777E+06  0.8085400312E+05
L1 0.3000469840E+03  0.3000469840E+03  -.3811801808E+12  0.1000000000E+01
L2 0.1000000000E+01  0.1184625775E+03  0.1184625775E+03  0.1184625775E+03
L3 0.1279739360E+07  0.1355023598E+03  -.2353611814E+03  0.1138118402E+03
L4 0.4651006207E+01  0.1063877779E+05  0.1051472275E+05  0.1038723261E+05
L5 0.3154073315E+05  0.9390747962E+04  0.1268249146E+05  0.9338980966E+04
L6 0.3141222039E+05  -.3811801808E+06  0.3474870839E+05  -.5177798731E+06
L7 0.0000000000E+00  0.4753373723E+04  0.1308358147E+05  0.2023005078E+05
L8 0.5733748620E+04  0.5805022928E+05  0.0000000000E+00  0.0000000000E+00
L9 0.0000000000E+00  0.0000000000E+00  0.0000000000E+00  0.1044774581E+01  0.0000000000E+00
L0    53000  0.2160000000E+03  -.3014612079E+06  0.8038601768E+05
L1 0.2983103029E+03  0.2983103029E+03  -.3818472256E+12  0.1000000000E+01
L2 0.1000000000E+01  0.1184400818E+03  0.1184400818E+03  0.1184400818E+03
L3 0.1278999447E+07  -.1240077513E+03  0.3600711111E+03  0.6697729385E+02
L4 0.1010135512E+03  0.1032720797E+05  0.1038060440E+05  0.1028397140E+05
L5 0.3099178377E+05  0.1146870758E+05  0.7066125829E+04  0.9667440949E+04
L6 0.2820227436E+05  -.3818472256E+06  0.3476346333E+05  -.5180334955E+06
L7 0.0000000000E+00  0.4745530292E+04  0.1280290999E+05  0.2018774497E+05
L8 0.5774802622E+04  0.5791181871E+05  0.0000000000E+00  0.0000000000E+00
L9 0.0000000000E+00  0.0000000000E+00  0.0000000000E+00  0.1045378992E+01  0.0000000000E+00
L0    54000  0.2180000000E+03  -.3006344637E+06  0.8077225406E+05
L1 0.2997436155E+03  0.2997436155E+03  -.3814067177E+12  0.1000000000E+01
L2 0.1000000000E+01  0.1184605718E+03  0.1184605718E+03  0.1184605718E+03
L3 0.1279663606E+07  -.7300168450E+00  0.1069624497E+03  0.1903256639E+03
L4 0.9885269895E+02  0.1045098132E+05  0.1043798694E+05  0.1043779302E+05
L5 0.3132676127E+05  0.1045770466E+05  0.9452879177E+04  0.8684922847E+04
L6 0.2859550668E+05  -.3814067177E+06  0.3467802652E+05  -.5178146036E+06
L7 0.0000000000E+00  0.4835664327E+04  0.1293859906E+05  0.2030299172E+05
L8 0.5749903994E+04  0.5790270027E+05  0.0000000000E+00  0.0000000000E+00
L9 0.0000000000E+00  0.0000000000E+00  0.0000000000E+00  0.1044836429E+01  0.0000000000E+00
L0    55000  0.2200000000E+03  -.3001062367E+06  0.8102829972E+05
L1 0.3006937939E+03  0.3006937939E+03  -.3811345364E+12  0.1000000000E+01
L2 0.1000000000E+01  0.1184725669E+03  0.1184725669E+03  0.1184725669E+03
L3 0.1280076295E+07  0.8781343752E+01  -.2708155197E+02  -.3136104302E+03
L4 -.1106368795E+03  0.1043569935E+05  0.1050573679E+05  0.1042003880E+05
L5 0.3136147494E+05  0.1035479844E+05  0.1075523417E+05  0.1330927424E+05
L6 0.3441930685E+05  -.3811345364E+06  0.3486973187E+05  -.5178958361E+06
L7 0.0000000000E+00  0.4749109651E+04  0.1309798914E+05  0.2026012143E+05
L8 0.5816669967E+04  0.5796767765E+05  0.0000000000E+00  0.0000000000E+00
L9 0.0000000000E+00  0.0000000000E+00  0.0000000000E+00  0.1044499580E+01  0.0000000000E+00
L0    56000  0.2220000000E+03  -.3003735038E+06  0.8075075126E+05
L1 0.2996638192E+03  0.2996638192E+03  -.3811242551E+12  0.1000000000E+01
L2 0.1000000000E+01  0.1184416199E+03  0.1184416199E+03  0.1184416199E+03
L3 0.1279050671E+07  0.5015528772E+02  0.1224491315E+03  0.9377956001E+02
L4 0.8879465973E+02  0.1027894795E+05  0.1049269497E+05  0.1046768024E+05
L5 0.3123932316E+05  0.9817246689E+04  0.9365497418E+04  0.9604398563E+04
L6 0.2878714267E+05  -.3811242551E+06  0.3500057005E+05  -.5178748626E+06
L7 0.0000000000E+00  0.4828895762E+04  0.1291411613E+05  0.2024448472E+05
L8 0.5743732674E+04  0.5801880817E+05  0.0000000000E+00  0.0000000000E+00
L9 0.0000000000E+00  0.0000000000E+00  0.0000000000E+00  0.1045337126E+01  0.0000000000E+00
L0    57000  0.2240000000E+03  -.3005193650E+06  0.8108546175E+05
L1 0.3009059207E+03  0.3009059207E+03  -.3816048268E+12  0.1000000000E+01
L2 0.1000000000E+01  0.1184583950E+03  0.1184583950E+03  0.1184583950E+03
L3 0.1279594037E+07  0.2327905504E+03  0.1166012635E+03  -.7844698698E+02
L4 0.9031494229E+02  0.1057692268E+05  0.1036081105E+05  0.1058515373E+05
L5 0.3152288745E+05  0.8433073965E+04  0.9286989675E+04  0.1130759917E+05
L6 0.2902766281E+05  -.3816048268E+06  0.3542960491E+05  -.5188351069E+06
L7 0.0000000000E+00  0.4835715818E+04  0.1292553829E+05  0.2021766364E+05
L8 0.5807166390E+04  0.5801459105E+05  0.0000000000E+00  0.0000000000E+00
L9 0.0000000000E+00  0.0000000000E+00  0.0000000000E+00  0.1044893235E+01  0.0000000000E+00
L0    58000  0.2260000000E+03  -.3006327431E+06  0.8065752258E+05
L1 0.2993178501E+03  0.2993178501E+03  -.3812902657E+12  0.1000000000E+01
L2 0.1000000000E+01  0.1184117410E+03  0.1184117410E+03  0.1184117410E+03
L3 0.1278087200E+07  -.3816587271E+02  0.5179889865E+02  0.1403451385E+03
L4 0.5132605482E+02  0.1035575904E+05  0.1044086350E+05  0.1032202920E+05
L5 0.3111865174E+05  0.1070682786E+05  0.9964391277E+04  0.9031064285E+04
L6 0.2970228342E+05  -.3812902657E+06  0.3496764631E+05  -.5177945010E+06
L7 0.0000000000E+00  0.4796301981E+04  0.1296552099E+05  0.2012723720E+05
L8 0.5714893073E+04  0.5793263579E+05  0.0000000000E+00  0.0000000000E+00
L9 0.0000000000E+00  0.0000000000E+00  0.0000000000E+00  0.1046125141E+01  0.0000000000E+00
L0    59000  0.2280000000E+03  -.3003093634E+06  0.8126682504E+05
L1 0.3015789549E+03  0.3015789549E+03  -.3815761884E+12  0.1000000000E+01
L2 0.1000000000E+01  0.1184157124E+03  0.1184157124E+03  0.1184157124E+03
L3 0.1278197201E+07  0.3851240888E+03  0.8452624415E+02  0.1737410022E+03
L4 0.2144637784E+03  0.1043665995E+05  0.1053276878E+05  0.1065866133E+05
L5 0.3162809006E+05  0.6893790692E+04  0.9755187114E+04  0.9060366977E+04
L6 0.2570934478E+05  -.3815761884E+06  0.3445457165E+05  -.5176334236E+06
L7 0.0000000000E+00  0.4749493445E+04  0.1290139540E+05  0.2017467085E+05
L8 0.5698499045E+04  0.5807860476E+05  0.0000000000E+00  0.0000000000E+00
L9 0.0000000000E+00  0.0000000000E+00  0.0000000000E+00  0.1046035113E+01  0.0000000000E+00
L0    60000  0.2300000000E+03  -.3004922323E+06  0.8075105632E+05
L1 0.2996649513E+03  0.2996649513E+03  -.3812432887E+12  0.1000000000E+01
L2 0.1000000000E+01  0.1184372948E+03  0.1184372948E+03  0.1184372948E+03
L3 0.1278918048E+07  0.1014275535E+03  0.6466280142E+02  -.9673931493E+02
L4 0.2311701333E+02  0.1046377130E+05  0.1047784274E+05  0.1047347711E+05
L5 0.3141509114E+05  0.9530183328E+04  0.9882655224E+04  0.1136391227E+05
L6 0.3077675082E+05  -.3812432887E+06  0.3452515955E+05  -.5174685273E+06
L7 0.0000000000E+00  0.4710747396E+04  0.1297158850E+05  0.2015821512E+05
L8 0.5800199800E+04  0.5805932825E+05  0.0000000000E+00  0.0000000000E+00
L9 0.0000000000E+00  0.0000000000E+00  0.0000000000E+00  0.1045445527E+01  0.0000000000E+00
L0    61000  0.2320000000E+03  -.3013281854E+06  0.8058583304E+05
L1 0.2990518122E+03  0.2990518122E+03  -.3819140184E+12  0.1000000000E+01
L2 0.1000000000E+01  0.1184265361E+03  0.1184265361E+03  0.1184265361E+03
L3 0.1278589174E+07  -.4612428672E+02  -.2271720704E+03  -.1734693031E+03
L4 -.1489218867E+03  0.1037441815E+05  0.1046306724E+05  0.1037189738E+05
L5 0.3120938276E+05  0.1079885909E+05  0.1255353049E+05  0.1196818166E+05
L6 0.3532057124E+05  -.3819140184E+06  0.3486218571E+05  -.5183720823E+06
L7 0.0000000000E+00  0.4713336097E+04  0.1296934643E+05  0.2020590168E+05
L8 0.5748438103E+04  0.5795885583E+05  0.0000000000E+00  0.0000000000E+00
L9 0.0000000000E+00  0.0000000000E+00  0.0000000000E+00  0.1045714433E+01  0.0000000000E+00
L0    62000  0.2340000000E+03  -.3011859722E+06  0.8074426392E+05
L1 0.2996397449E+03  0.2996397449E+03  -.3819302361E+12  0.1000000000E+01
L2 0.1000000000E+01  0.1184322761E+03  0.1184322761E+03  0.1184322761E+03
L3 0.1278754828E+07  -.6055968468E+02  0.2817963755E+01  0.1441436242E+03
L4 0.2880063443E+02  0.1048986727E+05  0.1037617601E+05  0.1042259304E+05
L5 0.3128863631E+05  0.1104721658E+05  0.1035024142E+05  0.9095995141E+04
L6 0.3049345315E+05  -.3819302361E+06  0.3520521213E+05  -.5187720096E+06
L7 0.0000000000E+00  0.4772319819E+04  0.1296733749E+05  0.2023838688E+05
L8 0.5685226137E+04  0.5797329111E+05  0.0000000000E+00  0.0000000000E+00
L9 0.0000000000E+00  0.0000000000E+00  0.0000000000E+00  0.1045578968E+01  0.0000000000E+00
L0    63000  0.2360000000E+03  -.3010727354E+06  0.8066687218E+05
L1 0.2993525463E+03  0.2993525463E+03  -.3817396076E+12  0.1000000000E+01
L2 0.1000000000E+01  0.1184132859E+03  0.1184132859E+03  0.1184132859E+03
L3 0.1278136158E+07  -.5372441007E+02  0.1908507420E+02  0.2167602064E+03
L4 0.6070695684E+02  0.1038091312E+05  0.1046448220E+05  0.1035635289E+05
L5 0.3120174820E+05  0.1087511609E+05  0.1028892140E+05  0.8362407510E+04
L6 0.2952644500E+05  -.3817396076E+06  0.3501229034E+05  -.5183612350E+06
L7 0.0000000000E+00  0.4811095376E+04  0.1298059516E+05  0.2022363633E+05
L8 0.5741089695E+04  0.5785292048E+05  0.0000000000E+00  0.0000000000E+00
L9 0.0000000000E+00  0.0000000000E+00  0.0000000000E+00  0.1046085071E+01  0.0000000000E+00
L0    64000  0.2380000000E+03  -.3008181170E+06  0.8074469941E+05
L1 0.2996413610E+03  0.2996413610E+03  -.3815628164E+12  0.1000000000E+01
L2 0.1000000000E+01  0.1184375982E+03  0.1184375982E+03  0.1184375982E+03
L3 0.1278933100E+07  -.3284591675E+03  0.7673800712E+02  0.1837364194E+03
L4 -.2266158033E+02  0.1043908024E+05  0.1052134717E+05  0.1044269031E+05
L5 0.3140311773E+05  0.1346241193E+05  0.9815005344E+04  0.8751472065E+04
L6 0.3202888933E+05  -.3815628164E+06  0.3528239219E+05  -.5184107568E+06
L7 0.0000000000E+00  0.4738121012E+04  0.1297644164E+05  0.2018234193E+05
L8 0.5734085909E+04  0.5793455771E+05  0.0000000000E+00  0.0000000000E+00
L9 0.0000000000E+00  0.0000000000E+00  0.0000000000E+00  0.1045433223E+01  0.0000000000E+00
L0    65000  0.2400000000E+03  -.3009452849E+06  0.8082729332E+05
L1 0.2999478647E+03  0.2999478647E+03  -.3817725782E+12  0.1000000000E+01
L2 0.1000000000E+01  0.1184407619E+03  0.1184407619E+03  0.1184407619E+03
L3 0.1279016222E+07  0.3155808649E+02  0.1788973809E+03  0.2308624144E+03
L4 0.1471059606E+03  0.1041760525E+05  0.1049354620E+05  0.1048034711E+05
L5 0.3139149856E+05  0.1012710715E+05  0.8846762287E+04  0.8355215331E+04
L6 0.2732908477E+05  -.3817725782E+06  0.3482117947E+05  -.5181454928E+06
L7 0.0000000000E+00  0.4761259584E+04  0.1298179990E+05  0.2017305171E+05
L8 0.5737302546E+04  0.5789832137E+05  0.0000000000E+00  0.0000000000E+00
L9 0.0000000000E+00  0.0000000000E+00  0.0000000000E+00  0.1045365281E+01  0.0000000000E+00
L0    66000  0.2420000000E+03  -.2998685655E+06  0.8109637120E+05
L1 0.3009464053E+03  0.3009464053E+03  -.3809649367E+12  0.1000000000E+01
L2 0.1000000000E+01  0.1184873601E+03  0.1184873601E+03  0.1184873601E+03
L3 0.1280546053E+07  -.1735893545E+03  0.3422727296E+03  -.2428192627E+03
L4 -.2471196255E+02  0.1045366561E+05  0.1057015736E+05  0.1053592917E+05
L5 0.3155975215E+05  0.1205349942E+05  0.7415704224E+04  0.1277379950E+05
L6 0.3224300314E+05  -.3809649367E+06  0.3479306615E+05  -.5175229205E+06
L7 0.0000000000E+00  0.4747729723E+04  0.1286959411E+05  0.2022832531E+05
L8 0.5803077177E+04  0.5811619140E+05  0.0000000000E+00  0.0000000000E+00
L9 0.0000000000E+00  0.0000000000E+00  0.0000000000E+00  0.1044116414E+01  0.0000000000E+00
L0    67000  0.2440000000E+03  -.3009725867E+06  0.8083907567E+05
L1 0.2999915887E+03  0.2999915887E+03  -.3818116623E+12  0.1000000000E+01
L2 0.1000000000E+01  0.1185138731E+03  0.1185138731E+03  0.1185138731E+03
L3 0.1281417801E+07  -.2271084517E+03  -.2500635406E+02  -.1354437381E+03
L4 -.1291861813E+03  0.1051448061E+05  0.1042821015E+05  0.1043219032E+05
L5 0.3137488108E+05  0.1260898188E+05  0.1065883055E+05  0.1168131636E+05
L6 0.3494912879E+05  -.3818116623E+06  0.3442913082E+05  -.5179821501E+06
L7 0.0000000000E+00  0.4719260805E+04  0.1299678684E+05  0.2028386713E+05
L8 0.5763074789E+04  0.5797836737E+05  0.0000000000E+00  0.0000000000E+00
L9 0.0000000000E+00  0.0000000000E+00  0.0000000000E+00  0.1043406102E+01  0.0000000000E+00
L0    68000  0.2460000000E+03  -.3001863904E+06  0.8092860797E+05
L1 0.3003238406E+03  0.3003238406E+03  -.3811149983E+12  0.1000000000E+01
L2 0.1000000000E+01  0.1184824777E+03  0.1184824777E+03  0.1184824777E+03
L3 0.1280374925E+07  0.5826410604E+02  0.3422671181E+03  -.1374701022E+03
L4 0.8768704065E+02  0.1045185043E+05  0.1054574321E+05  0.1037185676E+05
L5 0.3136945039E+05  0.9914948671E+04  0.7391763326E+04  0.1163863908E+05
L6 0.2894535108E+05  -.3811149983E+06  0.3479372842E+05  -.5178807271E+06
L7 0.0000000000E+00  0.4750461953E+04  0.1309024114E+05  0.2030834860E+05
L8 0.5783357875E+04  0.5803959076E+05  0.0000000000E+00  0.0000000000E+00
L9 0.0000000000E+00  0.0000000000E+00  0.0000000000E+00  0.1044255965E+01  0.0000000000E+00
L0    69000  0.2480000000E+03  -.3008088812E+06  0.8079756190E+05
L1 0.2998375322E+03  0.2998375322E+03  -.3816064431E+12  0.1000000000E+01
L2 0.1000000000E+01  0.1185297561E+03  0.1185297561E+03  0.1185297561E+03
L3 0.1281926850E+07  -.3788483402E+03  -.1539834680E+03  0.3084669470E+03
L4 -.7478828706E+02  0.1049795953E+05  0.1038268808E+05  0.1053280552E+05
L5 0.3141345314E+05  0.1399326562E+05  0.1180336041E+05  0.7686847700E+04
L6 0.3348347373E+05  -.3816064431E+06  0.3483089312E+05  -.5182045083E+06
L7 0.0000000000E+00  0.4821109778E+04  0.1295943556E+05  0.2022308457E+05
L8 0.5779212260E+04  0.5798432990E+05  0.0000000000E+00  0.0000000000E+00
L9 0.0000000000E+00  0.0000000000E+00  0.0000000000E+00  0.1042991769E+01  0.0000000000E+00
L0    70000  0.2500000000E+03  -.3007182023E+06  0.8072937858E+05
L1 0.2995845058E+03  0.2995845058E+03  -.3814475809E+12  0.1000000000E+01
L2 0.1000000000E+01  0.1184661055E+03  0.1184661055E+03  0.1184661055E+03
L3 0.1279855841E+07  0.1004974686E+03  -.1294688236E+03  -.1334988259E+02
L4 -.1410707919E+02  0.1052713386E+05  0.1046252462E+05  0.1049475109E+05
L5 0.3148440957E+05  0.9601428544E+04  0.1165509175E+05  0.1061771993E+05
L6 0.3187424023E+05  -.3814475809E+06  0.3475907347E+05  -.5178146867E+06
L7 0.0000000000E+00  0.4764961602E+04  0.1285667517E+05  0.2017731783E+05
L8 0.5791325583E+04  0.5801775219E+05  0.0000000000E+00  0.0000000000E+00
L9 0.0000000000E+00  0.0000000000E+00  0.0000000000E+00  0.1044679494E+01  0.0000000000E+00
L0    71000  0.2520000000E+03  -.3002540168E+06  0.8077789443E+05
L1 0.2997645468E+03  0.2997645468E+03  -.3810319112E+12  0.1000000000E+01
L2 0.1000000000E+01  0.1184547537E+03  0.1184547537E+03  0.1184547537E+03
L3 0.1279481530E+07  0.6372399034E+02  0.1181203266E+03  -.5520333400E+02
L4 0.4221366099E+02  0.1054416757E+05  0.1052809990E+05  0.1036368789E+05
L5 0.3143595536E+05  0.9957362901E+04  0.9440384593E+04  0.1087202979E+05
L6 0.3026977728E+05  -.3810319112E+06  0.3459123078E+05  -.5175952668E+06
L7 0.0000000000E+00  0.4795449152E+04  0.1323122078E+05  0.2021137879E+05
L8 0.5747134070E+04  0.5798694199E+05  0.0000000000E+00  0.0000000000E+00
L9 0.0000000000E+00  0.0000000000E+00  0.0000000000E+00  0.1044985114E+01  0.0000000000E+00
L0    72000  0.2540000000E+03  -.3010913319E+06  0.8099897788E+05
L1 0.3005849814E+03  0.3005849814E+03  -.3820903098E+12  0.1000000000E+01
L2 0.1000000000E+01  0.1184622495E+03  0.1184622495E+03  0.1184622495E+03
L3 0.1279725903E+07  0.5868431780E+02  0.2457887998E+03  -.2161803036E+03
L4 0.2943093799E+02  0.1047760475E+05  0.1058024424E+05  0.1050361058E+05
L5 0.3156145957E+05  0.9937104871E+04  0.8316456889E+04  0.1249469495E+05
L6 0.3074825671E+05  -.3820903098E+06  0.3454446598E+05  -.5181547339E+06
L7 0.0000000000E+00  0.4667170915E+04  0.1291405737E+05  0.2020382933E+05
L8 0.5752893047E+04  0.5798200754E+05  0.0000000000E+00  0.0000000000E+00
L9 0.0000000000E+00  0.0000000000E+00  0.0000000000E+00  0.1044785567E+01  0.0000000000E+00
L0    73000  0.2560000000E+03  -.3014862314E+06  0.8053803651E+05
L1 0.2988744406E+03  0.2988744406E+03  -.3820242679E+12  0.1000000000E+01
L2 0.1000000000E+01  0.1184192397E+03  0.1184192397E+03  0.1184192397E+03
L3 0.1278360870E+07  -.1042118729E+03  -.3046749383E+03  -.2484821009E+03
L4 -.2191229707E+03  0.1044724368E+05  0.1037149020E+05  0.1058917314E+05
L5 0.3140790703E+05  0.1140604197E+05  0.1317464306E+05  0.1287532544E+05
L6 0.3745601047E+05  -.3820242679E+06  0.3484111998E+05  -.5184685981E+06
L7 0.0000000000E+00  0.4756078303E+04  0.1290178235E+05  0.2018888852E+05
L8 0.5737825953E+04  0.5801863504E+05  0.0000000000E+00  0.0000000000E+00
L9 0.0000000000E+00  0.0000000000E+00  0.0000000000E+00  0.1045901188E+01  0.0000000000E+00
L0    74000  0.2580000000E+03  -.3004807028E+06  0.8116849486E+05
L1 0.3012140543E+03  0.3012140543E+03  -.3816491976E+12  0.1000000000E+01
L2 0.1000000000E+01  0.1184333095E+03  0.1184333095E+03  0.1184333095E+03
L3 0.1278796800E+07  -.6581759271E+02  -.1753476083E+03  0.1040687630E+03
L4 -.4569881268E+02  0.1036502029E+05  0.1050411636E+05  0.1057468731E+05
L5 0.3144382396E+05  0.1097077962E+05  0.1211794704E+05  0.9616879192E+04
L6 0.3270560585E+05  -.3816491976E+06  0.3489528175E+05  -.5182186865E+06
L7 0.0000000000E+00  0.4784153372E+04  0.1306119690E+05  0.2016450705E+05
L8 0.5744321547E+04  0.5792002820E+05  0.0000000000E+00  0.0000000000E+00
L9 0.0000000000E+00  0.0000000000E+00  0.0000000000E+00  0.1045544650E+01  0.0000000000E+00
L0    75000  0.2600000000E+03  -.3007806002E+06  0.8079350980E+05
L1 0.2998224950E+03  0.2998224950E+03  -.3815741100E+12  0.1000000000E+01
L2 0.1000000000E+01  0.1184419270E+03  0.1184419270E+03  0.1184419270E+03
L3 0.1279069398E+07  0.3809186818E+02  -.5547368193E+02  0.5298909610E+02
L4 0.1186909411E+02  0.1051339855E+05  0.1038248699E+05  0.1052599645E+05
L5 0.3142188199E+05  0.1016274119E+05  0.1089315386E+05  0.1003820161E+05
L6 0.3109409666E+05  -.3815741100E+06  0.3481098298E+05  -.5179895059E+06
L7 0.0000000000E+00  0.4741931758E+04  0.1302064952E+05  0.2020479081E+05
L8 0.5752044034E+04  0.5788499676E+05  0.0000000000E+00  0.0000000000E+00
L9 0.0000000000E+00  0.0000000000E+00  0.0000000000E+00  0.1045321821E+01  0.0000000000E+00
L0    76000  0.2620000000E+03  -.3013639014E+06  0.8049042282E+05
L1 0.2986977475E+03  0.2986977475E+03  -.3818543242E+12  0.1000000000E+01
L2 0.1000000000E+01  0.1184811106E+03  0.1184811106E+03  0.1184811106E+03
L3 0.1280325620E+07  0.4110143498E+02  0.2201600364E+03  0.1327189070E+03
L4 0.1313267928E+03  0.1044884195E+05  0.1027546974E+05  0.1046764284E+05
L5 0.3119195453E+05  0.1007010821E+05  0.8246780599E+04  0.9244689716E+04
L6 0.2756157852E+05  -.3818543242E+06  0.3523879888E+05  -.5187580109E+06
L7 0.0000000000E+00  0.4826486885E+04  0.1296487147E+05  0.2021567569E+05
L8 0.5767000257E+04  0.5789085357E+05  0.0000000000E+00  0.0000000000E+00
L9 0.0000000000E+00  0.0000000000E+00  0.0000000000E+00  0.1044296179E+01  0.0000000000E+00
L0    77000  0.2640000000E+03  -.3005127808E+06  0.8101224132E+05
L1 0.3006342017E+03  0.3006342017E+03  -.3815250221E+12  0.1000000000E+01
L2 0.1000000000E+01  0.1184901777E+03  0.1184901777E+03  0.1184901777E+03
L3 0.1280634440E+07  0.8856935614E+02  0.3337832615E+02  -.1180884480E+03
L4 0.1286411417E+01  0.1047636788E+05  0.1047101694E+05  0.1051956938E+05
L5 0.3146695421E+05  0.9660038846E+04  0.1016337446E+05  0.1160797098E+05
L6 0.3143138428E+05  -.3815250221E+06  0.3502850218E+05  -.5183145755E+06
L7 0.0000000000E+00  0.4927653646E+04  0.1287104680E+05  0.2028808764E+05
L8 0.5732451334E+04  0.5794181178E+05  0.0000000000E+00  0.0000000000E+00
L9 0.0000000000E+00  0.0000000000E+00  0.0000000000E+00  0.1044044351E+01  0.0000000000E+00
L0    78000  0.2660000000E+03  -.3003489081E+06  0.8093950035E+05
L1 0.3003642619E+03  0.3003642619E+03  -.3812884085E+12  0.1000000000E+01
L2 0.1000000000E+01  0.1185121344E+03  0.1185121344E+03  0.1185121344E+03
L3 0.1281332228E+07  -.5155746745E+02  0.1440396338E+03  0.2857272693E+03
L4 0.1260698119E+03  0.1044166274E+05  0.1058321183E+05  0.1062395205E+05
L5 0.3164882661E+05  0.1091711827E+05  0.9254899089E+04  0.7989016356E+04
L6 0.2816103371E+05  -.3812884085E+06  0.3484876252E+05  -.5175981223E+06
L7 0.0000000000E+00  0.4797508431E+04  0.1295570833E+05  0.2018187235E+05
L8 0.5718237202E+04  0.5780762495E+05  0.0000000000E+00  0.0000000000E+00
L9 0.0000000000E+00  0.0000000000E+00  0.0000000000E+00  0.1043475785E+01  0.0000000000E+00
L0    79000  0.2680000000E+03  -.3006025448E+06  0.8066120876E+05
L1 0.2993315294E+03  0.2993315294E+03  -.3812637535E+12  0.1000000000E+01
L2 0.1000000000E+01  0.1185040222E+03  0.1185040222E+03  0.1185040222E+03
L3 0.1281080469E+07  0.3257986520E+02  0.3238649986E+02  0.1540971828E+02
L4 0.2679202778E+02  0.1041067125E+05  0.1033051208E+05  0.1057871739E+05
L5 0.3131990072E+05  0.1011028347E+05  0.1003190712E+05  0.1043663911E+05
L6 0.3057882970E+05  -.3812637535E+06  0.3483313418E+05  -.5177216562E+06
L7 0.0000000000E+00  0.4774874007E+04  0.1302265450E+05  0.2017930524E+05
L8 0.5765052799E+04  0.5788288193E+05  0.0000000000E+00  0.0000000000E+00
L9 0.0000000000E+00  0.0000000000E+00  0.0000000000E+00  0.1043680850E+01  0.0000000000E+00
L0    80000  0.2700000000E+03  -.3013871951E+06  0.8051069633E+05
L1 0.2987729820E+03  0.2987729820E+03  -.3818978914E+12  0.1000000000E+01
L2 0.1000000000E+01  0.1184779325E+03  0.1184779325E+03  0.1184779325E+03
L3 0.1280236458E+07  -.1754126485E+03  0.2958340412E+02  0.1755969315E+03
L4 0.9922562377E+01  0.1032153052E+05  0.1038736035E+05  0.1038228280E+05
L5 0.3109117367E+05  0.1193777732E+05  0.1011477976E+05  0.8764338028E+04
L6 0.3081689511E+05  -.3818978914E+06  0.3494808874E+05  -.5183772157E+06
L7 0.0000000000E+00  0.4728370705E+04  0.1287199318E+05  0.2028895575E+05
L8 0.5753702694E+04  0.5788821321E+05  0.0000000000E+00  0.0000000000E+00
L9 0.0000000000E+00  0.0000000000E+00  0.0000000000E+00  0.1044368909E+01  0.0000000000E+00
L0    81000  0.2720000000E+03  -.3008797805E+06  0.8094117645E+05
L1 0.3003704819E+03  0.3003704819E+03  -.3818209569E+12  0.1000000000E+01
L2 0.1000000000E+01  0.1183965874E+03  0.1183965874E+03  0.1183965874E+03
L3 0.1277594244E+07  0.2198429644E+03  -.1468523420E+02  0.1028817830E+02
L4 0.7181530282E+02  0.1048102797E+05  0.1053094287E+05  0.1039550995E+05
L5 0.3140748079E+05  0.8459582185E+04  0.1066597291E+05  0.1030091063E+05
L6 0.2942646573E+05  -.3818209569E+06  0.3524871045E+05  -.5186915372E+06
L7 0.0000000000E+00  0.4816460602E+04  0.1310349918E+05  0.2015803671E+05
L8 0.5731278596E+04  0.5781259478E+05  0.0000000000E+00  0.0000000000E+00
L9 0.0000000000E+00  0.0000000000E+00  0.0000000000E+00  0.1046528786E+01  0.0000000000E+00
L0    82000  0.2740000000E+03  -.3009258652E+06  0.8062085770E+05
L1 0.2991817878E+03  0.2991817878E+03  -.3815467229E+12  0.1000000000E+01
L2 0.1000000000E+01  0.1184404975E+03  0.1184404975E+03  0.1184404975E+03
L3 0.1279022505E+07  0.3867876213E+03  -.3563777095E+03  0.2047806547E+02
L4 0.1696265908E+02  0.1035844880E+05  0.1039113531E+05  0.1056814615E+05
L5 0.3131773026E+05  0.6797978782E+04  0.1367167502E+05  0.1037964079E+05
L6 0.3084929459E+05  -.3815467229E+06  0.3478253613E+05  -.5181503905E+06
L7 0.0000000000E+00  0.4837504173E+04  0.1299760877E+05  0.2021167717E+05
L8 0.5773602798E+04  0.5800073856E+05  0.0000000000E+00  0.0000000000E+00
L9 0.0000000000E+00  0.0000000000E+00  0.0000000000E+00  0.1045360146E+01  0.0000000000E+00
L0    83000  0.2760000000E+03  -.3010749552E+06  0.8072967721E+05
L1 0.2995856140E+03  0.2995856140E+03  -.3818046324E+12  0.1000000000E+01
L2 0.1000000000E+01  0.1184531597E+03  0.1184531597E+03  0.1184531597E+03
L3 0.1279443874E+07  -.1520768295E+03  0.1139717248E+03  -.2031608560E+03
L4 -.8042198688E+02  0.1041679953E+05  0.1040338942E+05  0.1035503986E+05
L5 0.3117522881E+05  0.1181716331E+05  0.9353907551E+04  0.1222579890E+05
L6 0.3339686976E+05  -.3818046324E+06  0.3489547705E+05  -.5182658143E+06
L7 0.0000000000E+00  0.4745201072E+04  0.1302703708E+05  0.2023321261E+05
L8 0.5694128734E+04  0.5786612528E+05  0.0000000000E+00  0.0000000000E+00
L9 0.0000000000E+00  0.0000000000E+00  0.0000000000E+00  0.1045015870E+01  0.0000000000E+00
L0    84000  0.2780000000E+03  -.3004564015E+06  0.8120426337E+05
L1 0.3013467902E+03  0.3013467902E+03  -.3816606648E+12  0.1000000000E+01
L2 0.1000000000E+01  0.1184763724E+03  0.1184763724E+03  0.1184763724E+03
L3 0.1280186396E+07  0.6547322714E+01  -.8609874996E+02  0.9592888313E+02
L4 0.5459151961E+01  0.1050156674E+05  0.1050737896E+05  0.1053188714E+05
L5 0.3154083283E+05  0.1044124226E+05  0.1130065919E+05  0.9648035900E+04
L6 0.3138993735E+05  -.3816606648E+06  0.3469919416E+05  -.5180431787E+06
L7 0.0000000000E+00  0.4818276055E+04  0.1288677919E+05  0.2026503530E+05
L8 0.5762149770E+04  0.5795107943E+05  0.0000000000E+00  0.0000000000E+00
L9 0.0000000000E+00  0.0000000000E+00  0.0000000000E+00  0.1044409750E+01  0.0000000000E+00
L0    85000  0.2800000000E+03  -.3011994223E+06  0.8088947111E+05
L1 0.3001786048E+03  0.3001786048E+03  -.3820888934E+12  0.1000000000E+01
L2 0.1000000000E+01  0.1184469127E+03  0.1184469127E+03  0.1184469127E+03
L3 0.1279238699E+07  -.1209303508E+02  -.9458901256E+02  -.6205096180E+02
L4 -.5624433648E+02  0.1054347931E+05  0.1062447282E+05  0.1049487561E+05
L5 0.3166282774E+05  0.1065481732E+05  0.1149533386E+05  0.1106616570E+05
L6 0.3321631688E+05  -.3820888934E+06  0.3456017602E+05  -.5182039529E+06
L7 0.0000000000E+00  0.4696486914E+04  0.1302810366E+05  0.2024137314E+05
L8 0.5731676962E+04  0.5785724278E+05  0.0000000000E+00  0.0000000000E+00
L9 0.0000000000E+00  0.0000000000E+00  0.0000000000E+00  0.1045183478E+01  0.0000000000E+00
L0    86000  0.2820000000E+03  -.3009252118E+06  0.8080582700E+05
L1 0.2998682038E+03  0.2998682038E+03  -.3817310388E+12  0.1000000000E+01
L2 0.1000000000E+01  0.1184111625E+03  0.1184111625E+03  0.1184111625E+03
L3 0.1278085924E+07  -.3148052152E+02  -.9250246707E+02  -.1814127861E+03
L4 -.1017985916E+03  0.1052385390E+05  0.1039435712E+05  0.1044730463E+05
L5 0.3136551565E+05  0.1081342723E+05  0.1124524031E+05  0.1211602868E+05
L6 0.3417469622E+05  -.3817310388E+06  0.3425855276E+05  -.5173642512E+06
L7 0.0000000000E+00  0.4737578346E+04  0.1304830625E+05  0.2014252218E+05
L8 0.5730421894E+04  0.5771583101E+05  0.0000000000E+00  0.0000000000E+00
L9 0.0000000000E+00  0.0000000000E+00  0.0000000000E+00  0.1046126186E+01  0.0000000000E+00
L0    87000  0.2840000000E+03  -.3009270044E+06  0.8087665825E+05
L1 0.3001310566E+03  0.3001310566E+03  -.3818036626E+12  0.1000000000E+01
L2 0.1000000000E+01  0.1183684039E+03  0.1183684039E+03  0.1183684039E+03
L3 0.1276681567E+07  -.3494667348E+02  -.7728555692E+02  0.3415766272E+03
L4 0.7644813225E+02  0.1055470484E+05  0.1049628735E+05  0.1046187480E+05
L5 0.3151286700E+05  0.1087580832E+05  0.1120641678E+05  0.7323337365E+04
L6 0.2940556246E+05  -.3818036626E+06  0.3402095707E+05  -.5173348686E+06
L7 0.0000000000E+00  0.4673983914E+04  0.1314443233E+05  0.2015889483E+05
L8 0.5730990731E+04  0.5780194706E+05  0.0000000000E+00  0.0000000000E+00
L9 0.0000000000E+00  0.0000000000E+00  0.0000000000E+00  0.1047276931E+01  0.0000000000E+00
L0    88000  0.2860000000E+03  -.3003908379E+06  0.8140711941E+05
L1 0.3020995834E+03  0.3020995834E+03  -.3817979573E+12  0.1000000000E+01
L2 0.1000000000E+01  0.1184239602E+03  0.1184239602E+03  0.1184239602E+03
L3 0.1278510662E+07  -.2771335446E+03  -.9507420553E+02  -.2038736658E+03
L4 -.1920271386E+03  0.1054235515E+05  0.1050103871E+05  0.1048810957E+05
L5 0.3153150343E+05  0.1309241299E+05  0.1137586865E+05  0.1236406306E+05
L6 0.3683234469E+05  -.3817979573E+06  0.3451199443E+05  -.5178134797E+06
L7 0.0000000000E+00  0.4761638219E+04  0.1306507872E+05  0.2023835625E+05
L8 0.5734843396E+04  0.5770361136E+05  0.0000000000E+00  0.0000000000E+00
L9 0.0000000000E+00  0.0000000000E+00  0.0000000000E+00  0.1045778649E+01  0.0000000000E+00
L0    89000  0.2880000000E+03  -.3009948633E+06  0.8058091561E+05
L1 0.2990335638E+03  0.2990335638E+03  -.3815757790E+12  0.1000000000E+01
L2 0.1000000000E+01  0.1183657448E+03  0.1183657448E+03  0.1183657448E+03
L3 0.1276595624E+07  0.1859051847E+03  -.8138199702E+02  0.1222729480E+03
L4 0.7559871189E+02  0.1042771889E+05  0.1053743898E+05  0.1037272924E+05
L5 0.3133788712E+05  0.8719665537E+04  0.1128515774E+05  0.9249313992E+04
L6 0.2925413726E+05  -.3815757790E+06  0.3488982235E+05  -.5181600783E+06
L7 0.0000000000E+00  0.4845793515E+04  0.1296780329E+05  0.2027140721E+05
L8 0.5709586617E+04  0.5789988637E+05  0.0000000000E+00  0.0000000000E+00
L9 0.0000000000E+00  0.0000000000E+00  0.0000000000E+00  0.1047347435E+01  0.0000000000E+00
L0    90000  0.2900000000E+03  -.3008096968E+06  0.8065899083E+05
L1 0.2993232988E+03  0.2993232988E+03  -.3814686876E+12  0.1000000000E+01
L2 0.1000000000E+01  0.1184138657E+03  0.1184138657E+03  0.1184138657E+03
L3 0.1278145536E+07  0.5811982051E+02  0.2803411994E+03  0.9086281505E+02
L4 0.1431079450E+03  0.1046890922E+05  0.1051912862E+05  0.1040142998E+05
L5 0.3138946782E+05  0.9934269589E+04  0.7940292079E+04  0.9565590121E+04
L6 0.2744015179E+05  -.3814686876E+06  0.3509214787E+05  -.5181999057E+06
L7 0.0000000000E+00  0.4728649408E+04  0.1302141380E+05  0.2021640894E+05
L8 0.5752749881E+04  0.5791984814E+05  0.0000000000E+00  0.0000000000E+00
L9 0.0000000000E+00  0.0000000000E+00  0.0000000000E+00  0.1046077395E+01  0.0000000000E+00
L0    91000  0.2920000000E+03  -.3003498141E+06  0.8085448598E+05
L1 0.3000487759E+03  0.3000487759E+03  -.3812043001E+12  0.1000000000E+01
L2 0.1000000000E+01  0.1184497856E+03  0.1184497856E+03  0.1184497856E+03
L3 0.1279334606E+07  0.8968209991E+02  0.1092617310E+03  -.4418599273E+03
L4 -.8097203212E+02  0.1053542618E+05  0.1043872899E+05  0.1034230850E+05
L5 0.3131646367E+05  0.9709680149E+04  0.9432703918E+04  0.1441072441E+05
L6 0.3355310848E+05  -.3812043001E+06  0.3499551884E+05  -.5178190065E+06
L7 0.0000000000E+00  0.4831602408E+04  0.1293205330E+05  0.2027912772E+05
L8 0.5767468052E+04  0.5780893604E+05  0.0000000000E+00  0.0000000000E+00
L9 0.0000000000E+00  0.0000000000E+00  0.0000000000E+00  0.1045105124E+01  0.0000000000E+00
L0    92000  0.2940000000E+03  -.3002241674E+06  0.8124973871E+05
L1 0.3015155479E+03  0.3015155479E+03  -.3814739061E+12  0.1000000000E+01
L2 0.1000000000E+01  0.1184608524E+03  0.1184608524E+03  0.1184608524E+03
L3 0.1279677225E+07  -.8233334602E+02  0.3184737804E+02  0.2281396499E+03
L4 0.5921789397E+02  0.1045521903E+05  0.1060278740E+05  0.1041820112E+05
L5 0.3147620755E+05  0.1121350459E+05  0.1030947481E+05  0.8317047565E+04
L6 0.2984002697E+05  -.3814739061E+06  0.3504827420E+05  -.5179751269E+06
L7 0.0000000000E+00  0.4803982288E+04  0.1298236692E+05  0.2017447853E+05
L8 0.5770296321E+04  0.5772182255E+05  0.0000000000E+00  0.0000000000E+00
L9 0.0000000000E+00  0.0000000000E+00  0.0000000000E+00  0.1044825309E+01  0.0000000000E+00
L0    93000  0.2960000000E+03  -.3007049925E+06  0.8069764840E+05
L1 0.2994667560E+03  0.2994667560E+03  -.3814026409E+12  0.1000000000E+01
L2 0.1000000000E+01  0.1184378649E+03  0.1184378649E+03  0.1184378649E+03
L3 0.1278943344E+07  -.3983735373E+03  -.1912934556E+02  0.3073335815E+03
L4 -.3672310048E+02  0.1050581343E+05  0.1039206485E+05  0.1058996714E+05
L5 0.3148784542E+05  0.1417270753E+05  0.1056814403E+05  0.7761065135E+04
L6 0.3250191669E+05  -.3814026409E+06  0.3447678389E+05  -.5173717516E+06
L7 0.0000000000E+00  0.4749824891E+04  0.1285623857E+05  0.2019210636E+05
L8 0.5743424142E+04  0.5795073282E+05  0.0000000000E+00  0.0000000000E+00
L9 0.0000000000E+00  0.0000000000E+00  0.0000000000E+00  0.1045424850E+01  0.0000000000E+00
L0    94000  0.2980000000E+03  -.3003273764E+06  0.8074695323E+05
L1 0.2996497248E+03  0.2996497248E+03  -.3810743297E+12  0.1000000000E+01
L2 0.1000000000E+01  0.1184283299E+03  0.1184283299E+03  0.1184283299E+03
L3 0.1278637731E+07  -.3452935844E+03  0.7976995825E+02  0.6982458462E+02
L4 -.6523301386E+02  0.1045928286E+05  0.1056080982E+05  0.1055313667E+05
L5 0.3157322935E+05  0.1363683441E+05  0.9826729706E+04  0.9910578487E+04
L6 0.3337414261E+05  -.3810743297E+06  0.3477376543E+05  -.5174752565E+06
L7 0.0000000000E+00  0.4706284250E+04  0.1293065816E+05  0.2025180046E+05
L8 0.5767585967E+04  0.5797083257E+05  0.0000000000E+00  0.0000000000E+00
L9 0.0000000000E+00  0.0000000000E+00  0.0000000000E+00  0.1045674721E+01  0.0000000000E+00
L0    95000  0.3000000000E+03  -.3004116454E+06  0.8101284727E+05
L1 0.3006364503E+03  0.3006364503E+03  -.3814244927E+12  0.1000000000E+01
L2 0.1000000000E+01  0.1184370439E+03  0.1184370439E+03  0.1184370439E+03
L3 0.1278925776E+07  -.1976764100E+02  -.3504788312E+03  0.2265694038E+02
L4 -.1158631773E+03  0.1055075293E+05  0.1042553871E+05  0.1042446015E+05
L5 0.3140075180E+05  0.1073270491E+05  0.1365153388E+05  0.1021591352E+05
L6 0.3460015230E+05  -.3814244927E+06  0.3442806310E+05  -.5175550178E+06
L7 0.0000000000E+00  0.4716907241E+04  0.1312966358E+05  0.2024386192E+05
L8 0.5766272622E+04  0.5784575669E+05  0.0000000000E+00  0.0000000000E+00
L9 0.0000000000E+00  0.0000000000E+00  0.0000000000E+00  0.1045439210E+01  0.0000000000E+00
L0    96000  0.3020000000E+03  -.3003155493E+06  0.8095140535E+05
L1 0.3004084410E+03  0.3004084410E+03  -.3812669546E+12  0.1000000000E+01
L2 0.1000000000E+01  0.1184370752E+03  0.1184370752E+03  0.1184370752E+03
L3 0.1278902249E+07  0.1001699638E+03  0.2644796118E+03  -.6685196690E+02
L4 0.9926586959E+02  0.1047729881E+05  0.1053777838E+05  0.1049690172E+05
L5 0.3151197891E+05  0.9555297691E+04  0.8103410941E+04  0.1111223177E+05
L6 0.2877094040E+05  -.3812669546E+06  0.3477664995E+05  -.5175821104E+06
L7 0.0000000000E+00  0.4686243057E+04  0.1293961193E+05  0.2016958872E+05
L8 0.5770220529E+04  0.5797284156E+05  0.0000000000E+00  0.0000000000E+00
L9 0.0000000000E+00  0.0000000000E+00  0.0000000000E+00  0.1045458442E+01  0.0000000000E+00
L0    97000  0.3040000000E+03  -.3006161253E+06  0.8095739681E+05
L1 0.3004306752E+03  0.3004306752E+03  -.3815735221E+12  0.1000000000E+01
L2 0.1000000000E+01  0.1184875436E+03  0.1184875436E+03  0.1184875436E+03
L3 0.1280567873E+07  -.2578948807E+03  -.3318400957E+02  -.1998605718E+03
L4 -.1636464873E+03  0.1036025927E+05  0.1056539579E+05  0.1051983026E+05
L5 0.3144548531E+05  0.1273710997E+05  0.1087123139E+05  0.1236181618E+05
L6 0.3597015755E+05  -.3815735221E+06  0.3450755951E+05  -.5177244192E+06
L7 0.0000000000E+00  0.4763239156E+04  0.1312401692E+05  0.2018365264E+05
L8 0.5702075378E+04  0.5787035345E+05  0.0000000000E+00  0.0000000000E+00
L9 0.0000000000E+00  0.0000000000E+00  0.0000000000E+00  0.1044098623E+01  0.0000000000E+00
L0    98000  0.3060000000E+03  -.3001988202E+06  0.8086991707E+05
L1 0.3001060403E+03  0.3001060403E+03  -.3810687373E+12  0.1000000000E+01
L2 0.1000000000E+01  0.1185043687E+03  0.1185043687E+03  0.1185043687E+03
L3 0.1281083545E+07  0.1041557012E+03  -.2029315386E+02  0.2107586325E+03
L4 0.9820705994E+02  0.1035130893E+05  0.1060148316E+05  0.1053704233E+05
L5 0.3148983443E+05  0.9390986485E+04  0.1078858738E+05  0.8593833820E+04
L6 0.2877340768E+05  -.3810687373E+06  0.3463980535E+05  -.5174886777E+06
L7 0.0000000000E+00  0.4680384248E+04  0.1315907054E+05  0.2028475232E+05
L8 0.5760971618E+04  0.5789495633E+05  0.0000000000E+00  0.0000000000E+00
L9 0.0000000000E+00  0.0000000000E+00  0.0000000000E+00  0.1043678344E+01  0.0000000000E+00
L0    99000  0.3080000000E+03  -.3004936426E+06  0.8068100217E+05
L1 0.2994049823E+03  0.2994049823E+03  -.3811746448E+12  0.1000000000E+01
L2 0.1000000000E+01  0.1184650515E+03  0.1184650515E+03  0.1184650515E+03
L3 0.1279832629E+07  -.3414026169E+03  0.2311990204E+02  -.1171404536E+02
L4 -.1099989201E+03  0.1046158907E+05  0.1051240059E+05  0.1039843261E+05
L5 0.3137242227E+05  0.1360627012E+05  0.1029944171E+05  0.1050633142E+05
L6 0.3441204325E+05  -.3811746448E+06  0.3404620330E+05  -.5170357064E+06
L7 0.0000000000E+00  0.4773510439E+04  0.1304475352E+05  0.2019937087E+05
L8 0.5710493507E+04  0.5808673001E+05  0.0000000000E+00  0.0000000000E+00
L9 0.0000000000E+00  0.0000000000E+00  0.0000000000E+00  0.1044698442E+01  0.0000000000E+00
L0   100000  0.3100000000E+03  -.3008205181E+06  0.8065202768E+05
L1 0.2992974587E+03  0.2992974587E+03  -.3814725458E+12  0.1000000000E+01
L2 0.1000000000E+01  0.1184773311E+03  0.1184773311E+03  0.1184773311E+03
L3 0.1280212435E+07  0.1929250139E+03  -.7320795858E+02  0.2899089403E+02
L4 0.4956931644E+02  0.1061898016E+05  0.1028133949E+05  0.1043678780E+05
L5 0.3133710745E+05  0.8841408323E+04  0.1095586273E+05  0.1016967160E+05
L6 0.2996694265E+05  -.3814725458E+06  0.3469430409E+05  -.5178466233E+06
L7 0.0000000000E+00  0.4826775575E+04  0.1291830970E+05  0.2024995911E+05
L8 0.5776312808E+04  0.5790841626E+05  0.0000000000E+00  0.0000000000E+00
L9 0.0000000000E+00  0.0000000000E+00  0.0000000000E+00  0.1044388506E+01  0.0000000000E+00
