L0  Nsteps           time(ps)         Etot             EKinetic        
L1  Temp             T_solute         T_solv           Pres_scal_solu  
L2  Pres_scal_solv   BoxX             BoxY             BoxZ            
L3  volume           pres_X           pres_Y           pres_Z          
L4  Pressure         EKCoM_x          EKCoM_y          EKCoM_z         
L5  EKComTot         VIRIAL_x         VIRIAL_y         VIRIAL_z        
L6  VIRIAL_tot       E_pot            E_vdw            E_el            
L7  E_hbon           E_bon            E_angle          E_dih           
L8  E_14vdw          E_14el           E_const          E_pol           
L9  AV_permMoment    AV_indMoment     AV_totMoment     Density          dV/dlambda      
L0     1000  0.1120000000E+03  -.3149761490E+06  0.8411621293E+05
L1 0.2994774384E+03  0.2994774384E+03  -.3990923619E+12  0.1000000000E+01
L2 0.1000000000E+01  0.1202946790E+03  0.1202946790E+03  0.1202946790E+03
L3 0.1340028167E+07  0.3842869844E+02  0.9533422767E+02  0.1372335624E+03
L4 0.9033216283E+02  0.1107413547E+05  0.1103317400E+05  0.1102947983E+05
L5 0.3313678929E+05  0.1070351774E+05  0.1011374254E+05  0.9705958803E+04
L6 0.3052321909E+05  -.3990923619E+06  0.3724504535E+05  -.5380952189E+06
L7 0.0000000000E+00  0.4723456727E+04  0.1309676618E+05  0.2042682138E+05
L8 0.5828738696E+04  0.5768202872E+05  0.0000000000E+00  0.0000000000E+00
L9 0.0000000000E+00  0.0000000000E+00  0.0000000000E+00  0.1040361744E+01  0.0000000000E+00
L0     2000  0.1140000000E+03  -.3144705475E+06  0.8442082189E+05
L1 0.3005619322E+03  0.3005619322E+03  -.3988913694E+12  0.1000000000E+01
L2 0.1000000000E+01  0.1202904415E+03  0.1202904415E+03  0.1202904415E+03
L3 0.1339899342E+07  0.4152687664E+02  0.3359962140E+02  -.1249066349E+03
L4 -.1659337894E+02  0.1112351656E+05  0.1097249947E+05  0.1109446739E+05
L5 0.3319048341E+05  0.1072305759E+05  0.1064848594E+05  0.1229898807E+05
L6 0.3367053161E+05  -.3988913694E+06  0.3726192705E+05  -.5375300753E+06
L7 0.0000000000E+00  0.4822225208E+04  0.1290079497E+05  0.2035267413E+05
L8 0.5794726382E+04  0.5750635820E+05  0.0000000000E+00  0.0000000000E+00
L9 0.0000000000E+00  0.0000000000E+00  0.0000000000E+00  0.1040461770E+01  0.0000000000E+00
L0     3000  0.1160000000E+03  -.3146975383E+06  0.8476551455E+05
L1 0.3017891352E+03  0.3017891352E+03  -.3994630529E+12  0.1000000000E+01
L2 0.1000000000E+01  0.1202663383E+03  0.1202663383E+03  0.1202663383E+03
L3 0.1339088366E+07  -.3384566258E+03  0.2304806577E+03  0.2011122802E+03
L4 0.3104543737E+02  0.1121087671E+05  0.1114328904E+05  0.1113255504E+05
L5 0.3348672079E+05  0.1447276315E+05  0.8922024408E+04  0.9194329078E+04
L6 0.3258911663E+05  -.3994630529E+06  0.3721563479E+05  -.5382337063E+06
L7 0.0000000000E+00  0.4754918790E+04  0.1305543872E+05  0.2037881548E+05
L8 0.5763986751E+04  0.5760185888E+05  0.0000000000E+00  0.0000000000E+00
L9 0.0000000000E+00  0.0000000000E+00  0.0000000000E+00  0.1041091893E+01  0.0000000000E+00
L0     4000  0.1180000000E+03  -.3147460605E+06  0.8441404535E+05
L1 0.3005378058E+03  0.3005378058E+03  -.3991601059E+12  0.1000000000E+01
L2 0.1000000000E+01  0.1202573785E+03  0.1202573785E+03  0.1202573785E+03
L3 0.1338792404E+07  0.6289820214E+02  0.7780514142E+02  -.1305084193E+03
L4 0.3398308088E+01  0.1102636182E+05  0.1112543578E+05  0.1107483517E+05
L5 0.3322663278E+05  0.1042031239E+05  0.1037575200E+05  0.1233233620E+05
L6 0.3312840059E+05  -.3991601059E+06  0.3771263226E+05  -.5384251437E+06
L7 0.0000000000E+00  0.4796383969E+04  0.1306986442E+05  0.2040380693E+05
L8 0.5795884087E+04  0.5748646616E+05  0.0000000000E+00  0.0000000000E+00
L9 0.0000000000E+00  0.0000000000E+00  0.0000000000E+00  0.1041322043E+01  0.0000000000E+00
L0     5000  0.1200000000E+03  -.3148858579E+06  0.8442839497E+05
L1 0.3005888945E+03  0.3005888945E+03  -.3993142529E+12  0.1000000000E+01
L2 0.1000000000E+01  0.1201997521E+03  0.1201997521E+03  0.1201997521E+03
L3 0.1336879513E+07  -.3153239526E+03  0.1015468187E+03  -.4781395743E+02
L4 -.8719703045E+02  0.1098758562E+05  0.1111589478E+05  0.1109948789E+05
L5 0.3320296829E+05  0.1402151739E+05  0.1013884842E+05  0.1155953631E+05
L6 0.3571990212E+05  -.3993142529E+06  0.3708642933E+05  -.5380907667E+06
L7 0.0000000000E+00  0.4795211339E+04  0.1317909120E+05  0.2042558248E+05
L8 0.5788286595E+04  0.5750191286E+05  0.0000000000E+00  0.0000000000E+00
L9 0.0000000000E+00  0.0000000000E+00  0.0000000000E+00  0.1042812032E+01  0.0000000000E+00
L0     6000  0.1220000000E+03  -.3150758477E+06  0.8425160739E+05
L1 0.2999594809E+03  0.2999594809E+03  -.3993274551E+12  0.1000000000E+01
L2 0.1000000000E+01  0.1201822785E+03  0.1201822785E+03  0.1201822785E+03
L3 0.1336288141E+07  0.1155523079E+03  0.3033563264E+02  -.1954361678E+03
L4 -.1651607573E+02  0.1116439932E+05  0.1098583075E+05  0.1117403046E+05
L5 0.3332426053E+05  0.1005308907E+05  0.1069408150E+05  0.1305361400E+05
L6 0.3380078457E+05  -.3993274551E+06  0.3717570131E+05  -.5376586610E+06
L7 0.0000000000E+00  0.4658499992E+04  0.1285531894E+05  0.2026621305E+05
L8 0.5796277320E+04  0.5757919533E+05  0.0000000000E+00  0.0000000000E+00
L9 0.0000000000E+00  0.0000000000E+00  0.0000000000E+00  0.1043273526E+01  0.0000000000E+00
L0     7000  0.1240000000E+03  -.3152374612E+06  0.8420344458E+05
L1 0.2997880076E+03  0.2997880076E+03  -.3994409057E+12  0.1000000000E+01
L2 0.1000000000E+01  0.1202313160E+03  0.1202313160E+03  0.1202313160E+03
L3 0.1337935185E+07  -.1376032609E+03  0.1153104566E+02  -.1913358916E+03
L4 -.1058027023E+03  0.1105785940E+05  0.1107574595E+05  0.1104263297E+05
L5 0.3317623832E+05  0.1238287314E+05  0.1096471084E+05  0.1288505068E+05
L6 0.3623263465E+05  -.3994409057E+06  0.3770171252E+05  -.5386996316E+06
L7 0.0000000000E+00  0.4781716152E+04  0.1324154679E+05  0.2038197857E+05
L8 0.5753466484E+04  0.5739830537E+05  0.0000000000E+00  0.0000000000E+00
L9 0.0000000000E+00  0.0000000000E+00  0.0000000000E+00  0.1041989221E+01  0.0000000000E+00
L0     8000  0.1260000000E+03  -.3145888017E+06  0.8446414273E+05
L1 0.3007161666E+03  0.3007161666E+03  -.3990529445E+12  0.1000000000E+01
L2 0.1000000000E+01  0.1202488093E+03  0.1202488093E+03  0.1202488093E+03
L3 0.1338514907E+07  -.3973993226E+02  -.1040921863E+03  -.6403879232E+02
L4 -.6929030361E+02  0.1107330635E+05  0.1101002556E+05  0.1105686133E+05
L5 0.3314019324E+05  0.1145613719E+05  0.1201278768E+05  0.1167377291E+05
L6 0.3514269778E+05  -.3990529445E+06  0.3682349638E+05  -.5375488672E+06
L7 0.0000000000E+00  0.4701933555E+04  0.1306993056E+05  0.2037985633E+05
L8 0.5841411845E+04  0.5767929402E+05  0.0000000000E+00  0.0000000000E+00
L9 0.0000000000E+00  0.0000000000E+00  0.0000000000E+00  0.1041537927E+01  0.0000000000E+00
L0     9000  0.1280000000E+03  -.3142486203E+06  0.8423652122E+05
L1 0.2999057698E+03  0.2999057698E+03  -.3984851415E+12  0.1000000000E+01
L2 0.1000000000E+01  0.1202732005E+03  0.1202732005E+03  0.1202732005E+03
L3 0.1339315030E+07  0.1965572508E+03  0.2039758240E+03  -.2429067097E+03
L4 0.5254212170E+02  0.1099068831E+05  0.1100694819E+05  0.1120833966E+05
L5 0.3320597615E+05  0.9096040937E+04  0.9040791977E+04  0.1354975702E+05
L6 0.3168658993E+05  -.3984851415E+06  0.3759573830E+05  -.5377236336E+06
L7 0.0000000000E+00  0.4741091194E+04  0.1301420545E+05  0.2051337378E+05
L8 0.5825844778E+04  0.5754823859E+05  0.0000000000E+00  0.0000000000E+00
L9 0.0000000000E+00  0.0000000000E+00  0.0000000000E+00  0.1040915699E+01  0.0000000000E+00
L0    10000  0.1300000000E+03  -.3149016118E+06  0.8452180350E+05
L1 0.3009214552E+03  0.3009214552E+03  -.3994234153E+12  0.1000000000E+01
L2 0.1000000000E+01  0.1201824285E+03  0.1201824285E+03  0.1201824285E+03
L3 0.1336283364E+07  0.2078751283E+03  0.3410923633E+02  -.4534615329E+02
L4 0.6554607046E+02  0.1103958693E+05  0.1114618856E+05  0.1094481725E+05
L5 0.3313059273E+05  0.9040380347E+04  0.1081814831E+05  0.1138092679E+05
L6 0.3123945545E+05  -.3994234153E+06  0.3742337211E+05  -.5384197273E+06
L7 0.0000000000E+00  0.4748321682E+04  0.1300866691E+05  0.2043265706E+05
L8 0.5776700850E+04  0.5760659346E+05  0.0000000000E+00  0.0000000000E+00
L9 0.0000000000E+00  0.0000000000E+00  0.0000000000E+00  0.1043277256E+01  0.0000000000E+00
L0    11000  0.1320000000E+03  -.3149932220E+06  0.8398155387E+05
L1 0.2989980142E+03  0.2989980142E+03  -.3989747759E+12  0.1000000000E+01
L2 0.1000000000E+01  0.1202108412E+03  0.1202108412E+03  0.1202108412E+03
L3 0.1337223941E+07  0.1385315107E+03  0.1994265981E+03  0.4458928332E+02
L4 0.1275157974E+03  0.1104118463E+05  0.1084714694E+05  0.1103888975E+05
L5 0.3292722132E+05  0.9707941689E+04  0.8927842781E+04  0.1060975744E+05
L6 0.2924554191E+05  -.3989747759E+06  0.3738357925E+05  -.5379183713E+06
L7 0.0000000000E+00  0.4763587832E+04  0.1301274177E+05  0.2049763141E+05
L8 0.5795196944E+04  0.5749085815E+05  0.0000000000E+00  0.0000000000E+00
L9 0.0000000000E+00  0.0000000000E+00  0.0000000000E+00  0.1042543435E+01  0.0000000000E+00
L0    12000  0.1340000000E+03  -.3154866406E+06  0.8382646328E+05
L1 0.2984458479E+03  0.2984458479E+03  -.3993131039E+12  0.1000000000E+01
L2 0.1000000000E+01  0.1202154817E+03  0.1202154817E+03  0.1202154817E+03
L3 0.1337402367E+07  -.2128056904E+03  -.8915004667E+01  0.1185300545E+02
L4 -.6995589655E+02  0.1093395837E+05  0.1104656964E+05  0.1098351730E+05
L5 0.3296404531E+05  0.1298229770E+05  0.1113238010E+05  0.1086942741E+05
L6 0.3498410521E+05  -.3993131039E+06  0.3754011252E+05  -.5383180938E+06
L7 0.0000000000E+00  0.4751725211E+04  0.1307110476E+05  0.2038955792E+05
L8 0.5752166902E+04  0.5750032261E+05  0.0000000000E+00  0.0000000000E+00
L9 0.0000000000E+00  0.0000000000E+00  0.0000000000E+00  0.1042404347E+01  0.0000000000E+00
L0    13000  0.1360000000E+03  -.3152526740E+06  0.8417184038E+05
L1 0.2996754878E+03  0.2996754878E+03  -.3994245144E+12  0.1000000000E+01
L2 0.1000000000E+01  0.1202182235E+03  0.1202182235E+03  0.1202182235E+03
L3 0.1337504278E+07  0.9021733418E+02  -.2036211560E+03  -.3579943746E+03
L4 -.1571327322E+03  0.1106286814E+05  0.1103788883E+05  0.1088608098E+05
L5 0.3298683796E+05  0.1019442428E+05  0.1299797272E+05  0.1433218167E+05
L6 0.3752457867E+05  -.3994245144E+06  0.3730234748E+05  -.5384404463E+06
L7 0.0000000000E+00  0.4752317499E+04  0.1321367454E+05  0.2043673319E+05
L8 0.5822050415E+04  0.5748880873E+05  0.0000000000E+00  0.0000000000E+00
L9 0.0000000000E+00  0.0000000000E+00  0.0000000000E+00  0.1042324921E+01  0.0000000000E+00
L0    14000  0.1380000000E+03  -.3147224996E+06  0.8443308212E+05
L1 0.3006055820E+03  0.3006055820E+03  -.3991555817E+12  0.1000000000E+01
L2 0.1000000000E+01  0.1201948675E+03  0.1201948675E+03  0.1201948675E+03
L3 0.1336718022E+07  0.6512059458E+02  -.1404704967E+03  -.2235871246E+03
L4 -.9964567560E+02  0.1111435656E+05  0.1097434603E+05  0.1108425641E+05
L5 0.3317295900E+05  0.1048786570E+05  0.1232573852E+05  0.1323527010E+05
L6 0.3604887432E+05  -.3991555817E+06  0.3745398468E+05  -.5380936703E+06
L7 0.0000000000E+00  0.4813766218E+04  0.1308690441E+05  0.2035220798E+05
L8 0.5761399372E+04  0.5746982593E+05  0.0000000000E+00  0.0000000000E+00
L9 0.0000000000E+00  0.0000000000E+00  0.0000000000E+00  0.1042938015E+01  0.0000000000E+00
L0    15000  0.1400000000E+03  -.3153876580E+06  0.8406649715E+05
L1 0.2993004362E+03  0.2993004362E+03  -.3994541552E+12  0.1000000000E+01
L2 0.1000000000E+01  0.1201878990E+03  0.1201878990E+03  0.1201878990E+03
L3 0.1336467855E+07  0.4561591797E+03  -.8934324702E+02  -.2206791451E+03
L4 0.4871226253E+02  0.1095745469E+05  0.1108090413E+05  0.1098361990E+05
L5 0.3302197872E+05  0.6569809341E+04  0.1194026749E+05  0.1310626012E+05
L6 0.3161633695E+05  -.3994541552E+06  0.3761829399E+05  -.5384433024E+06
L7 0.0000000000E+00  0.4745010146E+04  0.1309532119E+05  0.2040456067E+05
L8 0.5734844292E+04  0.5739111691E+05  0.0000000000E+00  0.0000000000E+00
L9 0.0000000000E+00  0.0000000000E+00  0.0000000000E+00  0.1043133238E+01  0.0000000000E+00
L0    16000  0.1420000000E+03  -.3156684589E+06  0.8384065999E+05
L1 0.2984963922E+03  0.2984963922E+03  -.3995091189E+12  0.1000000000E+01
L2 0.1000000000E+01  0.1201918967E+03  0.1201918967E+03  0.1201918967E+03
L3 0.1336616363E+07  0.1724861607E+03  -.1756065642E+03  -.2318165635E+03
L4 -.7831232232E+02  0.1095981298E+05  0.1102231593E+05  0.1109325550E+05
L5 0.3307538442E+05  0.9300540888E+04  0.1271160550E+05  0.1332327067E+05
L6 0.3533541706E+05  -.3995091189E+06  0.3746476520E+05  -.5385935704E+06
L7 0.0000000000E+00  0.4808677854E+04  0.1317908872E+05  0.2037475694E+05
L8 0.5728078367E+04  0.5752908438E+05  0.0000000000E+00  0.0000000000E+00
L9 0.0000000000E+00  0.0000000000E+00  0.0000000000E+00  0.1043017338E+01  0.0000000000E+00
L0    17000  0.1440000000E+03  -.3155678327E+06  0.8462101256E+05
L1 0.3012746674E+03  0.3012746674E+03  -.4001888453E+12  0.1000000000E+01
L2 0.1000000000E+01  0.1201715891E+03  0.1201715891E+03  0.1201715891E+03
L3 0.1335918205E+07  0.9630184781E+02  0.6766811205E+02  0.1239664597E+03
L4 0.9597880653E+02  0.1106144520E+05  0.1127087864E+05  0.1110126384E+05
L5 0.3343358768E+05  0.1013553031E+05  0.1062026898E+05  0.9909361569E+04
L6 0.3066516085E+05  -.4001888453E+06  0.3723998109E+05  -.5387877424E+06
L7 0.0000000000E+00  0.4729794786E+04  0.1294700361E+05  0.2039998419E+05
L8 0.5726298620E+04  0.5755583483E+05  0.0000000000E+00  0.0000000000E+00
L9 0.0000000000E+00  0.0000000000E+00  0.0000000000E+00  0.1043562424E+01  0.0000000000E+00
L0    18000  0.1460000000E+03  -.3158592980E+06  0.8412283359E+05
L1 0.2995010098E+03  0.2995010098E+03  -.3999821316E+12  0.1000000000E+01
L2 0.1000000000E+01  0.1201493227E+03  0.1201493227E+03  0.1201493227E+03
L3 0.1335179341E+07  -.6320450913E+02  0.2098176578E+03  0.5097385437E+02
L4 0.6586233434E+02  0.1104068605E+05  0.1098645774E+05  0.1110985518E+05
L5 0.3313699897E+05  0.1164804334E+05  0.8970236348E+04  0.1062002712E+05
L6 0.3123830680E+05  -.3999821316E+06  0.3786394210E+05  -.5393592045E+06
L7 0.0000000000E+00  0.4817198634E+04  0.1293631625E+05  0.2043852712E+05
L8 0.5757770970E+04  0.5756331781E+05  0.0000000000E+00  0.0000000000E+00
L9 0.0000000000E+00  0.0000000000E+00  0.0000000000E+00  0.1044139913E+01  0.0000000000E+00
L0    19000  0.1480000000E+03  -.3153607473E+06  0.8404450555E+05
L1 0.2992221399E+03  0.2992221399E+03  -.3994052529E+12  0.1000000000E+01
L2 0.1000000000E+01  0.1201571594E+03  0.1201571594E+03  0.1201571594E+03
L3 0.1335442780E+07  -.1731310300E+03  0.2165873010E+02  0.2945962335E+03
L4 0.4770797788E+02  0.1100074690E+05  0.1090851359E+05  0.1108197760E+05
L5 0.3299123808E+05  0.1266476014E+05  0.1070034516E+05  0.8250526569E+04
L6 0.3161563187E+05  -.3994052529E+06  0.3694246189E+05  -.5379577505E+06
L7 0.0000000000E+00  0.4795220807E+04  0.1305378758E+05  0.2040566396E+05
L8 0.5800806401E+04  0.5755455699E+05  0.0000000000E+00  0.0000000000E+00
L9 0.0000000000E+00  0.0000000000E+00  0.0000000000E+00  0.1043933939E+01  0.0000000000E+00
L0    20000  0.1500000000E+03  -.3154808921E+06  0.8423208254E+05
L1 0.2998899668E+03  0.2998899668E+03  -.3997129746E+12  0.1000000000E+01
L2 0.1000000000E+01  0.1201729841E+03  0.1201729841E+03  0.1201729841E+03
L3 0.1335965988E+07  -.9882491656E+01  0.1608568332E+03  0.1052943512E+03
L4 0.8542289759E+02  0.1110493141E+05  0.1095860366E+05  0.1088465345E+05
L5 0.3294818851E+05  0.1119995215E+05  0.9411955615E+04  0.9872241982E+04
L6 0.3048414975E+05  -.3997129746E+06  0.3694543665E+05  -.5378727419E+06
L7 0.0000000000E+00  0.4773566111E+04  0.1292278826E+05  0.2029312249E+05
L8 0.5727329414E+04  0.5749752431E+05  0.0000000000E+00  0.0000000000E+00
L9 0.0000000000E+00  0.0000000000E+00  0.0000000000E+00  0.1043525100E+01  0.0000000000E+00
L0    21000  0.1520000000E+03  -.3157791082E+06  0.8435136896E+05
L1 0.3003146601E+03  0.3003146601E+03  -.4001304772E+12  0.1000000000E+01
L2 0.1000000000E+01  0.1201605647E+03  0.1201605647E+03  0.1201605647E+03
L3 0.1335568135E+07  0.2816291775E+02  -.7522686488E+02  -.1072340243E+03
L4 -.5143265713E+02  0.1105370560E+05  0.1120468367E+05  0.1122124031E+05
L5 0.3347962958E+05  0.1078299811E+05  0.1192777906E+05  0.1225199479E+05
L6 0.3496277197E+05  -.4001304772E+06  0.3770332052E+05  -.5392423479E+06
L7 0.0000000000E+00  0.4752300634E+04  0.1306299561E+05  0.2033619434E+05
L8 0.5789000645E+04  0.5746805900E+05  0.0000000000E+00  0.0000000000E+00
L9 0.0000000000E+00  0.0000000000E+00  0.0000000000E+00  0.1043835956E+01  0.0000000000E+00
L0    22000  0.1540000000E+03  -.3147699161E+06  0.8408245823E+05
L1 0.2993572621E+03  0.2993572621E+03  -.3988523744E+12  0.1000000000E+01
L2 0.1000000000E+01  0.1201789527E+03  0.1201789527E+03  0.1201789527E+03
L3 0.1336171811E+07  0.7693546748E+02  -.9924096853E+01  0.1925705003E+02
L4 0.2875614022E+02  0.1104029533E+05  0.1099326043E+05  0.1109836281E+05
L5 0.3313191857E+05  0.1030044226E+05  0.1108869591E+05  0.1091317660E+05
L6 0.3230231477E+05  -.3988523744E+06  0.3712621567E+05  -.5376010490E+06
L7 0.0000000000E+00  0.4843484381E+04  0.1321977914E+05  0.2043445951E+05
L8 0.5716038310E+04  0.5740869758E+05  0.0000000000E+00  0.0000000000E+00
L9 0.0000000000E+00  0.0000000000E+00  0.0000000000E+00  0.1043364356E+01  0.0000000000E+00
L0    23000  0.1560000000E+03  -.3148391902E+06  0.8444611400E+05
L1 0.3006519792E+03  0.3006519792E+03  -.3992853042E+12  0.1000000000E+01
L2 0.1000000000E+01  0.1202022269E+03  0.1202022269E+03  0.1202022269E+03
L3 0.1336950321E+07  -.8022551370E+02  0.7305787378E+02  0.4165714567E+02
L4 0.1149650192E+02  0.1112617533E+05  0.1105544416E+05  0.1099066537E+05
L5 0.3317228486E+05  0.1189811677E+05  0.1035247078E+05  0.1058983432E+05
L6 0.3284042187E+05  -.3992853042E+06  0.3704082603E+05  -.5377556368E+06
L7 0.0000000000E+00  0.4627329912E+04  0.1311240726E+05  0.2040330227E+05
L8 0.5754542260E+04  0.5753192489E+05  0.0000000000E+00  0.0000000000E+00
L9 0.0000000000E+00  0.0000000000E+00  0.0000000000E+00  0.1042756802E+01  0.0000000000E+00
L0    24000  0.1580000000E+03  -.3153659027E+06  0.8431790297E+05
L1 0.3001955118E+03  0.3001955118E+03  -.3996838056E+12  0.1000000000E+01
L2 0.1000000000E+01  0.1201539489E+03  0.1201539489E+03  0.1201539489E+03
L3 0.1335344626E+07  -.6255539292E+02  -.2530483682E+03  0.2348894170E+03
L4 -.2690478138E+02  0.1113953527E+05  0.1105189851E+05  0.1116249644E+05
L5 0.3335393021E+05  0.1174072935E+05  0.1348384202E+05  0.8905071119E+04
L6 0.3412964249E+05  -.3996838056E+06  0.3734983719E+05  -.5387781856E+06
L7 0.0000000000E+00  0.4776787654E+04  0.1322640590E+05  0.2044122537E+05
L8 0.5754452736E+04  0.5754567113E+05  0.0000000000E+00  0.0000000000E+00
L9 0.0000000000E+00  0.0000000000E+00  0.0000000000E+00  0.1044010673E+01  0.0000000000E+00
L0    25000  0.1600000000E+03  -.3148776395E+06  0.8431941448E+05
L1 0.3002008932E+03  0.3002008932E+03  -.3991970539E+12  0.1000000000E+01
L2 0.1000000000E+01  0.1202035982E+03  0.1202035982E+03  0.1202035982E+03
L3 0.1336990312E+07  0.2505899825E+03  0.2087093959E+03  -.2797491788E+03
L4 0.5985006651E+02  0.1112491306E+05  0.1091585034E+05  0.1098505028E+05
L5 0.3302581368E+05  0.8713628052E+04  0.8907558424E+04  0.1367691766E+05
L6 0.3129810414E+05  -.3991970539E+06  0.3762766863E+05  -.5382832707E+06
L7 0.0000000000E+00  0.4847290978E+04  0.1317059388E+05  0.2039498705E+05
L8 0.5696277459E+04  0.5734939877E+05  0.0000000000E+00  0.0000000000E+00
L9 0.0000000000E+00  0.0000000000E+00  0.0000000000E+00  0.1042725612E+01  0.0000000000E+00
L0    26000  0.1620000000E+03  -.3154879878E+06  0.8387837990E+05
L1 0.2986306857E+03  0.2986306857E+03  -.3993663677E+12  0.1000000000E+01
L2 0.1000000000E+01  0.1202214363E+03  0.1202214363E+03  0.1202214363E+03
L3 0.1337606683E+07  -.4413763031E+02  -.2416229907E+03  -.6421123748E+02
L4 -.1166572862E+03  0.1096539397E+05  0.1108010151E+05  0.1097852905E+05
L5 0.3302402453E+05  0.1139030111E+05  0.1340617411E+05  0.1159668215E+05
L6 0.3639315736E+05  -.3993663677E+06  0.3751436714E+05  -.5383452744E+06
L7 0.0000000000E+00  0.4732331424E+04  0.1298927899E+05  0.2045578992E+05
L8 0.5805033907E+04  0.5748210528E+05  0.0000000000E+00  0.0000000000E+00
L9 0.0000000000E+00  0.0000000000E+00  0.0000000000E+00  0.1042245122E+01  0.0000000000E+00
L0    27000  0.1640000000E+03  -.3151940388E+06  0.8449192570E+05
L1 0.3008150818E+03  0.3008150818E+03  -.3996859645E+12  0.1000000000E+01
L2 0.1000000000E+01  0.1201775914E+03  0.1201775914E+03  0.1201775914E+03
L3 0.1336141623E+07  -.1678738493E+03  -.6974530935E+01  -.1218609117E+03
L4 -.9890309734E+02  0.1097690698E+05  0.1113399353E+05  0.1105076620E+05
L5 0.3316166671E+05  0.1259123625E+05  0.1120106288E+05  0.1222262017E+05
L6 0.3601491930E+05  -.3996859645E+06  0.3704205866E+05  -.5381482190E+06
L7 0.0000000000E+00  0.4700314609E+04  0.1301555689E+05  0.2043046706E+05
L8 0.5795853402E+04  0.5747800387E+05  0.0000000000E+00  0.0000000000E+00
L9 0.0000000000E+00  0.0000000000E+00  0.0000000000E+00  0.1043387929E+01  0.0000000000E+00
L0    28000  0.1660000000E+03  -.3145592870E+06  0.8457982314E+05
L1 0.3011280214E+03  0.3011280214E+03  -.3991391101E+12  0.1000000000E+01
L2 0.1000000000E+01  0.1201663937E+03  0.1201663937E+03  0.1201663937E+03
L3 0.1335751127E+07  0.1804368257E+03  -.2113151581E+03  0.1631916958E+03
L4 0.4410445448E+02  0.1092952812E+05  0.1105320659E+05  0.1122959094E+05
L5 0.3321232565E+05  0.9194896306E+04  0.1308468766E+05  0.9660745408E+04
L6 0.3194032938E+05  -.3991391101E+06  0.3745760493E+05  -.5381484250E+06
L7 0.0000000000E+00  0.4760340460E+04  0.1306412522E+05  0.2044802342E+05
L8 0.5789996196E+04  0.5748922469E+05  0.0000000000E+00  0.0000000000E+00
L9 0.0000000000E+00  0.0000000000E+00  0.0000000000E+00  0.1043692955E+01  0.0000000000E+00
L0    29000  0.1680000000E+03  -.3152281518E+06  0.8427708065E+05
L1 0.3000501728E+03  0.3000501728E+03  -.3995052325E+12  0.1000000000E+01
L2 0.1000000000E+01  0.1201728364E+03  0.1201728364E+03  0.1201728364E+03
L3 0.1335971674E+07  -.2900574275E+02  -.2171137250E+03  0.2352425270E+03
L4 -.3625646942E+01  0.1106570989E+05  0.1109460100E+05  0.1112594382E+05
L5 0.3328625471E+05  0.1134460302E+05  0.1318217129E+05  0.8864063275E+04
L6 0.3339083759E+05  -.3995052325E+06  0.3728882315E+05  -.5381416412E+06
L7 0.0000000000E+00  0.4832467073E+04  0.1297443506E+05  0.2037647897E+05
L8 0.5726360105E+04  0.5743784436E+05  0.0000000000E+00  0.0000000000E+00
L9 0.0000000000E+00  0.0000000000E+00  0.0000000000E+00  0.1043520659E+01  0.0000000000E+00
L0    30000  0.1700000000E+03  -.3151636379E+06  0.8455192225E+05
L1 0.3010286864E+03  0.3010286864E+03  -.3997155602E+12  0.1000000000E+01
L2 0.1000000000E+01  0.1201573706E+03  0.1201573706E+03  0.1201573706E+03
L3 0.1335455838E+07  -.2367661299E+03  0.1568164661E+03  0.7157772319E+02
L4 -.2790646850E+01  0.1115860950E+05  0.1110986489E+05  0.1105433868E+05
L5 0.3332281307E+05  0.1343426065E+05  0.9602640986E+04  0.1036637741E+05
L6 0.3340327904E+05  -.3997155602E+06  0.3703985659E+05  -.5383271275E+06
L7 0.0000000000E+00  0.4798727822E+04  0.1307732315E+05  0.2040602731E+05
L8 0.5750868752E+04  0.5753876374E+05  0.0000000000E+00  0.0000000000E+00
L9 0.0000000000E+00  0.0000000000E+00  0.0000000000E+00  0.1043923731E+01  0.0000000000E+00
L0    31000  0.1720000000E+03  -.3159811449E+06  0.8445764763E+05
L1 0.3006930422E+03  0.3006930422E+03  -.4004387925E+12  0.1000000000E+01
L2 0.1000000000E+01  0.1201688601E+03  0.1201688601E+03  0.1201688601E+03
L3 0.1335834561E+07  0.5745500288E+02  0.2111424991E+03  -.1661525609E+03
L4 0.3414831367E+02  0.1101676924E+05  0.1099612775E+05  0.1115352194E+05
L5 0.3316641893E+05  0.1046439031E+05  0.8966179746E+04  0.1275093156E+05
L6 0.3218150162E+05  -.4004387925E+06  0.3772536239E+05  -.5395788515E+06
L7 0.0000000000E+00  0.4709865918E+04  0.1300500931E+05  0.2042618839E+05
L8 0.5769149611E+04  0.5750448330E+05  0.0000000000E+00  0.0000000000E+00
L9 0.0000000000E+00  0.0000000000E+00  0.0000000000E+00  0.1043627767E+01  0.0000000000E+00
L0    32000  0.1740000000E+03  -.3153795463E+06  0.8438060034E+05
L1 0.3004187321E+03  0.3004187321E+03  -.3997601467E+12  0.1000000000E+01
L2 0.1000000000E+01  0.1201848351E+03  0.1201848351E+03  0.1201848351E+03
L3 0.1336387660E+07  -.2210369497E+03  -.8533442476E+02  -.1015146575E+03
L4 -.1359620106E+03  0.1105844267E+05  0.1117198785E+05  0.1097943380E+05
L5 0.3320986431E+05  0.1318439692E+05  0.1199274240E+05  0.1195581136E+05
L6 0.3713295069E+05  -.3997601467E+06  0.3723996652E+05  -.5383736009E+06
L7 0.0000000000E+00  0.4705669568E+04  0.1297787078E+05  0.2045928079E+05
L8 0.5777472733E+04  0.5745319382E+05  0.0000000000E+00  0.0000000000E+00
L9 0.0000000000E+00  0.0000000000E+00  0.0000000000E+00  0.1043195835E+01  0.0000000000E+00
L0    33000  0.1760000000E+03  -.3152895569E+06  0.8421471400E+05
L1 0.2998281299E+03  0.2998281299E+03  -.3995042709E+12  0.1000000000E+01
L2 0.1000000000E+01  0.1202172323E+03  0.1202172323E+03  0.1202172323E+03
L3 0.1337429350E+07  0.5880064398E+02  0.1568585272E+03  0.3651942158E+03
L4 0.1936177957E+03  0.1092642468E+05  0.1106250192E+05  0.1104663899E+05
L5 0.3303556560E+05  0.1036043370E+05  0.9552645802E+04  0.7531428631E+04
L6 0.2744450813E+05  -.3995042709E+06  0.3750671176E+05  -.5384035338E+06
L7 0.0000000000E+00  0.4748563255E+04  0.1296320163E+05  0.2041250315E+05
L8 0.5740503516E+04  0.5752777955E+05  0.0000000000E+00  0.0000000000E+00
L9 0.0000000000E+00  0.0000000000E+00  0.0000000000E+00  0.1042383316E+01  0.0000000000E+00
L0    34000  0.1780000000E+03  -.3149578410E+06  0.8447440099E+05
L1 0.3007526889E+03  0.3007526889E+03  -.3994322420E+12  0.1000000000E+01
L2 0.1000000000E+01  0.1202291581E+03  0.1202291581E+03  0.1202291581E+03
L3 0.1337856705E+07  0.6450657806E+02  -.1474071397E+03  -.7257441325E+02
L4 -.5182499163E+02  0.1101712726E+05  0.1106608216E+05  0.1103510331E+05
L5 0.3311831273E+05  0.1039601488E+05  0.1248541646E+05  0.1173389819E+05
L6 0.3461532953E+05  -.3994322420E+06  0.3706256260E+05  -.5380824733E+06
L7 0.0000000000E+00  0.4830501280E+04  0.1300026635E+05  0.2048216113E+05
L8 0.5776804644E+04  0.5749793526E+05  0.0000000000E+00  0.0000000000E+00
L9 0.0000000000E+00  0.0000000000E+00  0.0000000000E+00  0.1042050345E+01  0.0000000000E+00
L0    35000  0.1800000000E+03  -.3150884240E+06  0.8395967688E+05
L1 0.2989201259E+03  0.2989201259E+03  -.3990481009E+12  0.1000000000E+01
L2 0.1000000000E+01  0.1201754043E+03  0.1201754043E+03  0.1201754043E+03
L3 0.1336038518E+07  0.3067559551E+03  -.1183359914E+03  0.2739840715E+03
L4 0.1541346784E+03  0.1097613011E+05  0.1103170324E+05  0.1113121581E+05
L5 0.3313904916E+05  0.8026493181E+04  0.1216957262E+05  0.8496699610E+04
L6 0.2869276541E+05  -.3990481009E+06  0.3749547177E+05  -.5380895097E+06
L7 0.0000000000E+00  0.4750871953E+04  0.1307438836E+05  0.2043276545E+05
L8 0.5767589272E+04  0.5752032197E+05  0.0000000000E+00  0.0000000000E+00
L9 0.0000000000E+00  0.0000000000E+00  0.0000000000E+00  0.1043468449E+01  0.0000000000E+00
L0    36000  0.1820000000E+03  -.3159052582E+06  0.8417512513E+05
L1 0.2996871824E+03  0.2996871824E+03  -.4000803834E+12  0.1000000000E+01
L2 0.1000000000E+01  0.1201593577E+03  0.1201593577E+03  0.1201593577E+03
L3 0.1335512876E+07  0.1087108013E+03  0.1511966958E+03  -.3612742142E+02
L4 0.7459335858E+02  0.1106823282E+05  0.1102911793E+05  0.1108610938E+05
L5 0.3318346012E+05  0.1002332650E+05  0.9575845747E+04  0.1143335888E+05
L6 0.3103253112E+05  -.4000803834E+06  0.3729864027E+05  -.5387446696E+06
L7 0.0000000000E+00  0.4653984129E+04  0.1310400031E+05  0.2037549102E+05
L8 0.5801925763E+04  0.5743024480E+05  0.0000000000E+00  0.0000000000E+00
L9 0.0000000000E+00  0.0000000000E+00  0.0000000000E+00  0.1043879147E+01  0.0000000000E+00
L0    37000  0.1840000000E+03  -.3151191326E+06  0.8415323482E+05
L1 0.2996092467E+03  0.2996092467E+03  -.3992723674E+12  0.1000000000E+01
L2 0.1000000000E+01  0.1201765936E+03  0.1201765936E+03  0.1201765936E+03
L3 0.1336091579E+07  -.3966664720E+02  0.2083278523E+03  -.4342754452E+02
L4 0.4174455353E+02  0.1111209235E+05  0.1112529917E+05  0.1100206444E+05
L5 0.3323945596E+05  0.1149352538E+05  0.9122026142E+04  0.1141966212E+05
L6 0.3203521365E+05  -.3992723674E+06  0.3749163280E+05  -.5381065351E+06
L7 0.0000000000E+00  0.4788558036E+04  0.1302556696E+05  0.2037310658E+05
L8 0.5766152258E+04  0.5738915106E+05  0.0000000000E+00  0.0000000000E+00
L9 0.0000000000E+00  0.0000000000E+00  0.0000000000E+00  0.1043427010E+01  0.0000000000E+00
L0    38000  0.1860000000E+03  -.3160867089E+06  0.8390426615E+05
L1 0.2987228481E+03  0.2987228481E+03  -.3999909750E+12  0.1000000000E+01
L2 0.1000000000E+01  0.1201848833E+03  0.1201848833E+03  0.1201848833E+03
L3 0.1336363666E+07  0.3842363237E+02  0.7307491798E+02  0.1249344530E+03
L4 0.7881100110E+02  0.1101760342E+05  0.1112785510E+05  0.1095346642E+05
L5 0.3309892494E+05  0.1064804793E+05  0.1042502626E+05  0.9751856625E+04
L6 0.3082493082E+05  -.3999909750E+06  0.3815554569E+05  -.5396981111E+06
L7 0.0000000000E+00  0.4810121776E+04  0.1294361697E+05  0.2051527993E+05
L8 0.5782650809E+04  0.5749992087E+05  0.0000000000E+00  0.0000000000E+00
L9 0.0000000000E+00  0.0000000000E+00  0.0000000000E+00  0.1043214565E+01  0.0000000000E+00
L0    39000  0.1880000000E+03  -.3156478287E+06  0.8399558779E+05
L1 0.2990479788E+03  0.2990479788E+03  -.3996434165E+12  0.1000000000E+01
L2 0.1000000000E+01  0.1201930820E+03  0.1201930820E+03  0.1201930820E+03
L3 0.1336652274E+07  -.1113739284E+03  -.6104873535E+02  0.2897843540E+02
L4 -.4781474277E+02  0.1096402530E+05  0.1111622293E+05  0.1089578442E+05
L5 0.3297603264E+05  0.1203544236E+05  0.1170351170E+05  0.1061701190E+05
L6 0.3435596596E+05  -.3996434165E+06  0.3707134459E+05  -.5380484871E+06
L7 0.0000000000E+00  0.4728888726E+04  0.1295124747E+05  0.2043566229E+05
L8 0.5717532045E+04  0.5750039547E+05  0.0000000000E+00  0.0000000000E+00
L9 0.0000000000E+00  0.0000000000E+00  0.0000000000E+00  0.1042989316E+01  0.0000000000E+00
L0    40000  0.1900000000E+03  -.3154254499E+06  0.8393982831E+05
L1 0.2988494594E+03  0.2988494594E+03  -.3993652782E+12  0.1000000000E+01
L2 0.1000000000E+01  0.1201928118E+03  0.1201928118E+03  0.1201928118E+03
L3 0.1336653301E+07  -.3082505717E+03  0.8250782603E+02  -.1703526097E+03
L4 -.1320317851E+03  0.1103483847E+05  0.1097644456E+05  0.1098284548E+05
L5 0.3299412851E+05  0.1400021091E+05  0.1018271875E+05  0.1262163865E+05
L6 0.3680456831E+05  -.3993652782E+06  0.3714233260E+05  -.5381352633E+06
L7 0.0000000000E+00  0.4729700984E+04  0.1302847106E+05  0.2048322899E+05
L8 0.5779076162E+04  0.5760717531E+05  0.0000000000E+00  0.0000000000E+00
L9 0.0000000000E+00  0.0000000000E+00  0.0000000000E+00  0.1042988515E+01  0.0000000000E+00
L0    41000  0.1920000000E+03  -.3152170036E+06  0.8468426669E+05
L1 0.3014998699E+03  0.3014998699E+03  -.3999012703E+12  0.1000000000E+01
L2 0.1000000000E+01  0.1201728236E+03  0.1201728236E+03  0.1201728236E+03
L3 0.1335987504E+07  -.2556629166E+03  -.1241407385E+03  -.4030474722E+02
L4 -.1400361341E+03  0.1119329523E+05  0.1098640917E+05  0.1102822399E+05
L5 0.3320792838E+05  0.1365154900E+05  0.1218004900E+05  0.1141576278E+05
L6 0.3724736078E+05  -.3999012703E+06  0.3726799828E+05  -.5387104380E+06
L7 0.0000000000E+00  0.4730800284E+04  0.1298428623E+05  0.2041599580E+05
L8 0.5760340808E+04  0.5764974632E+05  0.0000000000E+00  0.0000000000E+00
L9 0.0000000000E+00  0.0000000000E+00  0.0000000000E+00  0.1043508294E+01  0.0000000000E+00
L0    42000  0.1940000000E+03  -.3151164225E+06  0.8448813134E+05
L1 0.3008015728E+03  0.3008015728E+03  -.3996045538E+12  0.1000000000E+01
L2 0.1000000000E+01  0.1201813716E+03  0.1201813716E+03  0.1201813716E+03
L3 0.1336274100E+07  -.2888862734E+03  -.2523307259E+03  0.8373771968E+02
L4 -.1524930932E+03  0.1112144250E+05  0.1104129262E+05  0.1114214648E+05
L5 0.3330488161E+05  0.1389974185E+05  0.1346802714E+05  0.1033681762E+05
L6 0.3770458662E+05  -.3996045538E+06  0.3750479870E+05  -.5385415635E+06
L7 0.0000000000E+00  0.4716773903E+04  0.1305636704E+05  0.2035566260E+05
L8 0.5820074965E+04  0.5748333240E+05  0.0000000000E+00  0.0000000000E+00
L9 0.0000000000E+00  0.0000000000E+00  0.0000000000E+00  0.1043284489E+01  0.0000000000E+00
L0    43000  0.1960000000E+03  -.3154673616E+06  0.8410608964E+05
L1 0.2994413966E+03  0.2994413966E+03  -.3995734513E+12  0.1000000000E+01
L2 0.1000000000E+01  0.1202003072E+03  0.1202003072E+03  0.1202003072E+03
L3 0.1336877049E+07  0.2529133332E+03  -.2794697153E+02  0.4135762380E+02
L4 0.8877466183E+02  0.1104395536E+05  0.1098165921E+05  0.1097052306E+05
L5 0.3299613763E+05  0.8610520233E+04  0.1125055425E+05  0.1057259586E+05
L6 0.3043367034E+05  -.3995734513E+06  0.3741850622E+05  -.5386194633E+06
L7 0.0000000000E+00  0.4777015869E+04  0.1324084962E+05  0.2036793531E+05
L8 0.5765268136E+04  0.5747643689E+05  0.0000000000E+00  0.0000000000E+00
L9 0.0000000000E+00  0.0000000000E+00  0.0000000000E+00  0.1042813954E+01  0.0000000000E+00
L0    44000  0.1980000000E+03  -.3157921896E+06  0.8412150008E+05
L1 0.2994962621E+03  0.2994962621E+03  -.3999136897E+12  0.1000000000E+01
L2 0.1000000000E+01  0.1201645646E+03  0.1201645646E+03  0.1201645646E+03
L3 0.1335706232E+07  -.3205853794E+03  -.1757126662E+03  0.2232360598E+03
L4 -.9102066196E+02  0.1093524672E+05  0.1094308002E+05  0.1103462785E+05
L5 0.3291295459E+05  0.1401709493E+05  0.1263223929E+05  0.8888617166E+04
L6 0.3553795138E+05  -.3999136897E+06  0.3756577303E+05  -.5389825107E+06
L7 0.0000000000E+00  0.4772453902E+04  0.1307788086E+05  0.2037916277E+05
L8 0.5750065988E+04  0.5752348444E+05  0.0000000000E+00  0.0000000000E+00
L9 0.0000000000E+00  0.0000000000E+00  0.0000000000E+00  0.1043728035E+01  0.0000000000E+00
L0    45000  0.2000000000E+03  -.3153986600E+06  0.8412755488E+05
L1 0.2995178189E+03  0.2995178189E+03  -.3995262148E+12  0.1000000000E+01
L2 0.1000000000E+01  0.1201678685E+03  0.1201678685E+03  0.1201678685E+03
L3 0.1335809510E+07  -.2258707373E+03  0.7927898774E+02  0.4719748112E+02
L4 -.3313142281E+02  0.1097857444E+05  0.1113527673E+05  0.1102289914E+05
L5 0.3313675032E+05  0.1315008068E+05  0.1037309382E+05  0.1056914570E+05
L6 0.3409232020E+05  -.3995262148E+06  0.3713433523E+05  -.5381074980E+06
L7 0.0000000000E+00  0.4700412926E+04  0.1301905435E+05  0.2037723552E+05
L8 0.5803362534E+04  0.5754688257E+05  0.0000000000E+00  0.0000000000E+00
L9 0.0000000000E+00  0.0000000000E+00  0.0000000000E+00  0.1043647340E+01  0.0000000000E+00
L0    46000  0.2020000000E+03  -.3150726966E+06  0.8446108894E+05
L1 0.3007052942E+03  0.3007052942E+03  -.3995337856E+12  0.1000000000E+01
L2 0.1000000000E+01  0.1201718019E+03  0.1201718019E+03  0.1201718019E+03
L3 0.1335930818E+07  0.3174606849E+02  0.5313246701E+02  0.6425411790E+02
L4 0.4971088446E+02  0.1100852581E+05  0.1105942968E+05  0.1105198185E+05
L5 0.3311993734E+05  0.1070329351E+05  0.1054857129E+05  0.1043419094E+05
L6 0.3168605574E+05  -.3995337856E+06  0.3734485385E+05  -.5382499834E+06
L7 0.0000000000E+00  0.4812673444E+04  0.1285007061E+05  0.2040507841E+05
L8 0.5776853002E+04  0.5752666846E+05  0.0000000000E+00  0.0000000000E+00
L9 0.0000000000E+00  0.0000000000E+00  0.0000000000E+00  0.1043552572E+01  0.0000000000E+00
L0    47000  0.2040000000E+03  -.3146084043E+06  0.8431766174E+05
L1 0.3001946530E+03  0.3001946530E+03  -.3989260660E+12  0.1000000000E+01
L2 0.1000000000E+01  0.1202251197E+03  0.1202251197E+03  0.1202251197E+03
L3 0.1337706691E+07  0.7439578736E+01  0.1680161176E+03  0.5143547125E+02
L4 0.7563038919E+02  0.1103665453E+05  0.1105923577E+05  0.1103119565E+05
L5 0.3312708595E+05  0.1096502934E+05  0.9441645878E+04  0.1053599614E+05
L6 0.3094267136E+05  -.3989260660E+06  0.3739548927E+05  -.5377539713E+06
L7 0.0000000000E+00  0.4783485090E+04  0.1289742399E+05  0.2040192775E+05
L8 0.5803380157E+04  0.5754619903E+05  0.0000000000E+00  0.0000000000E+00
L9 0.0000000000E+00  0.0000000000E+00  0.0000000000E+00  0.1042167203E+01  0.0000000000E+00
L0    48000  0.2060000000E+03  -.3154451127E+06  0.8415223333E+05
L1 0.2996056812E+03  0.2996056812E+03  -.3995973461E+12  0.1000000000E+01
L2 0.1000000000E+01  0.1202408892E+03  0.1202408892E+03  0.1202408892E+03
L3 0.1338253713E+07  0.2632498760E+02  -.2887581424E+03  -.2760906089E+02
L4 -.9668073856E+02  0.1116750125E+05  0.1105216946E+05  0.1090272761E+05
L5 0.3312239832E+05  0.1091395148E+05  0.1383335061E+05  0.1116864496E+05
L6 0.3591594704E+05  -.3995973461E+06  0.3711954405E+05  -.5380373285E+06
L7 0.0000000000E+00  0.4675234306E+04  0.1298228037E+05  0.2038487857E+05
L8 0.5779168777E+04  0.5749887632E+05  0.0000000000E+00  0.0000000000E+00
L9 0.0000000000E+00  0.0000000000E+00  0.0000000000E+00  0.1041741209E+01  0.0000000000E+00
L0    49000  0.2080000000E+03  -.3153090850E+06  0.8424901646E+05
L1 0.2999502564E+03  0.2999502564E+03  -.3995581015E+12  0.1000000000E+01
L2 0.1000000000E+01  0.1202185178E+03  0.1202185178E+03  0.1202185178E+03
L3 0.1337477601E+07  0.1208193124E+03  0.5243697913E+02  0.2731093782E+03
L4 0.1487885566E+03  0.1098744328E+05  0.1098961971E+05  0.1095928121E+05
L5 0.3293634420E+05  0.9824443974E+04  0.1048486455E+05  0.8330347041E+04
L6 0.2863965557E+05  -.3995581015E+06  0.3748935275E+05  -.5385542638E+06
L7 0.0000000000E+00  0.4728269208E+04  0.1313598726E+05  0.2028837199E+05
L8 0.5768056383E+04  0.5758612469E+05  0.0000000000E+00  0.0000000000E+00
L9 0.0000000000E+00  0.0000000000E+00  0.0000000000E+00  0.1042345711E+01  0.0000000000E+00
L0    50000  0.2100000000E+03  -.3155518523E+06  0.8378064836E+05
L1 0.2982827339E+03  0.2982827339E+03  -.3993325007E+12  0.1000000000E+01
L2 0.1000000000E+01  0.1202128846E+03  0.1202128846E+03  0.1202128846E+03
L3 0.1337309990E+07  0.7802723856E+02  0.6802146525E+02  -.2125919855E+03
L4 -.2218109389E+02  0.1097417743E+05  0.1107267529E+05  0.1101524317E+05
L5 0.3306209589E+05  0.1022318613E+05  0.1041798688E+05  0.1306138416E+05
L6 0.3370255718E+05  -.3993325007E+06  0.3729128555E+05  -.5379922208E+06
L7 0.0000000000E+00  0.4845671558E+04  0.1308503595E+05  0.2037838136E+05
L8 0.5734135046E+04  0.5732521072E+05  0.0000000000E+00  0.0000000000E+00
L9 0.0000000000E+00  0.0000000000E+00  0.0000000000E+00  0.1042476353E+01  0.0000000000E+00
L0    51000  0.2120000000E+03  -.3153240940E+06  0.8417107069E+05
L1 0.2996727475E+03  0.2996727475E+03  -.3994951646E+12  0.1000000000E+01
L2 0.1000000000E+01  0.1201912452E+03  0.1201912452E+03  0.1201912452E+03
L3 0.1336574852E+07  -.1599501051E+02  0.1983079689E+03  0.8043337687E+02
L4 0.8758211176E+02  0.1101224682E+05  0.1104439551E+05  0.1108909978E+05
L5 0.3314574211E+05  0.1116610989E+05  0.9136783573E+04  0.1031537560E+05
L6 0.3061826907E+05  -.3994951646E+06  0.3781775596E+05  -.5387663847E+06
L7 0.0000000000E+00  0.4745700096E+04  0.1297133088E+05  0.2037958826E+05
L8 0.5780102410E+04  0.5757674247E+05  0.0000000000E+00  0.0000000000E+00
L9 0.0000000000E+00  0.0000000000E+00  0.0000000000E+00  0.1043049732E+01  0.0000000000E+00
L0    52000  0.2140000000E+03  -.3157109331E+06  0.8405563495E+05
L1 0.2992617637E+03  0.2992617637E+03  -.3997665681E+12  0.1000000000E+01
L2 0.1000000000E+01  0.1201716077E+03  0.1201716077E+03  0.1201716077E+03
L3 0.1335915568E+07  0.3326254072E+03  -.1096218779E+03  0.1469998347E+03
L4 0.1233344547E+03  0.1095321736E+05  0.1108304824E+05  0.1104746484E+05
L5 0.3308373043E+05  0.7755124935E+04  0.1213702935E+05  0.9634106009E+04
L6 0.2952626029E+05  -.3997665681E+06  0.3754568670E+05  -.5384616528E+06
L7 0.0000000000E+00  0.4791472050E+04  0.1286181241E+05  0.2032727772E+05
L8 0.5691599055E+04  0.5747723678E+05  0.0000000000E+00  0.0000000000E+00
L9 0.0000000000E+00  0.0000000000E+00  0.0000000000E+00  0.1043564485E+01  0.0000000000E+00
L0    53000  0.2160000000E+03  -.3154302453E+06  0.8417396173E+05
L1 0.2996830404E+03  0.2996830404E+03  -.3996042070E+12  0.1000000000E+01
L2 0.1000000000E+01  0.1201322067E+03  0.1201322067E+03  0.1201322067E+03
L3 0.1334615949E+07  -.1644841577E+03  0.1100349118E+02  0.1711493783E+03
L4 0.5889570622E+01  0.1111674782E+05  0.1101736721E+05  0.1107719362E+05
L5 0.3321130865E+05  0.1269667462E+05  0.1091167490E+05  0.9433245093E+04
L6 0.3304159461E+05  -.3996042070E+06  0.3712725992E+05  -.5382272751E+06
L7 0.0000000000E+00  0.4728308778E+04  0.1295368843E+05  0.2050285290E+05
L8 0.5750876641E+04  0.5756008142E+05  0.0000000000E+00  0.0000000000E+00
L9 0.0000000000E+00  0.0000000000E+00  0.0000000000E+00  0.1044580684E+01  0.0000000000E+00
L0    54000  0.2180000000E+03  -.3148889041E+06  0.8455182970E+05
L1 0.3010283569E+03  0.3010283569E+03  -.3994407338E+12  0.1000000000E+01
L2 0.1000000000E+01  0.1201756333E+03  0.1201756333E+03  0.1201756333E+03
L3 0.1336069407E+07  -.1386490254E+03  -.1355074287E+03  0.1512714578E+03
L4 -.4096166539E+02  0.1115327957E+05  0.1102645582E+05  0.1116655297E+05
L5 0.3334628835E+05  0.1248650141E+05  0.1232946868E+05  0.9711956294E+04
L6 0.3452792639E+05  -.3994407338E+06  0.3721526938E+05  -.5382119817E+06
L7 0.0000000000E+00  0.4775707220E+04  0.1304662002E+05  0.2032800454E+05
L8 0.5800904865E+04  0.5760474192E+05  0.0000000000E+00  0.0000000000E+00
L9 0.0000000000E+00  0.0000000000E+00  0.0000000000E+00  0.1043444325E+01  0.0000000000E+00
L0    55000  0.2200000000E+03  -.3154420701E+06  0.8415365266E+05
L1 0.2996107344E+03  0.2996107344E+03  -.3995957227E+12  0.1000000000E+01
L2 0.1000000000E+01  0.1201941902E+03  0.1201941902E+03  0.1201941902E+03
L3 0.1336680700E+07  0.1143103383E+03  0.4686135820E+01  -.4744490368E+02
L4 0.2385052348E+02  0.1100811998E+05  0.1102927505E+05  0.1093551722E+05
L5 0.3297291225E+05  0.9908431271E+04  0.1098419347E+05  0.1139194684E+05
L6 0.3228457158E+05  -.3995957227E+06  0.3728080747E+05  -.5383523522E+06
L7 0.0000000000E+00  0.4801610594E+04  0.1304618152E+05  0.2040838617E+05
L8 0.5758202382E+04  0.5746144135E+05  0.0000000000E+00  0.0000000000E+00
L9 0.0000000000E+00  0.0000000000E+00  0.0000000000E+00  0.1042967136E+01  0.0000000000E+00
L0    56000  0.2220000000E+03  -.3156752977E+06  0.8400719050E+05
L1 0.2990892878E+03  0.2990892878E+03  -.3996824882E+12  0.1000000000E+01
L2 0.1000000000E+01  0.1201741345E+03  0.1201741345E+03  0.1201741345E+03
L3 0.1336035143E+07  0.7049934888E+02  -.4563940751E+03  -.1328198973E+03
L4 -.1729048745E+03  0.1092882280E+05  0.1097051103E+05  0.1098532718E+05
L5 0.3288466101E+05  0.1025093227E+05  0.1535899443E+05  0.1226246452E+05
L6 0.3787239122E+05  -.3996824882E+06  0.3750471521E+05  -.5386525913E+06
L7 0.0000000000E+00  0.4674958806E+04  0.1315608265E+05  0.2031278531E+05
L8 0.5793643786E+04  0.5752791729E+05  0.0000000000E+00  0.0000000000E+00
L9 0.0000000000E+00  0.0000000000E+00  0.0000000000E+00  0.1043471085E+01  0.0000000000E+00
L0    57000  0.2240000000E+03  -.3156860343E+06  0.8403344190E+05
L1 0.2991827502E+03  0.2991827502E+03  -.3997194762E+12  0.1000000000E+01
L2 0.1000000000E+01  0.1201422403E+03  0.1201422403E+03  0.1201422403E+03
L3 0.1334962675E+07  -.2284742479E+03  0.1903125744E+02  -.8259357541E+02
L4 -.9734552195E+02  0.1105473498E+05  0.1102711756E+05  0.1092151814E+05
L5 0.3300337068E+05  0.1324987870E+05  0.1084426831E+05  0.1171506389E+05
L6 0.3580921090E+05  -.3997194762E+06  0.3711642385E+05  -.5382815638E+06
L7 0.0000000000E+00  0.4671918354E+04  0.1324047061E+05  0.2035509249E+05
L8 0.5750398246E+04  0.5742778405E+05  0.0000000000E+00  0.0000000000E+00
L9 0.0000000000E+00  0.0000000000E+00  0.0000000000E+00  0.1044309378E+01  0.0000000000E+00
L0    58000  0.2260000000E+03  -.3152713612E+06  0.8394977278E+05
L1 0.2988848645E+03  0.2988848645E+03  -.3992211339E+12  0.1000000000E+01
L2 0.1000000000E+01  0.1202122916E+03  0.1202122916E+03  0.1202122916E+03
L3 0.1337278038E+07  0.7660958668E+02  0.5208290256E+01  0.1574959711E+03
L4 0.7977128267E+02  0.1111124867E+05  0.1098133381E+05  0.1108115842E+05
L5 0.3317374090E+05  0.1037391951E+05  0.1093120661E+05  0.9565338039E+04
L6 0.3087046415E+05  -.3992211339E+06  0.3741457752E+05  -.5380972223E+06
L7 0.0000000000E+00  0.4766851453E+04  0.1306504120E+05  0.2027205153E+05
L8 0.5811111933E+04  0.5754645477E+05  0.0000000000E+00  0.0000000000E+00
L9 0.0000000000E+00  0.0000000000E+00  0.0000000000E+00  0.1042501261E+01  0.0000000000E+00
L0    59000  0.2280000000E+03  -.3148295098E+06  0.8477126156E+05
L1 0.3018095962E+03  0.3018095962E+03  -.3996007713E+12  0.1000000000E+01
L2 0.1000000000E+01  0.1202127595E+03  0.1202127595E+03  0.1202127595E+03
L3 0.1337303680E+07  -.9077578476E+02  -.2855226433E+02  0.1064738916E+03
L4 -.4284719155E+01  0.1105911040E+05  0.1117274615E+05  0.1115846882E+05
L5 0.3339032538E+05  0.1193279893E+05  0.1144755276E+05  0.1013369093E+05
L6 0.3351404262E+05  -.3996007713E+06  0.3706964179E+05  -.5380419188E+06
L7 0.0000000000E+00  0.4763306311E+04  0.1288497082E+05  0.2038053663E+05
L8 0.5808595835E+04  0.5753409606E+05  0.0000000000E+00  0.0000000000E+00
L9 0.0000000000E+00  0.0000000000E+00  0.0000000000E+00  0.1042481272E+01  0.0000000000E+00
L0    60000  0.2300000000E+03  -.3149236805E+06  0.8433153444E+05
L1 0.3002440437E+03  0.3002440437E+03  -.3992552149E+12  0.1000000000E+01
L2 0.1000000000E+01  0.1201682878E+03  0.1201682878E+03  0.1201682878E+03
L3 0.1335824161E+07  -.1639587341E+02  -.7843790159E+02  -.2134718674E+02
L4 -.3872698725E+02  0.1108602574E+05  0.1112822561E+05  0.1124495828E+05
L5 0.3345920962E+05  0.1124365630E+05  0.1188233064E+05  0.1145019096E+05
L6 0.3457617791E+05  -.3992552149E+06  0.3692623341E+05  -.5378469868E+06
L7 0.0000000000E+00  0.4765295163E+04  0.1312981543E+05  0.2038857106E+05
L8 0.5857672964E+04  0.5752418383E+05  0.0000000000E+00  0.0000000000E+00
L9 0.0000000000E+00  0.0000000000E+00  0.0000000000E+00  0.1043635893E+01  0.0000000000E+00
L0    61000  0.2320000000E+03  -.3151703611E+06  0.8427101409E+05
L1 0.3000285742E+03  0.3000285742E+03  -.3994413752E+12  0.1000000000E+01
L2 0.1000000000E+01  0.1201704918E+03  0.1201704918E+03  0.1201704918E+03
L3 0.1335903717E+07  -.4666682265E+02  0.1636175153E+02  -.2382673698E+03
L4 -.8952414698E+02  0.1094392262E+05  0.1101781984E+05  0.1095294057E+05
L5 0.3291468302E+05  0.1139260598E+05  0.1086050795E+05  0.1324378875E+05
L6 0.3549690269E+05  -.3994413752E+06  0.3731670703E+05  -.5384050393E+06
L7 0.0000000000E+00  0.4868404514E+04  0.1302900710E+05  0.2054736625E+05
L8 0.5756826953E+04  0.5744535226E+05  0.0000000000E+00  0.0000000000E+00
L9 0.0000000000E+00  0.0000000000E+00  0.0000000000E+00  0.1043573742E+01  0.0000000000E+00
L0    62000  0.2340000000E+03  -.3156250273E+06  0.8431577862E+05
L1 0.3001879485E+03  0.3001879485E+03  -.3999408059E+12  0.1000000000E+01
L2 0.1000000000E+01  0.1201101778E+03  0.1201101778E+03  0.1201101778E+03
L3 0.1333885945E+07  -.1637884562E+03  0.3178922135E+03  -.2387037238E+03
L4 -.2819998886E+02  0.1106003503E+05  0.1108174756E+05  0.1114350032E+05
L5 0.3328528291E+05  0.1263241885E+05  0.8029953903E+04  0.1343507740E+05
L6 0.3409745015E+05  -.3999408059E+06  0.3770630219E+05  -.5391460556E+06
L7 0.0000000000E+00  0.4868658154E+04  0.1292008336E+05  0.2037459986E+05
L8 0.5800036174E+04  0.5753556997E+05  0.0000000000E+00  0.0000000000E+00
L9 0.0000000000E+00  0.0000000000E+00  0.0000000000E+00  0.1045152358E+01  0.0000000000E+00
L0    63000  0.2360000000E+03  -.3153403909E+06  0.8463586957E+05
L1 0.3013275625E+03  0.3013275625E+03  -.3999762604E+12  0.1000000000E+01
L2 0.1000000000E+01  0.1201764153E+03  0.1201764153E+03  0.1201764153E+03
L3 0.1336086142E+07  -.1507967341E+03  0.4573062383E+02  0.2174388364E+03
L4 0.3745757535E+02  0.1102409153E+05  0.1112671785E+05  0.1103878029E+05
L5 0.3318958967E+05  0.1247414152E+05  0.1068697563E+05  0.8947904879E+04
L6 0.3210902203E+05  -.3999762604E+06  0.3804016455E+05  -.5394888347E+06
L7 0.0000000000E+00  0.4720379488E+04  0.1304210380E+05  0.2041368378E+05
L8 0.5734202180E+04  0.5756204051E+05  0.0000000000E+00  0.0000000000E+00
L9 0.0000000000E+00  0.0000000000E+00  0.0000000000E+00  0.1043431256E+01  0.0000000000E+00
L0    64000  0.2380000000E+03  -.3159292193E+06  0.8407918183E+05
L1 0.2993455972E+03  0.2993455972E+03  -.4000084012E+12  0.1000000000E+01
L2 0.1000000000E+01  0.1201936719E+03  0.1201936719E+03  0.1201936719E+03
L3 0.1336663117E+07  -.7326049651E+02  0.1391215612E+03  0.1307126298E+02
L4 0.2631077589E+02  0.1092033558E+05  0.1112398556E+05  0.1104065530E+05
L5 0.3308497644E+05  0.1162510720E+05  0.9785625438E+04  0.1091490874E+05
L6 0.3232564137E+05  -.4000084012E+06  0.3779819986E+05  -.5391461376E+06
L7 0.0000000000E+00  0.4631507632E+04  0.1294730368E+05  0.2034355708E+05
L8 0.5842690108E+04  0.5757447809E+05  0.0000000000E+00  0.0000000000E+00
L9 0.0000000000E+00  0.0000000000E+00  0.0000000000E+00  0.1042980856E+01  0.0000000000E+00
L0    65000  0.2400000000E+03  -.3154666402E+06  0.8398982772E+05
L1 0.2990274714E+03  0.2990274714E+03  -.3994564679E+12  0.1000000000E+01
L2 0.1000000000E+01  0.1201959472E+03  0.1201959472E+03  0.1201959472E+03
L3 0.1336734764E+07  0.1489176834E+03  -.2050348852E+03  0.2423067975E+03
L4 0.6206319857E+02  0.1108462304E+05  0.1097799791E+05  0.1104098194E+05
L5 0.3310360289E+05  0.9651946680E+04  0.1295055501E+05  0.8709846964E+04
L6 0.3131234865E+05  -.3994564679E+06  0.3750205385E+05  -.5384904410E+06
L7 0.0000000000E+00  0.4773811902E+04  0.1304881326E+05  0.2039042279E+05
L8 0.5777465296E+04  0.5754140601E+05  0.0000000000E+00  0.0000000000E+00
L9 0.0000000000E+00  0.0000000000E+00  0.0000000000E+00  0.1042924953E+01  0.0000000000E+00
L0    66000  0.2420000000E+03  -.3156502050E+06  0.8436723375E+05
L1 0.3003711433E+03  0.3003711433E+03  -.4000174387E+12  0.1000000000E+01
L2 0.1000000000E+01  0.1201674652E+03  0.1201674652E+03  0.1201674652E+03
L3 0.1335793757E+07  0.5363407848E+02  0.1827309837E+03  -.2777006290E+03
L4 -.1377852226E+02  0.1088257175E+05  0.1109818790E+05  0.1111416924E+05
L5 0.3309492889E+05  0.1036694337E+05  0.9341445106E+04  0.1378393312E+05
L6 0.3349232160E+05  -.4000174387E+06  0.3742141563E+05  -.5387666397E+06
L7 0.0000000000E+00  0.4753951160E+04  0.1309221386E+05  0.2036476462E+05
L8 0.5743289702E+04  0.5737356600E+05  0.0000000000E+00  0.0000000000E+00
L9 0.0000000000E+00  0.0000000000E+00  0.0000000000E+00  0.1043659647E+01  0.0000000000E+00
L0    67000  0.2440000000E+03  -.3153007571E+06  0.8438315591E+05
L1 0.3004278307E+03  0.3004278307E+03  -.3996839130E+12  0.1000000000E+01
L2 0.1000000000E+01  0.1201679091E+03  0.1201679091E+03  0.1201679091E+03
L3 0.1335804991E+07  -.3833727977E+02  0.2551873953E+02  0.6128286191E+02
L4 0.1615477389E+02  0.1108021529E+05  0.1096349864E+05  0.1106132496E+05
L5 0.3310503889E+05  0.1144878610E+05  0.1071816401E+05  0.1047215760E+05
L6 0.3263910770E+05  -.3996839130E+06  0.3712719439E+05  -.5382246071E+06
L7 0.0000000000E+00  0.4773237695E+04  0.1297035555E+05  0.2035021671E+05
L8 0.5792362903E+04  0.5752732687E+05  0.0000000000E+00  0.0000000000E+00
L9 0.0000000000E+00  0.0000000000E+00  0.0000000000E+00  0.1043650870E+01  0.0000000000E+00
L0    68000  0.2460000000E+03  -.3150352061E+06  0.8461791906E+05
L1 0.3012636537E+03  0.3012636537E+03  -.3996531252E+12  0.1000000000E+01
L2 0.1000000000E+01  0.1201168698E+03  0.1201168698E+03  0.1201168698E+03
L3 0.1334093889E+07  0.1626327664E+03  0.2865499039E+03  -.1550679704E+03
L4 0.9803823331E+02  0.1113475198E+05  0.1101394133E+05  0.1114142781E+05
L5 0.3329012112E+05  0.9573219488E+04  0.8262607797E+04  0.1263032626E+05
L6 0.3046615354E+05  -.3996531252E+06  0.3696879718E+05  -.5379353144E+06
L7 0.0000000000E+00  0.4762961368E+04  0.1298479561E+05  0.2032442499E+05
L8 0.5771142544E+04  0.5747006753E+05  0.0000000000E+00  0.0000000000E+00
L9 0.0000000000E+00  0.0000000000E+00  0.0000000000E+00  0.1044989451E+01  0.0000000000E+00
L0    69000  0.2480000000E+03  -.3154987260E+06  0.8415090679E+05
L1 0.2996009583E+03  0.2996009583E+03  -.3996496328E+12  0.1000000000E+01
L2 0.1000000000E+01  0.1201869403E+03  0.1201869403E+03  0.1201869403E+03
L3 0.1336436148E+07  0.9121950861E+02  0.7043292112E+02  -.2243519782E+02
L4 0.4640574397E+02  0.1104506356E+05  0.1096460714E+05  0.1102890693E+05
L5 0.3303857763E+05  0.1016767388E+05  0.1028715207E+05  0.1124469861E+05
L6 0.3169952456E+05  -.3996496328E+06  0.3777465585E+05  -.5388871768E+06
L7 0.0000000000E+00  0.4903239629E+04  0.1299817657E+05  0.2029447596E+05
L8 0.5771804524E+04  0.5749519153E+05  0.0000000000E+00  0.0000000000E+00
L9 0.0000000000E+00  0.0000000000E+00  0.0000000000E+00  0.1043157987E+01  0.0000000000E+00
L0    70000  0.2500000000E+03  -.3156588433E+06  0.8441947795E+05
L1 0.3005571474E+03  0.3005571474E+03  -.4000783212E+12  0.1000000000E+01
L2 0.1000000000E+01  0.1201214461E+03  0.1201214461E+03  0.1201214461E+03
L3 0.1334256884E+07  0.7247134413E+02  -.1484426906E+03  0.1051864929E+03
L4 0.9738382123E+01  0.1110485849E+05  0.1101266932E+05  0.1120123945E+05
L5 0.3331876726E+05  0.1040893363E+05  0.1243812871E+05  0.1019115890E+05
L6 0.3303822125E+05  -.4000783212E+06  0.3713993443E+05  -.5387554479E+06
L7 0.0000000000E+00  0.4779053723E+04  0.1298637339E+05  0.2037934259E+05
L8 0.5833372127E+04  0.5755905042E+05  0.0000000000E+00  0.0000000000E+00
L9 0.0000000000E+00  0.0000000000E+00  0.0000000000E+00  0.1044861794E+01  0.0000000000E+00
L0    71000  0.2520000000E+03  -.3150468221E+06  0.8432113393E+05
L1 0.3002070149E+03  0.3002070149E+03  -.3993679561E+12  0.1000000000E+01
L2 0.1000000000E+01  0.1201438237E+03  0.1201438237E+03  0.1201438237E+03
L3 0.1335009768E+07  -.1620675203E+03  -.3895184788E+03  0.4029305292E+03
L4 -.4955182331E+02  0.1104413644E+05  0.1110867084E+05  0.1105722372E+05
L5 0.3321003100E+05  0.1260130996E+05  0.1485123358E+05  0.7185795625E+04
L6 0.3463833916E+05  -.3993679561E+06  0.3713160124E+05  -.5380994029E+06
L7 0.0000000000E+00  0.4778587655E+04  0.1310475862E+05  0.2040810672E+05
L8 0.5754149543E+04  0.5755424304E+05  0.0000000000E+00  0.0000000000E+00
L9 0.0000000000E+00  0.0000000000E+00  0.0000000000E+00  0.1044272540E+01  0.0000000000E+00
L0    72000  0.2540000000E+03  -.3140575377E+06  0.8469441528E+05
L1 0.3015360018E+03  0.3015360018E+03  -.3987519529E+12  0.1000000000E+01
L2 0.1000000000E+01  0.1201348151E+03  0.1201348151E+03  0.1201348151E+03
L3 0.1334718767E+07  -.1081315396E+03  -.1823062897E+02  -.2561985726E+03
L4 -.1275202470E+03  0.1109121885E+05  0.1106409655E+05  0.1114271625E+05
L5 0.3329803165E+05  0.1212993942E+05  0.1123922149E+05  0.1360378107E+05
L6 0.3697294199E+05  -.3987519529E+06  0.3650584580E+05  -.5367434933E+06
L7 0.0000000000E+00  0.4723116277E+04  0.1309350792E+05  0.2034737683E+05
L8 0.5775386397E+04  0.5754630710E+05  0.0000000000E+00  0.0000000000E+00
L9 0.0000000000E+00  0.0000000000E+00  0.0000000000E+00  0.1044500216E+01  0.0000000000E+00
L0    73000  0.2560000000E+03  -.3149781843E+06  0.8432356506E+05
L1 0.3002156704E+03  0.3002156704E+03  -.3993017493E+12  0.1000000000E+01
L2 0.1000000000E+01  0.1201269386E+03  0.1201269386E+03  0.1201269386E+03
L3 0.1334425743E+07  -.1017950909E+03  0.2031938519E+03  0.2850824063E+03
L4 0.1288270557E+03  0.1105222643E+05  0.1105469833E+05  0.1107523999E+05
L5 0.3318216474E+05  0.1202986387E+05  0.9103229784E+04  0.8337315869E+04
L6 0.2947040953E+05  -.3993017493E+06  0.3743167633E+05  -.5382634893E+06
L7 0.0000000000E+00  0.4816741907E+04  0.1295520143E+05  0.2038305725E+05
L8 0.5790253842E+04  0.5758480920E+05  0.0000000000E+00  0.0000000000E+00
L9 0.0000000000E+00  0.0000000000E+00  0.0000000000E+00  0.1044729576E+01  0.0000000000E+00
L0    74000  0.2580000000E+03  -.3153626713E+06  0.8446467112E+05
L1 0.3007180478E+03  0.3007180478E+03  -.3998273424E+12  0.1000000000E+01
L2 0.1000000000E+01  0.1201330859E+03  0.1201330859E+03  0.1201330859E+03
L3 0.1334649298E+07  0.4862892709E+02  0.1351372025E+03  -.2680905329E+03
L4 -.2810813446E+02  0.1108454805E+05  0.1103093670E+05  0.1119306585E+05
L5 0.3330855059E+05  0.1061743884E+05  0.9732865045E+04  0.1376823179E+05
L6 0.3411853567E+05  -.3998273424E+06  0.3734963045E+05  -.5386522399E+06
L7 0.0000000000E+00  0.4804127091E+04  0.1303814136E+05  0.2032112461E+05
L8 0.5767498308E+04  0.5754437572E+05  0.0000000000E+00  0.0000000000E+00
L9 0.0000000000E+00  0.0000000000E+00  0.0000000000E+00  0.1044554583E+01  0.0000000000E+00
L0    75000  0.2600000000E+03  -.3149813971E+06  0.8453629426E+05
L1 0.3009730464E+03  0.3009730464E+03  -.3995176913E+12  0.1000000000E+01
L2 0.1000000000E+01  0.1201375274E+03  0.1201375274E+03  0.1201375274E+03
L3 0.1334779183E+07  0.2301882444E+03  0.5065567834E+02  0.9224830224E+02
L4 0.1243640750E+03  0.1104046726E+05  0.1110870225E+05  0.1110622874E+05
L5 0.3325539825E+05  0.8829159730E+04  0.1062207756E+05  0.1022004375E+05
L6 0.2967128104E+05  -.3995176913E+06  0.3785269282E+05  -.5389670370E+06
L7 0.0000000000E+00  0.4825939178E+04  0.1311579939E+05  0.2029790425E+05
L8 0.5755688498E+04  0.5760132157E+05  0.0000000000E+00  0.0000000000E+00
L9 0.0000000000E+00  0.0000000000E+00  0.0000000000E+00  0.1044452940E+01  0.0000000000E+00
L0    76000  0.2620000000E+03  -.3148754920E+06  0.8439506259E+05
L1 0.3004702218E+03  0.3004702218E+03  -.3992705546E+12  0.1000000000E+01
L2 0.1000000000E+01  0.1201536465E+03  0.1201536465E+03  0.1201536465E+03
L3 0.1335330965E+07  0.7440350388E+02  -.2692313014E+02  -.3810608023E+02
L4 0.3124764504E+01  0.1098850187E+05  0.1116983567E+05  0.1104268576E+05
L5 0.3320102330E+05  0.1027344779E+05  0.1142858013E+05  0.1140890384E+05
L6 0.3311093175E+05  -.3992705546E+06  0.3703291509E+05  -.5376459882E+06
L7 0.0000000000E+00  0.4851125633E+04  0.1292544084E+05  0.2030436331E+05
L8 0.5745476643E+04  0.5751611207E+05  0.0000000000E+00  0.0000000000E+00
L9 0.0000000000E+00  0.0000000000E+00  0.0000000000E+00  0.1044021353E+01  0.0000000000E+00
L0    77000  0.2640000000E+03  -.3153335873E+06  0.8424979878E+05
L1 0.2999530417E+03  0.2999530417E+03  -.3995833861E+12  0.1000000000E+01
L2 0.1000000000E+01  0.1201701543E+03  0.1201701543E+03  0.1201701543E+03
L3 0.1335868945E+07  0.1666790986E+03  -.2904859079E+02  0.1858122716E+03
L4 0.1078142598E+03  0.1107532953E+05  0.1101850618E+05  0.1100459001E+05
L5 0.3309842573E+05  0.9472816473E+04  0.1129778983E+05  0.9218123718E+04
L6 0.2998873002E+05  -.3995833861E+06  0.3725145702E+05  -.5383813714E+06
L7 0.0000000000E+00  0.4839710060E+04  0.1285509492E+05  0.2046100682E+05
L8 0.5783561198E+04  0.5760715531E+05  0.0000000000E+00  0.0000000000E+00
L9 0.0000000000E+00  0.0000000000E+00  0.0000000000E+00  0.1043600906E+01  0.0000000000E+00
L0    78000  0.2660000000E+03  -.3149884185E+06  0.8463718907E+05
L1 0.3013322603E+03  0.3013322603E+03  -.3996256075E+12  0.1000000000E+01
L2 0.1000000000E+01  0.1201401241E+03  0.1201401241E+03  0.1201401241E+03
L3 0.1334888310E+07  -.1682777909E+03  -.1338919344E+03  0.1064509266E+03
L4 -.6523959956E+02  0.1096510027E+05  0.1110165205E+05  0.1124816240E+05
L5 0.3331491472E+05  0.1258179607E+05  0.1238799250E+05  0.1022545604E+05
L6 0.3519524461E+05  -.3996256075E+06  0.3723032331E+05  -.5382839562E+06
L7 0.0000000000E+00  0.4849214979E+04  0.1307182009E+05  0.2031211201E+05
L8 0.5754449831E+04  0.5744042840E+05  0.0000000000E+00  0.0000000000E+00
L9 0.0000000000E+00  0.0000000000E+00  0.0000000000E+00  0.1044367555E+01  0.0000000000E+00
L0    79000  0.2680000000E+03  -.3154307351E+06  0.8437476259E+05
L1 0.3003979481E+03  0.3003979481E+03  -.3998054977E+12  0.1000000000E+01
L2 0.1000000000E+01  0.1201418494E+03  0.1201418494E+03  0.1201418494E+03
L3 0.1334931575E+07  0.8975829407E+02  0.2379444454E+03  -.1644643424E+03
L4 0.5441279900E+02  0.1097374766E+05  0.1100490167E+05  0.1105704593E+05
L5 0.3303569527E+05  0.1011138454E+05  0.8718823082E+04  0.1263715599E+05
L6 0.3146736362E+05  -.3998054977E+06  0.3751034653E+05  -.5386960270E+06
L7 0.0000000000E+00  0.4772562833E+04  0.1295074693E+05  0.2042746188E+05
L8 0.5758175116E+04  0.5747123605E+05  0.0000000000E+00  0.0000000000E+00
L9 0.0000000000E+00  0.0000000000E+00  0.0000000000E+00  0.1044333707E+01  0.0000000000E+00
L0    80000  0.2700000000E+03  -.3153619202E+06  0.8438491460E+05
L1 0.3004340921E+03  0.3004340921E+03  -.3997468348E+12  0.1000000000E+01
L2 0.1000000000E+01  0.1201580785E+03  0.1201580785E+03  0.1201580785E+03
L3 0.1335469007E+07  0.1303083373E+03  -.2407339493E+02  0.1481269020E+03
L4 0.8478728146E+02  0.1114620838E+05  0.1098397630E+05  0.1096536077E+05
L5 0.3309554545E+05  0.9893752037E+04  0.1121535732E+05  0.9541641597E+04
L6 0.3065075096E+05  -.3997468348E+06  0.3757232395E+05  -.5385273155E+06
L7 0.0000000000E+00  0.4771365724E+04  0.1301272272E+05  0.2029749948E+05
L8 0.5728284064E+04  0.5739828481E+05  0.0000000000E+00  0.0000000000E+00
L9 0.0000000000E+00  0.0000000000E+00  0.0000000000E+00  0.1043913437E+01  0.0000000000E+00
L0    81000  0.2720000000E+03  -.3152506850E+06  0.8421956160E+05
L1 0.2998453888E+03  0.2998453888E+03  -.3994702466E+12  0.1000000000E+01
L2 0.1000000000E+01  0.1201584968E+03  0.1201584968E+03  0.1201584968E+03
L3 0.1335473694E+07  0.2713843134E+03  0.8638702100E+02  0.1298039655E+03
L4 0.1625251000E+03  0.1096174433E+05  0.1105450485E+05  0.1106145654E+05
L5 0.3307770572E+05  0.8353329508E+04  0.1022419457E+05  0.9813843578E+04
L6 0.2839136766E+05  -.3994702466E+06  0.3771863209E+05  -.5385639985E+06
L7 0.0000000000E+00  0.4791322474E+04  0.1315777731E+05  0.2031994227E+05
L8 0.5772359983E+04  0.5733371782E+05  0.0000000000E+00  0.0000000000E+00
L9 0.0000000000E+00  0.0000000000E+00  0.0000000000E+00  0.1043909773E+01  0.0000000000E+00
L0    82000  0.2740000000E+03  -.3153780752E+06  0.8432209121E+05
L1 0.3002104231E+03  0.3002104231E+03  -.3997001664E+12  0.1000000000E+01
L2 0.1000000000E+01  0.1201835087E+03  0.1201835087E+03  0.1201835087E+03
L3 0.1336323522E+07  -.5926361134E+02  0.1683671505E+03  -.1629465152E+02
L4 0.3093629587E+02  0.1103695222E+05  0.1113563364E+05  0.1108160648E+05
L5 0.3325419234E+05  0.1160692788E+05  0.9516340206E+04  0.1123832246E+05
L6 0.3236159054E+05  -.3997001664E+06  0.3755492814E+05  -.5387064556E+06
L7 0.0000000000E+00  0.4710016668E+04  0.1318163907E+05  0.2028903394E+05
L8 0.5772967963E+04  0.5749770343E+05  0.0000000000E+00  0.0000000000E+00
L9 0.0000000000E+00  0.0000000000E+00  0.0000000000E+00  0.1043245905E+01  0.0000000000E+00
L0    83000  0.2760000000E+03  -.3150266008E+06  0.8438501383E+05
L1 0.3004344454E+03  0.3004344454E+03  -.3994116146E+12  0.1000000000E+01
L2 0.1000000000E+01  0.1201603254E+03  0.1201603254E+03  0.1201603254E+03
L3 0.1335535645E+07  0.3589802716E+03  -.2124010694E+03  0.3163644535E+03
L4 0.1543145519E+03  0.1097086610E+05  0.1116800757E+05  0.1110412353E+05
L5 0.3324299720E+05  0.7520361225E+04  0.1320959866E+05  0.8063240291E+04
L6 0.2879320018E+05  -.3994116146E+06  0.3706424649E+05  -.5378743468E+06
L7 0.0000000000E+00  0.4778111204E+04  0.1311726826E+05  0.2044582931E+05
L8 0.5769741835E+04  0.5728753506E+05  0.0000000000E+00  0.0000000000E+00
L9 0.0000000000E+00  0.0000000000E+00  0.0000000000E+00  0.1043861350E+01  0.0000000000E+00
L0    84000  0.2780000000E+03  -.3154238563E+06  0.8443319662E+05
L1 0.3006059897E+03  0.3006059897E+03  -.3998570530E+12  0.1000000000E+01
L2 0.1000000000E+01  0.1201651152E+03  0.1201651152E+03  0.1201651152E+03
L3 0.1335704532E+07  0.1467465512E+03  0.1002843345E+03  -.1502281395E+02
L4 0.7733602392E+02  0.1110531764E+05  0.1105757447E+05  0.1105144649E+05
L5 0.3321433861E+05  0.9694616939E+04  0.1009352333E+05  0.1119586348E+05
L6 0.3098400374E+05  -.3998570530E+06  0.3759190420E+05  -.5385558782E+06
L7 0.0000000000E+00  0.4678047470E+04  0.1293055212E+05  0.2035028892E+05
L8 0.5747028834E+04  0.5740100368E+05  0.0000000000E+00  0.0000000000E+00
L9 0.0000000000E+00  0.0000000000E+00  0.0000000000E+00  0.1043729364E+01  0.0000000000E+00
L0    85000  0.2800000000E+03  -.3159403723E+06  0.8438570437E+05
L1 0.3004369039E+03  0.3004369039E+03  -.4003260767E+12  0.1000000000E+01
L2 0.1000000000E+01  0.1201626982E+03  0.1201626982E+03  0.1201626982E+03
L3 0.1335626751E+07  -.6142842504E+02  -.7043981872E+02  0.2929585015E+03
L4 0.5369675257E+02  0.1106469225E+05  0.1104996445E+05  0.1100544490E+05
L5 0.3312010160E+05  0.1165518024E+05  0.1172707553E+05  0.8189346707E+04
L6 0.3157160247E+05  -.4003260767E+06  0.3786584047E+05  -.5394266692E+06
L7 0.0000000000E+00  0.4618024473E+04  0.1303570227E+05  0.2029925631E+05
L8 0.5782993782E+04  0.5749877520E+05  0.0000000000E+00  0.0000000000E+00
L9 0.0000000000E+00  0.0000000000E+00  0.0000000000E+00  0.1043790146E+01  0.0000000000E+00
L0    86000  0.2820000000E+03  -.3154059142E+06  0.8419261183E+05
L1 0.2997494400E+03  0.2997494400E+03  -.3995985261E+12  0.1000000000E+01
L2 0.1000000000E+01  0.1201775600E+03  0.1201775600E+03  0.1201775600E+03
L3 0.1336121296E+07  0.1866828150E+03  -.3351120537E+02  0.3532825758E+02
L4 0.6283328906E+02  0.1110337217E+05  0.1100127646E+05  0.1098216567E+05
L5 0.3308681430E+05  0.9308197101E+04  0.1132352616E+05  0.1064244288E+05
L6 0.3127416614E+05  -.3995985261E+06  0.3724559591E+05  -.5381531524E+06
L7 0.0000000000E+00  0.4678420607E+04  0.1312530539E+05  0.2027120175E+05
L8 0.5743597969E+04  0.5749050473E+05  0.0000000000E+00  0.0000000000E+00
L9 0.0000000000E+00  0.0000000000E+00  0.0000000000E+00  0.1043403803E+01  0.0000000000E+00
L0    87000  0.2840000000E+03  -.3157954316E+06  0.8425101221E+05
L1 0.2999573618E+03  0.2999573618E+03  -.4000464438E+12  0.1000000000E+01
L2 0.1000000000E+01  0.1201760207E+03  0.1201760207E+03  0.1201760207E+03
L3 0.1336078004E+07  -.2867823714E+03  0.2352730028E+03  0.3746255435E+02
L4 -.4682271420E+01  0.1100153124E+05  0.1100080001E+05  0.1096282072E+05
L5 0.3296515196E+05  0.1375919204E+05  0.8738446381E+04  0.1060258582E+05
L6 0.3310022424E+05  -.4000464438E+06  0.3776485254E+05  -.5392540255E+06
L7 0.0000000000E+00  0.4692759694E+04  0.1291795362E+05  0.2043599556E+05
L8 0.5774383169E+04  0.5762163704E+05  0.0000000000E+00  0.0000000000E+00
L9 0.0000000000E+00  0.0000000000E+00  0.0000000000E+00  0.1043437612E+01  0.0000000000E+00
L0    88000  0.2860000000E+03  -.3158295880E+06  0.8418301603E+05
L1 0.2997152762E+03  0.2997152762E+03  -.4000126040E+12  0.1000000000E+01
L2 0.1000000000E+01  0.1201447961E+03  0.1201447961E+03  0.1201447961E+03
L3 0.1335034196E+07  0.2837710589E+03  -.1224890047E+03  -.1087251989E+03
L4 0.1751895176E+02  0.1107162685E+05  0.1107026055E+05  0.1104833226E+05
L5 0.3319021967E+05  0.8345054221E+04  0.1224717820E+05  0.1209300240E+05
L6 0.3268523483E+05  -.4000126040E+06  0.3694842966E+05  -.5384641096E+06
L7 0.0000000000E+00  0.4737101105E+04  0.1301686360E+05  0.2040823827E+05
L8 0.5763447936E+04  0.5757742503E+05  0.0000000000E+00  0.0000000000E+00
L9 0.0000000000E+00  0.0000000000E+00  0.0000000000E+00  0.1044253432E+01  0.0000000000E+00
L0    89000  0.2880000000E+03  -.3153768383E+06  0.8438212873E+05
L1 0.3004241736E+03  0.3004241736E+03  -.3997589671E+12  0.1000000000E+01
L2 0.1000000000E+01  0.1201663328E+03  0.1201663328E+03  0.1201663328E+03
L3 0.1335764475E+07  -.3139514249E+02  -.1386436758E+03  -.8486690419E+02
L4 -.8496857416E+02  0.1101811395E+05  0.1114953172E+05  0.1114251145E+05
L5 0.3331015712E+05  0.1131993458E+05  0.1248239786E+05  0.1195838871E+05
L6 0.3576072115E+05  -.3997589671E+06  0.3690976297E+05  -.5380693973E+06
L7 0.0000000000E+00  0.4776461958E+04  0.1280098451E+05  0.2041151546E+05
L8 0.5842119506E+04  0.5756958581E+05  0.0000000000E+00  0.0000000000E+00
L9 0.0000000000E+00  0.0000000000E+00  0.0000000000E+00  0.1043682526E+01  0.0000000000E+00
L0    90000  0.2900000000E+03  -.3156996511E+06  0.8411782786E+05
L1 0.2994831880E+03  0.2994831880E+03  -.3998174790E+12  0.1000000000E+01
L2 0.1000000000E+01  0.1201199076E+03  0.1201199076E+03  0.1201199076E+03
L3 0.1334202772E+07  0.1519029427E+03  0.1812584137E+03  -.2321360978E+03
L4 0.3367508619E+02  0.1097720644E+05  0.1122521414E+05  0.1092435234E+05
L5 0.3312677291E+05  0.9518578240E+04  0.9484703855E+04  0.1315340895E+05
L6 0.3215669104E+05  -.3998174790E+06  0.3771662612E+05  -.5391177059E+06
L7 0.0000000000E+00  0.4767057252E+04  0.1299284490E+05  0.2040791300E+05
L8 0.5811453690E+04  0.5760433193E+05  0.0000000000E+00  0.0000000000E+00
L9 0.0000000000E+00  0.0000000000E+00  0.0000000000E+00  0.1044904171E+01  0.0000000000E+00
L0    91000  0.2920000000E+03  -.3157131875E+06  0.8387063019E+05
L1 0.2986030946E+03  0.2986030946E+03  -.3995838177E+12  0.1000000000E+01
L2 0.1000000000E+01  0.1201551800E+03  0.1201551800E+03  0.1201551800E+03
L3 0.1335370833E+07  0.6794720064E+02  0.8551379234E+02  0.1395253532E+03
L4 0.9766211539E+02  0.1102265605E+05  0.1106418722E+05  0.1091028666E+05
L5 0.3299712994E+05  0.1036963071E+05  0.1024233330E+05  0.9569339713E+04
L6 0.3018130373E+05  -.3995838177E+06  0.3744986483E+05  -.5385245216E+06
L7 0.0000000000E+00  0.4799126935E+04  0.1295296782E+05  0.2046024616E+05
L8 0.5738933016E+04  0.5753956515E+05  0.0000000000E+00  0.0000000000E+00
L9 0.0000000000E+00  0.0000000000E+00  0.0000000000E+00  0.1043990184E+01  0.0000000000E+00
L0    92000  0.2940000000E+03  -.3151884147E+06  0.8453881172E+05
L1 0.3009820092E+03  0.3009820092E+03  -.3997272264E+12  0.1000000000E+01
L2 0.1000000000E+01  0.1201782046E+03  0.1201782046E+03  0.1201782046E+03
L3 0.1336164019E+07  -.1552946747E+03  0.5188059013E+02  -.2422944723E+03
L4 -.1152361856E+03  0.1106871013E+05  0.1101492301E+05  0.1107391660E+05
L5 0.3315754975E+05  0.1256209902E+05  0.1051601410E+05  0.1340393773E+05
L6 0.3648205086E+05  -.3997272264E+06  0.3715134539E+05  -.5383764207E+06
L7 0.0000000000E+00  0.4685005814E+04  0.1309115115E+05  0.2031199445E+05
L8 0.5808003068E+04  0.5760169445E+05  0.0000000000E+00  0.0000000000E+00
L9 0.0000000000E+00  0.0000000000E+00  0.0000000000E+00  0.1043370440E+01  0.0000000000E+00
L0    93000  0.2960000000E+03  -.3151501408E+06  0.8465378237E+05
L1 0.3013913372E+03  0.3013913372E+03  -.3998039231E+12  0.1000000000E+01
L2 0.1000000000E+01  0.1201514041E+03  0.1201514041E+03  0.1201514041E+03
L3 0.1335260074E+07  -.2025667337E+03  0.6951974027E+02  0.4492972647E+02
L4 -.2937242233E+02  0.1104307091E+05  0.1115460488E+05  0.1088302586E+05
L5 0.3308070165E+05  0.1298973299E+05  0.1048652163E+05  0.1045125213E+05
L6 0.3392750675E+05  -.3998039231E+06  0.3680651497E+05  -.5381578787E+06
L7 0.0000000000E+00  0.4673332150E+04  0.1299844731E+05  0.2046205036E+05
L8 0.5814862631E+04  0.5759874812E+05  0.0000000000E+00  0.0000000000E+00
L9 0.0000000000E+00  0.0000000000E+00  0.0000000000E+00  0.1044076782E+01  0.0000000000E+00
L0    94000  0.2980000000E+03  -.3156130435E+06  0.8431922362E+05
L1 0.3002002137E+03  0.3002002137E+03  -.3999322671E+12  0.1000000000E+01
L2 0.1000000000E+01  0.1201555262E+03  0.1201555262E+03  0.1201555262E+03
L3 0.1335387284E+07  0.2268006013E+03  -.2615087412E+02  -.3128868583E+02
L4 0.5645368045E+02  0.1094648580E+05  0.1099629630E+05  0.1106223134E+05
L5 0.3300501344E+05  0.8766729116E+04  0.1124762960E+05  0.1136294360E+05
L6 0.3137730231E+05  -.3999322671E+06  0.3798066011E+05  -.5393919795E+06
L7 0.0000000000E+00  0.4883900612E+04  0.1292811922E+05  0.2043158588E+05
L8 0.5734842510E+04  0.5750060399E+05  0.0000000000E+00  0.0000000000E+00
L9 0.0000000000E+00  0.0000000000E+00  0.0000000000E+00  0.1043977322E+01  0.0000000000E+00
L0    95000  0.3000000000E+03  -.3152813271E+06  0.8462930406E+05
L1 0.3013041875E+03  0.3013041875E+03  -.3999106312E+12  0.1000000000E+01
L2 0.1000000000E+01  0.1201493343E+03  0.1201493343E+03  0.1201493343E+03
L3 0.1335197066E+07  -.1929909519E+03  -.1803236317E+03  0.1341147288E+03
L4 -.7973328491E+02  0.1105532313E+05  0.1109835725E+05  0.1106772405E+05
L5 0.3322140443E+05  0.1290987463E+05  0.1283118181E+05  0.9778945124E+04
L6 0.3552000156E+05  -.3999106312E+06  0.3749162107E+05  -.5387578354E+06
L7 0.0000000000E+00  0.4841259475E+04  0.1294234025E+05  0.2038330317E+05
L8 0.5743329223E+04  0.5744535107E+05  0.0000000000E+00  0.0000000000E+00
L9 0.0000000000E+00  0.0000000000E+00  0.0000000000E+00  0.1044126052E+01  0.0000000000E+00
L0    96000  0.3020000000E+03  -.3163083318E+06  0.8406237102E+05
L1 0.2992857460E+03  0.2992857460E+03  -.4003707028E+12  0.1000000000E+01
L2 0.1000000000E+01  0.1200765824E+03  0.1200765824E+03  0.1200765824E+03
L3 0.1332767163E+07  0.4707501008E+01  -.2117850467E+03  0.1177528879E+03
L4 -.2977488593E+02  0.1096584991E+05  0.1094680442E+05  0.1105763012E+05
L5 0.3297028445E+05  0.1092069538E+05  0.1297825451E+05  0.9928140017E+04
L6 0.3382708991E+05  -.4003707028E+06  0.3748887455E+05  -.5391979975E+06
L7 0.0000000000E+00  0.4680308324E+04  0.1294433849E+05  0.2041507392E+05
L8 0.5786015673E+04  0.5751268372E+05  0.0000000000E+00  0.0000000000E+00
L9 0.0000000000E+00  0.0000000000E+00  0.0000000000E+00  0.1046029704E+01  0.0000000000E+00
L0    97000  0.3040000000E+03  -.3153108593E+06  0.8474701412E+05
L1 0.3017232685E+03  0.3017232685E+03  -.4000578735E+12  0.1000000000E+01
L2 0.1000000000E+01  0.1201245057E+03  0.1201245057E+03  0.1201245057E+03
L3 0.1334369456E+07  -.6561471676E+02  -.1627606740E+03  -.9931590927E+01
L4 -.7943566056E+02  0.1115957732E+05  0.1107626794E+05  0.1103131018E+05
L5 0.3326715544E+05  0.1178971280E+05  0.1263935134E+05  0.1112668890E+05
L6 0.3555575304E+05  -.4000578735E+06  0.3714600516E+05  -.5383228239E+06
L7 0.0000000000E+00  0.4721728244E+04  0.1282486127E+05  0.2037062774E+05
L8 0.5750205760E+04  0.5745152222E+05  0.0000000000E+00  0.0000000000E+00
L9 0.0000000000E+00  0.0000000000E+00  0.0000000000E+00  0.1044773646E+01  0.0000000000E+00
L0    98000  0.3060000000E+03  -.3157671636E+06  0.8414203123E+05
L1 0.2995693588E+03  0.2995693588E+03  -.3999091948E+12  0.1000000000E+01
L2 0.1000000000E+01  0.1201223078E+03  0.1201223078E+03  0.1201223078E+03
L3 0.1334283141E+07  0.1644271809E+03  0.1263060406E+02  -.8585077607E+02
L4 0.3040233630E+02  0.1102355037E+05  0.1094640060E+05  0.1103227368E+05
L5 0.3300222465E+05  0.9444564698E+04  0.1082510957E+05  0.1185669422E+05
L6 0.3212636848E+05  -.3999091948E+06  0.3748832632E+05  -.5388801681E+06
L7 0.0000000000E+00  0.4739896312E+04  0.1292232508E+05  0.2040886311E+05
L8 0.5812783774E+04  0.5759877871E+05  0.0000000000E+00  0.0000000000E+00
L9 0.0000000000E+00  0.0000000000E+00  0.0000000000E+00  0.1044841232E+01  0.0000000000E+00
L0    99000  0.3080000000E+03  -.3155900294E+06  0.8422206066E+05
L1 0.2998542861E+03  0.2998542861E+03  -.3998120901E+12  0.1000000000E+01
L2 0.1000000000E+01  0.1201478933E+03  0.1201478933E+03  0.1201478933E+03
L3 0.1335116963E+07  0.7313293394E+02  0.7067345772E+02  0.4246817933E+03
L4 0.1894960617E+03  0.1094475397E+05  0.1096571060E+05  0.1113247335E+05
L5 0.3304293792E+05  0.1024202332E+05  0.1028661294E+05  0.7051727606E+04
L6 0.2758036387E+05  -.3998120901E+06  0.3748445555E+05  -.5385962875E+06
L7 0.0000000000E+00  0.4767148124E+04  0.1293831585E+05  0.2036337462E+05
L8 0.5837951156E+04  0.5739295217E+05  0.0000000000E+00  0.0000000000E+00
L9 0.0000000000E+00  0.0000000000E+00  0.0000000000E+00  0.1044188697E+01  0.0000000000E+00
L0   100000  0.3100000000E+03  -.3153509766E+06  0.8434972858E+05
L1 0.3003088199E+03  0.3003088199E+03  -.3997007052E+12  0.1000000000E+01
L2 0.1000000000E+01  0.1201402126E+03  0.1201402126E+03  0.1201402126E+03
L3 0.1334905339E+07  0.1184847275E+03  -.1210801500E+03  -.5478144439E+03
L4 -.1834699555E+03  0.1110359755E+05  0.1107763179E+05  0.1112057199E+05
L5 0.3330180133E+05  0.9965264295E+04  0.1224090037E+05  0.1638365875E+05
L6 0.3858982341E+05  -.3997007052E+06  0.3697556629E+05  -.5380647391E+06
L7 0.0000000000E+00  0.4752615852E+04  0.1308948081E+05  0.2039284692E+05
L8 0.5720618282E+04  0.5743290584E+05  0.0000000000E+00  0.0000000000E+00
L9 0.0000000000E+00  0.0000000000E+00  0.0000000000E+00  0.1044354233E+01  0.0000000000E+00
