L0  Nsteps           time(ps)         Etot             EKinetic        
L1  Temp             T_solute         T_solv           Pres_scal_solu  
L2  Pres_scal_solv   BoxX             BoxY             BoxZ            
L3  volume           pres_X           pres_Y           pres_Z          
L4  Pressure         EKCoM_x          EKCoM_y          EKCoM_z         
L5  EKComTot         VIRIAL_x         VIRIAL_y         VIRIAL_z        
L6  VIRIAL_tot       E_pot            E_vdw            E_el            
L7  E_hbon           E_bon            E_angle          E_dih           
L8  E_14vdw          E_14el           E_const          E_pol           
L9  AV_permMoment    AV_indMoment     AV_totMoment     Density          dV/dlambda      
L0     1000  0.1120000000E+03  -.3138637235E+06  0.8485243331E+05
L1 0.3020985905E+03  0.3020985905E+03  -.3987161568E+12  0.1000000000E+01
L2 0.1000000000E+01  0.1203021049E+03  0.1203021049E+03  0.1203021049E+03
L3 0.1340296754E+07  -.9026627631E+02  -.2147511307E+03  0.6394974589E+02
L4 -.8035588705E+02  0.1120312275E+05  0.1121471888E+05  0.1112001856E+05
L5 0.3353786018E+05  0.1207385187E+05  0.1328625736E+05  0.1050314469E+05
L6 0.3586325393E+05  -.3987161568E+06  0.3716155580E+05  -.5374377624E+06
L7 0.0000000000E+00  0.4782324094E+04  0.1302548149E+05  0.2043505343E+05
L8 0.5807273663E+04  0.5750991715E+05  0.0000000000E+00  0.0000000000E+00
L9 0.0000000000E+00  0.0000000000E+00  0.0000000000E+00  0.1040153263E+01  0.0000000000E+00
L0     2000  0.1140000000E+03  -.3146200660E+06  0.8440392458E+05
L1 0.3005017730E+03  0.3005017730E+03  -.3990239906E+12  0.1000000000E+01
L2 0.1000000000E+01  0.1202641107E+03  0.1202641107E+03  0.1202641107E+03
L3 0.1339017418E+07  -.6662478721E+02  -.8093874307E+02  0.1538090341E+03
L4 0.2081834599E+01  0.1110067336E+05  0.1111585516E+05  0.1095440022E+05
L5 0.3317092874E+05  0.1174273783E+05  0.1189586353E+05  0.9472139330E+04
L6 0.3311074069E+05  -.3990239906E+06  0.3713096511E+05  -.5377296108E+06
L7 0.0000000000E+00  0.4809386481E+04  0.1302158262E+05  0.2045500391E+05
L8 0.5750520781E+04  0.5753816141E+05  0.0000000000E+00  0.0000000000E+00
L9 0.0000000000E+00  0.0000000000E+00  0.0000000000E+00  0.1041147055E+01  0.0000000000E+00
L0     3000  0.1160000000E+03  -.3152877042E+06  0.8427239052E+05
L1 0.3000334747E+03  0.3000334747E+03  -.3995600948E+12  0.1000000000E+01
L2 0.1000000000E+01  0.1202663731E+03  0.1202663731E+03  0.1202663731E+03
L3 0.1339093255E+07  0.1002153335E+03  -.1792649966E+03  0.7853944845E+02
L4 -.1700715537E+00  0.1092074782E+05  0.1109197167E+05  0.1111904476E+05
L5 0.3313176424E+05  0.9954915842E+04  0.1281965005E+05  0.1036211557E+05
L6 0.3313668147E+05  -.3995600948E+06  0.3747559913E+05  -.5383945310E+06
L7 0.0000000000E+00  0.4765217877E+04  0.1310825699E+05  0.2034545750E+05
L8 0.5765613407E+04  0.5737429138E+05  0.0000000000E+00  0.0000000000E+00
L9 0.0000000000E+00  0.0000000000E+00  0.0000000000E+00  0.1041088091E+01  0.0000000000E+00
L0     4000  0.1180000000E+03  -.3151887088E+06  0.8396786089E+05
L1 0.2989492633E+03  0.2989492633E+03  -.3991565696E+12  0.1000000000E+01
L2 0.1000000000E+01  0.1202377685E+03  0.1202377685E+03  0.1202377685E+03
L3 0.1338150895E+07  -.1763979080E+03  -.6152059739E+01  -.1420962207E+03
L4 -.1082153961E+03  0.1096553714E+05  0.1101861783E+05  0.1102529354E+05
L5 0.3300944850E+05  0.1266438739E+05  0.1107786699E+05  0.1239379163E+05
L6 0.3613604601E+05  -.3991565696E+06  0.3735922856E+05  -.5381783357E+06
L7 0.0000000000E+00  0.4804337677E+04  0.1307434131E+05  0.2045936997E+05
L8 0.5801626611E+04  0.5752286193E+05  0.0000000000E+00  0.0000000000E+00
L9 0.0000000000E+00  0.0000000000E+00  0.0000000000E+00  0.1041821252E+01  0.0000000000E+00
L0     5000  0.1200000000E+03  -.3150127164E+06  0.8419504329E+05
L1 0.2997580967E+03  0.2997580967E+03  -.3992077597E+12  0.1000000000E+01
L2 0.1000000000E+01  0.1202675361E+03  0.1202675361E+03  0.1202675361E+03
L3 0.1339136573E+07  -.2314087995E+03  -.1039309037E+03  0.2226332691E+03
L4 -.3756881136E+02  0.1094069972E+05  0.1104714159E+05  0.1091501020E+05
L5 0.3290285151E+05  0.1317098964E+05  0.1204881502E+05  0.8769297778E+04
L6 0.3398910244E+05  -.3992077597E+06  0.3709439448E+05  -.5377405137E+06
L7 0.0000000000E+00  0.4762633957E+04  0.1294739221E+05  0.2035223324E+05
L8 0.5762055505E+04  0.5761404462E+05  0.0000000000E+00  0.0000000000E+00
L9 0.0000000000E+00  0.0000000000E+00  0.0000000000E+00  0.1041054415E+01  0.0000000000E+00
L0     6000  0.1220000000E+03  -.3145319935E+06  0.8440933184E+05
L1 0.3005210244E+03  0.3005210244E+03  -.3989413254E+12  0.1000000000E+01
L2 0.1000000000E+01  0.1202339994E+03  0.1202339994E+03  0.1202339994E+03
L3 0.1338033577E+07  -.8500745533E+02  -.2015803193E+03  -.2521410169E+03
L4 -.1795762639E+03  0.1113387843E+05  0.1101260412E+05  0.1096897546E+05
L5 0.3311545801E+05  0.1195249515E+05  0.1295381054E+05  0.1339707838E+05
L6 0.3830338407E+05  -.3989413254E+06  0.3698842903E+05  -.5374793116E+06
L7 0.0000000000E+00  0.4751411270E+04  0.1321228592E+05  0.2039361868E+05
L8 0.5773625152E+04  0.5741861616E+05  0.0000000000E+00  0.0000000000E+00
L9 0.0000000000E+00  0.0000000000E+00  0.0000000000E+00  0.1041912599E+01  0.0000000000E+00
L0     7000  0.1240000000E+03  -.3143567596E+06  0.8407936132E+05
L1 0.2993462362E+03  0.2993462362E+03  -.3984361210E+12  0.1000000000E+01
L2 0.1000000000E+01  0.1202525259E+03  0.1202525259E+03  0.1202525259E+03
L3 0.1338617516E+07  0.2068726037E+03  0.6027010113E+02  0.6529202116E+02
L4 0.1108115753E+03  0.1099981129E+05  0.1105059596E+05  0.1104006729E+05
L5 0.3309047454E+05  0.9006771063E+04  0.1046994519E+05  0.1041103463E+05
L6 0.2988775088E+05  -.3984361210E+06  0.3747905720E+05  -.5375463875E+06
L7 0.0000000000E+00  0.4728767094E+04  0.1307509050E+05  0.2048673933E+05
L8 0.5828035217E+04  0.5751257722E+05  0.0000000000E+00  0.0000000000E+00
L9 0.0000000000E+00  0.0000000000E+00  0.0000000000E+00  0.1041458089E+01  0.0000000000E+00
L0     8000  0.1260000000E+03  -.3149773349E+06  0.8411624155E+05
L1 0.2994775403E+03  0.2994775403E+03  -.3990935765E+12  0.1000000000E+01
L2 0.1000000000E+01  0.1202769992E+03  0.1202769992E+03  0.1202769992E+03
L3 0.1339462843E+07  -.1656340933E+03  -.5468736500E+02  -.1470494900E+03
L4 -.1224569827E+03  0.1106644330E+05  0.1099867795E+05  0.1113059315E+05
L5 0.3319571440E+05  0.1266319352E+05  0.1152587655E+05  0.1254818358E+05
L6 0.3673725365E+05  -.3990935765E+06  0.3745928983E+05  -.5380574360E+06
L7 0.0000000000E+00  0.4727701032E+04  0.1296523976E+05  0.2046100288E+05
L8 0.5833266567E+04  0.5751735943E+05  0.0000000000E+00  0.0000000000E+00
L9 0.0000000000E+00  0.0000000000E+00  0.0000000000E+00  0.1040800831E+01  0.0000000000E+00
L0     9000  0.1280000000E+03  -.3151560708E+06  0.8433712153E+05
L1 0.3002639353E+03  0.3002639353E+03  -.3994931923E+12  0.1000000000E+01
L2 0.1000000000E+01  0.1202277011E+03  0.1202277011E+03  0.1202277011E+03
L3 0.1337791500E+07  0.6368810456E+02  0.1448834777E+03  0.5247048858E+02
L4 0.8701402360E+02  0.1109042233E+05  0.1108705525E+05  0.1110640976E+05
L5 0.3328388734E+05  0.1047722065E+05  0.9692088441E+04  0.1060121351E+05
L6 0.3077052260E+05  -.3994931923E+06  0.3771032137E+05  -.5387977269E+06
L7 0.0000000000E+00  0.4835581216E+04  0.1304887912E+05  0.2031502101E+05
L8 0.5819966042E+04  0.5757476586E+05  0.0000000000E+00  0.0000000000E+00
L9 0.0000000000E+00  0.0000000000E+00  0.0000000000E+00  0.1042101135E+01  0.0000000000E+00
L0    10000  0.1300000000E+03  -.3152189117E+06  0.8430450380E+05
L1 0.3001478070E+03  0.3001478070E+03  -.3995234155E+12  0.1000000000E+01
L2 0.1000000000E+01  0.1202044454E+03  0.1202044454E+03  0.1202044454E+03
L3 0.1337013412E+07  0.3784526280E+03  0.7347191647E+02  -.1423582709E+03
L4 0.1031887579E+03  0.1091804372E+05  0.1097892081E+05  0.1105838215E+05
L5 0.3295534668E+05  0.7276346209E+04  0.1027193009E+05  0.1242823857E+05
L6 0.2997651487E+05  -.3995234155E+06  0.3745183481E+05  -.5383787660E+06
L7 0.0000000000E+00  0.4695727996E+04  0.1296477841E+05  0.2037767410E+05
L8 0.5784505219E+04  0.5758082998E+05  0.0000000000E+00  0.0000000000E+00
L9 0.0000000000E+00  0.0000000000E+00  0.0000000000E+00  0.1042707596E+01  0.0000000000E+00
L0    11000  0.1320000000E+03  -.3149236909E+06  0.8433212795E+05
L1 0.3002461567E+03  0.3002461567E+03  -.3992558188E+12  0.1000000000E+01
L2 0.1000000000E+01  0.1202167325E+03  0.1202167325E+03  0.1202167325E+03
L3 0.1337427677E+07  0.1980417390E+03  0.2863302141E+03  -.2809740221E+03
L4 0.6779931034E+02  0.1103060269E+05  0.1111321208E+05  0.1108092291E+05
L5 0.3322473768E+05  0.9124336183E+04  0.8357117833E+04  0.1378546070E+05
L6 0.3126691472E+05  -.3992558188E+06  0.3773830883E+05  -.5384908561E+06
L7 0.0000000000E+00  0.4737411448E+04  0.1310594624E+05  0.2034916395E+05
L8 0.5778924381E+04  0.5752528241E+05  0.0000000000E+00  0.0000000000E+00
L9 0.0000000000E+00  0.0000000000E+00  0.0000000000E+00  0.1042384620E+01  0.0000000000E+00
L0    12000  0.1340000000E+03  -.3147799221E+06  0.8423675796E+05
L1 0.2999066127E+03  0.2999066127E+03  -.3990166800E+12  0.1000000000E+01
L2 0.1000000000E+01  0.1202266901E+03  0.1202266901E+03  0.1202266901E+03
L3 0.1337773309E+07  -.2704131039E+02  0.5313236730E+00  -.1036093615E+03
L4 -.4337311606E+02  0.1094080762E+05  0.1110043201E+05  0.1100005632E+05
L5 0.3304129596E+05  0.1120116317E+05  0.1109531639E+05  0.1199761420E+05
L6 0.3429409377E+05  -.3990166800E+06  0.3726158699E+05  -.5377889750E+06
L7 0.0000000000E+00  0.4836551299E+04  0.1297930567E+05  0.2042536659E+05
L8 0.5775172924E+04  0.5749431154E+05  0.0000000000E+00  0.0000000000E+00
L9 0.0000000000E+00  0.0000000000E+00  0.0000000000E+00  0.1042115306E+01  0.0000000000E+00
L0    13000  0.1360000000E+03  -.3149957517E+06  0.8409675271E+05
L1 0.2994081545E+03  0.2994081545E+03  -.3990925045E+12  0.1000000000E+01
L2 0.1000000000E+01  0.1202346487E+03  0.1202346487E+03  0.1202346487E+03
L3 0.1338028900E+07  0.1695708256E+03  -.9452517188E+02  0.4862283253E+02
L4 0.4122282874E+02  0.1091722525E+05  0.1106768966E+05  0.1097025578E+05
L5 0.3295517070E+05  0.9284274042E+04  0.1197795824E+05  0.1050202245E+05
L6 0.3176425473E+05  -.3990925045E+06  0.3752648830E+05  -.5382997941E+06
L7 0.0000000000E+00  0.4877555309E+04  0.1321201313E+05  0.2035754921E+05
L8 0.5775088472E+04  0.5745859519E+05  0.0000000000E+00  0.0000000000E+00
L9 0.0000000000E+00  0.0000000000E+00  0.0000000000E+00  0.1041916241E+01  0.0000000000E+00
L0    14000  0.1380000000E+03  -.3155811314E+06  0.8425697801E+05
L1 0.2999786018E+03  0.2999786018E+03  -.3998381094E+12  0.1000000000E+01
L2 0.1000000000E+01  0.1202237564E+03  0.1202237564E+03  0.1202237564E+03
L3 0.1337669950E+07  0.6963292058E+02  -.5169330002E+02  -.1147293433E+02
L4 0.2155562077E+01  0.1099464120E+05  0.1096425192E+05  0.1109747996E+05
L5 0.3305637309E+05  0.1032426257E+05  0.1146192003E+05  0.1120793361E+05
L6 0.3299411621E+05  -.3998381094E+06  0.3758953891E+05  -.5389147543E+06
L7 0.0000000000E+00  0.4764588030E+04  0.1292497150E+05  0.2043945394E+05
L8 0.5798455001E+04  0.5755963749E+05  0.0000000000E+00  0.0000000000E+00
L9 0.0000000000E+00  0.0000000000E+00  0.0000000000E+00  0.1042195828E+01  0.0000000000E+00
L0    15000  0.1400000000E+03  -.3146745087E+06  0.8439151294E+05
L1 0.3004575841E+03  0.3004575841E+03  -.3990660216E+12  0.1000000000E+01
L2 0.1000000000E+01  0.1202075846E+03  0.1202075846E+03  0.1202075846E+03
L3 0.1337110756E+07  0.2178765935E+03  0.1179551751E+03  0.1600999951E+03
L4 0.1653105879E+03  0.1110584425E+05  0.1095108176E+05  0.1106291458E+05
L5 0.3311984060E+05  0.9009152730E+04  0.9815963889E+04  0.9522224522E+04
L6 0.2834734114E+05  -.3990660216E+06  0.3810311856E+05  -.5387307250E+06
L7 0.0000000000E+00  0.4797723716E+04  0.1313740565E+05  0.2036797733E+05
L8 0.5743947253E+04  0.5751453090E+05  0.0000000000E+00  0.0000000000E+00
L9 0.0000000000E+00  0.0000000000E+00  0.0000000000E+00  0.1042631685E+01  0.0000000000E+00
L0    16000  0.1420000000E+03  -.3151655304E+06  0.8399574181E+05
L1 0.2990485272E+03  0.2990485272E+03  -.3991612723E+12  0.1000000000E+01
L2 0.1000000000E+01  0.1202342578E+03  0.1202342578E+03  0.1202342578E+03
L3 0.1338013787E+07  -.1000754464E+03  0.9206861318E+02  0.1834713842E+03
L4 0.5848818366E+02  0.1107895170E+05  0.1086067981E+05  0.1097011196E+05
L5 0.3290974347E+05  0.1204265802E+05  0.9974077677E+04  0.9203319627E+04
L6 0.3122005532E+05  -.3991612723E+06  0.3726859956E+05  -.5379890291E+06
L7 0.0000000000E+00  0.4770571639E+04  0.1314071051E+05  0.2036453646E+05
L8 0.5754831609E+04  0.5752850707E+05  0.0000000000E+00  0.0000000000E+00
L9 0.0000000000E+00  0.0000000000E+00  0.0000000000E+00  0.1041928009E+01  0.0000000000E+00
L0    17000  0.1440000000E+03  -.3155592158E+06  0.8401742533E+05
L1 0.2991257267E+03  0.2991257267E+03  -.3995766411E+12  0.1000000000E+01
L2 0.1000000000E+01  0.1201908404E+03  0.1201908404E+03  0.1201908404E+03
L3 0.1336575961E+07  0.2191017195E+03  -.2974847661E+03  -.2664041280E+02
L4 -.3500781981E+02  0.1085233299E+05  0.1100387749E+05  0.1100377404E+05
L5 0.3285998452E+05  0.8744695027E+04  0.1386551722E+05  0.1126004015E+05
L6 0.3387025240E+05  -.3995766411E+06  0.3719618957E+05  -.5384171347E+06
L7 0.0000000000E+00  0.4860110897E+04  0.1292180919E+05  0.2038529702E+05
L8 0.5756341077E+04  0.5772074579E+05  0.0000000000E+00  0.0000000000E+00
L9 0.0000000000E+00  0.0000000000E+00  0.0000000000E+00  0.1043048866E+01  0.0000000000E+00
L0    18000  0.1460000000E+03  -.3153535784E+06  0.8408126187E+05
L1 0.2993530027E+03  0.2993530027E+03  -.3994348403E+12  0.1000000000E+01
L2 0.1000000000E+01  0.1201763883E+03  0.1201763883E+03  0.1201763883E+03
L3 0.1336077457E+07  0.1071600959E+03  0.2393928010E+03  -.3819805482E+02
L4 0.1027849474E+03  0.1099233603E+05  0.1108705187E+05  0.1088536635E+05
L5 0.3296475425E+05  0.9961899345E+04  0.8785083764E+04  0.1125267357E+05
L6 0.2999965668E+05  -.3994348403E+06  0.3714546933E+05  -.5381520835E+06
L7 0.0000000000E+00  0.4739757548E+04  0.1309858040E+05  0.2043764468E+05
L8 0.5712464806E+04  0.5758332641E+05  0.0000000000E+00  0.0000000000E+00
L9 0.0000000000E+00  0.0000000000E+00  0.0000000000E+00  0.1043438039E+01  0.0000000000E+00
L0    19000  0.1480000000E+03  -.3151688089E+06  0.8433306068E+05
L1 0.3002494775E+03  0.3002494775E+03  -.3995018696E+12  0.1000000000E+01
L2 0.1000000000E+01  0.1202068037E+03  0.1202068037E+03  0.1202068037E+03
L3 0.1337091848E+07  0.1157370057E+03  0.6672709832E+02  0.1336642122E+03
L4 0.1053761054E+03  0.1112956417E+05  0.1098705170E+05  0.1098434491E+05
L5 0.3310096078E+05  0.1001580815E+05  0.1034492598E+05  0.9698072476E+04
L6 0.3005880661E+05  -.3995018696E+06  0.3768980282E+05  -.5386518540E+06
L7 0.0000000000E+00  0.4780565318E+04  0.1298462743E+05  0.2040143710E+05
L8 0.5719063569E+04  0.5757448818E+05  0.0000000000E+00  0.0000000000E+00
L9 0.0000000000E+00  0.0000000000E+00  0.0000000000E+00  0.1042646430E+01  0.0000000000E+00
L0    20000  0.1500000000E+03  -.3148916953E+06  0.8432280240E+05
L1 0.3002129551E+03  0.3002129551E+03  -.3992144977E+12  0.1000000000E+01
L2 0.1000000000E+01  0.1201694403E+03  0.1201694403E+03  0.1201694403E+03
L3 0.1335854763E+07  0.3205593161E+02  0.3801753676E+02  0.1096673517E+02
L4 0.2701340118E+02  0.1105530402E+05  0.1094728820E+05  0.1107987788E+05
L5 0.3308247009E+05  0.1074710998E+05  0.1058177775E+05  0.1097444085E+05
L6 0.3230332858E+05  -.3992144977E+06  0.3706494261E+05  -.5376613154E+06
L7 0.0000000000E+00  0.4840101890E+04  0.1291396173E+05  0.2032497357E+05
L8 0.5764498025E+04  0.5753833990E+05  0.0000000000E+00  0.0000000000E+00
L9 0.0000000000E+00  0.0000000000E+00  0.0000000000E+00  0.1043611985E+01  0.0000000000E+00
L0    21000  0.1520000000E+03  -.3152693724E+06  0.8395828079E+05
L1 0.2989151554E+03  0.2989151554E+03  -.3992276532E+12  0.1000000000E+01
L2 0.1000000000E+01  0.1201611736E+03  0.1201611736E+03  0.1201611736E+03
L3 0.1335569326E+07  0.2516010295E+02  0.2763942501E+03  0.2541050211E+02
L4 0.1089882850E+03  0.1083130848E+05  0.1098081023E+05  0.1104846506E+05
L5 0.3286058377E+05  0.1058946441E+05  0.8324052085E+04  0.1080421411E+05
L6 0.2971773061E+05  -.3992276532E+06  0.3810140251E+05  -.5388974271E+06
L7 0.0000000000E+00  0.4757478486E+04  0.1309352591E+05  0.2040814469E+05
L8 0.5793890556E+04  0.5751533175E+05  0.0000000000E+00  0.0000000000E+00
L9 0.0000000000E+00  0.0000000000E+00  0.0000000000E+00  0.1043835025E+01  0.0000000000E+00
L0    22000  0.1540000000E+03  -.3151837964E+06  0.8395357267E+05
L1 0.2988983932E+03  0.2988983932E+03  -.3991373690E+12  0.1000000000E+01
L2 0.1000000000E+01  0.1201920138E+03  0.1201920138E+03  0.1201920138E+03
L3 0.1336611065E+07  0.1423503870E+03  0.2807506361E+03  -.4263869845E+03
L4 -.1095320447E+01  0.1101043583E+05  0.1096191169E+05  0.1097889281E+05
L5 0.3295124034E+05  0.9641067486E+04  0.8261174151E+04  0.1508060867E+05
L6 0.3298285031E+05  -.3991373690E+06  0.3770524943E+05  -.5385861558E+06
L7 0.0000000000E+00  0.4774481584E+04  0.1305127094E+05  0.2037989005E+05
L8 0.5771159829E+04  0.5776673495E+05  0.0000000000E+00  0.0000000000E+00
L9 0.0000000000E+00  0.0000000000E+00  0.0000000000E+00  0.1043021472E+01  0.0000000000E+00
L0    23000  0.1560000000E+03  -.3154040865E+06  0.8411673917E+05
L1 0.2994793119E+03  0.2994793119E+03  -.3995208257E+12  0.1000000000E+01
L2 0.1000000000E+01  0.1201960673E+03  0.1201960673E+03  0.1201960673E+03
L3 0.1336750066E+07  -.3871134901E+02  -.2490704541E+01  -.5676592263E+02
L4 -.3265599206E+02  0.1115781949E+05  0.1092307702E+05  0.1101214372E+05
L5 0.3309304023E+05  0.1153024987E+05  0.1094703935E+05  0.1155827178E+05
L6 0.3403556100E+05  -.3995208257E+06  0.3715470692E+05  -.5384559737E+06
L7 0.0000000000E+00  0.4745112653E+04  0.1299524211E+05  0.2051539424E+05
L8 0.5832237617E+04  0.5769245451E+05  0.0000000000E+00  0.0000000000E+00
L9 0.0000000000E+00  0.0000000000E+00  0.0000000000E+00  0.1042913014E+01  0.0000000000E+00
L0    24000  0.1580000000E+03  -.3153705876E+06  0.8428394238E+05
L1 0.3000746025E+03  0.3000746025E+03  -.3996545299E+12  0.1000000000E+01
L2 0.1000000000E+01  0.1202049551E+03  0.1202049551E+03  0.1202049551E+03
L3 0.1337039348E+07  0.3530155670E+03  -.1786221071E+03  -.8936850007E+02
L4 0.2834165327E+02  0.1112971726E+05  0.1115136698E+05  0.1093539802E+05
L5 0.3321648226E+05  0.7732724467E+04  0.1287020906E+05  0.1179537185E+05
L6 0.3239830538E+05  -.3996545299E+06  0.3723274901E+05  -.5383266068E+06
L7 0.0000000000E+00  0.4721594097E+04  0.1294824302E+05  0.2041693965E+05
L8 0.5796688856E+04  0.5755586223E+05  0.0000000000E+00  0.0000000000E+00
L9 0.0000000000E+00  0.0000000000E+00  0.0000000000E+00  0.1042687370E+01  0.0000000000E+00
L0    25000  0.1600000000E+03  -.3149688378E+06  0.8428324145E+05
L1 0.3000721070E+03  0.3000721070E+03  -.3992520792E+12  0.1000000000E+01
L2 0.1000000000E+01  0.1201980552E+03  0.1201980552E+03  0.1201980552E+03
L3 0.1336812362E+07  -.3456756443E+02  0.1434395487E+03  -.1054381577E+03
L4 0.1144608832E+01  0.1100796773E+05  0.1088242295E+05  0.1115529848E+05
L5 0.3304568916E+05  0.1134054749E+05  0.9502369384E+04  0.1216973492E+05
L6 0.3301265180E+05  -.3992520792E+06  0.3718326197E+05  -.5382219019E+06
L7 0.0000000000E+00  0.4751477681E+04  0.1310784728E+05  0.2045754233E+05
L8 0.5793968124E+04  0.5767572528E+05  0.0000000000E+00  0.0000000000E+00
L9 0.0000000000E+00  0.0000000000E+00  0.0000000000E+00  0.1042864415E+01  0.0000000000E+00
L0    26000  0.1620000000E+03  -.3154990314E+06  0.8418782564E+05
L1 0.2997323998E+03  0.2997323998E+03  -.3996868570E+12  0.1000000000E+01
L2 0.1000000000E+01  0.1201572658E+03  0.1201572658E+03  0.1201572658E+03
L3 0.1335461124E+07  -.4439401709E+02  0.1495382727E+03  -.3346846460E+03
L4 -.7651346347E+02  0.1097205489E+05  0.1104206464E+05  0.1098112219E+05
L5 0.3299524173E+05  0.1139874470E+05  0.9604788591E+04  0.1419791893E+05
L6 0.3520145222E+05  -.3996868570E+06  0.3736175932E+05  -.5386895726E+06
L7 0.0000000000E+00  0.4838005404E+04  0.1302949687E+05  0.2044419040E+05
L8 0.5769285852E+04  0.5755997771E+05  0.0000000000E+00  0.0000000000E+00
L9 0.0000000000E+00  0.0000000000E+00  0.0000000000E+00  0.1043919599E+01  0.0000000000E+00
L0    27000  0.1640000000E+03  -.3158835323E+06  0.8419785233E+05
L1 0.2997680977E+03  0.2997680977E+03  -.4000813846E+12  0.1000000000E+01
L2 0.1000000000E+01  0.1201676408E+03  0.1201676408E+03  0.1201676408E+03
L3 0.1335806251E+07  0.1699506611E+02  -.1228404289E+03  -.1026691585E+03
L4 -.6950484042E+02  0.1102457465E+05  0.1092722009E+05  0.1106761103E+05
L5 0.3301940576E+05  0.1086118561E+05  0.1210819691E+05  0.1205466307E+05
L6 0.3502404560E+05  -.4000813846E+06  0.3711003208E+05  -.5387281244E+06
L7 0.0000000000E+00  0.4773150342E+04  0.1304997682E+05  0.2037718140E+05
L8 0.5747881195E+04  0.5758851794E+05  0.0000000000E+00  0.0000000000E+00
L9 0.0000000000E+00  0.0000000000E+00  0.0000000000E+00  0.1043649886E+01  0.0000000000E+00
L0    28000  0.1660000000E+03  -.3154710457E+06  0.8393629678E+05
L1 0.2988368862E+03  0.2988368862E+03  -.3994073424E+12  0.1000000000E+01
L2 0.1000000000E+01  0.1201800213E+03  0.1201800213E+03  0.1201800213E+03
L3 0.1336200544E+07  0.1023266777E+03  0.2602624358E+03  -.1024184872E+03
L4 0.8672354209E+02  0.1092349808E+05  0.1098731773E+05  0.1103149382E+05
L5 0.3294230963E+05  0.9939448229E+04  0.8484439543E+04  0.1201642658E+05
L6 0.3044031435E+05  -.3994073424E+06  0.3798579519E+05  -.5388287524E+06
L7 0.0000000000E+00  0.4862079464E+04  0.1296602009E+05  0.2031890080E+05
L8 0.5736476372E+04  0.5755213801E+05  0.0000000000E+00  0.0000000000E+00
L9 0.0000000000E+00  0.0000000000E+00  0.0000000000E+00  0.1043341920E+01  0.0000000000E+00
L0    29000  0.1680000000E+03  -.3155885165E+06  0.8419227712E+05
L1 0.2997482484E+03  0.2997482484E+03  -.3997807936E+12  0.1000000000E+01
L2 0.1000000000E+01  0.1201739544E+03  0.1201739544E+03  0.1201739544E+03
L3 0.1336001919E+07  0.6032844496E+02  0.9652244366E+02  0.9508096836E+01
L4 0.5545299515E+02  0.1105788018E+05  0.1121959850E+05  0.1111494911E+05
L5 0.3339242779E+05  0.1047780298E+05  0.1029150448E+05  0.1102352574E+05
L6 0.3179283321E+05  -.3997807936E+06  0.3762595361E+05  -.5390313840E+06
L7 0.0000000000E+00  0.4742751459E+04  0.1311265051E+05  0.2041635592E+05
L8 0.5805440081E+04  0.5754743879E+05  0.0000000000E+00  0.0000000000E+00
L9 0.0000000000E+00  0.0000000000E+00  0.0000000000E+00  0.1043497035E+01  0.0000000000E+00
L0    30000  0.1700000000E+03  -.3161109735E+06  0.8412773839E+05
L1 0.2995184723E+03  0.2995184723E+03  -.4002387119E+12  0.1000000000E+01
L2 0.1000000000E+01  0.1201649341E+03  0.1201649341E+03  0.1201649341E+03
L3 0.1335721416E+07  -.3152233677E+03  -.1528420084E+03  0.1229198898E+03
L4 -.1150484955E+03  0.1100804014E+05  0.1094414063E+05  0.1103903301E+05
L5 0.3299121378E+05  0.1403837676E+05  0.1241345662E+05  0.9857367308E+04
L6 0.3630920069E+05  -.4002387119E+06  0.3746151355E+05  -.5390189834E+06
L7 0.0000000000E+00  0.4802624596E+04  0.1294497909E+05  0.2040975432E+05
L8 0.5760869257E+04  0.5740053068E+05  0.0000000000E+00  0.0000000000E+00
L9 0.0000000000E+00  0.0000000000E+00  0.0000000000E+00  0.1043716171E+01  0.0000000000E+00
L0    31000  0.1720000000E+03  -.3157882296E+06  0.8406209550E+05
L1 0.2992847651E+03  0.2992847651E+03  -.3998503251E+12  0.1000000000E+01
L2 0.1000000000E+01  0.1201461178E+03  0.1201461178E+03  0.1201461178E+03
L3 0.1335094845E+07  -.1945542686E+03  -.2263139087E+03  0.5553011181E+02
L4 -.1217793552E+03  0.1112222576E+05  0.1101975239E+05  0.1099815603E+05
L5 0.3314013418E+05  0.1299165686E+05  0.1319435520E+05  0.1046457885E+05
L6 0.3665059091E+05  -.3998503251E+06  0.3711276805E+05  -.5385447298E+06
L7 0.0000000000E+00  0.4805548156E+04  0.1297849599E+05  0.2040938736E+05
L8 0.5766010092E+04  0.5762219499E+05  0.0000000000E+00  0.0000000000E+00
L9 0.0000000000E+00  0.0000000000E+00  0.0000000000E+00  0.1044205995E+01  0.0000000000E+00
L0    32000  0.1740000000E+03  -.3160464715E+06  0.8372414921E+05
L1 0.2980815810E+03  0.2980815810E+03  -.3997706207E+12  0.1000000000E+01
L2 0.1000000000E+01  0.1201454729E+03  0.1201454729E+03  0.1201454729E+03
L3 0.1335057317E+07  -.1978101756E+02  0.2182107641E+03  -.1600015353E+03
L4 0.1280940377E+02  0.1100066325E+05  0.1090820231E+05  0.1095125171E+05
L5 0.3286011727E+05  0.1119072955E+05  0.8811519851E+04  0.1248862964E+05
L6 0.3249087904E+05  -.3997706207E+06  0.3747623184E+05  -.5387944614E+06
L7 0.0000000000E+00  0.4674778421E+04  0.1301434557E+05  0.2041350322E+05
L8 0.5788318092E+04  0.5765666354E+05  0.0000000000E+00  0.0000000000E+00
L9 0.0000000000E+00  0.0000000000E+00  0.0000000000E+00  0.1044235347E+01  0.0000000000E+00
L0    33000  0.1760000000E+03  -.3151450166E+06  0.8461570623E+05
L1 0.3012557754E+03  0.3012557754E+03  -.3997607228E+12  0.1000000000E+01
L2 0.1000000000E+01  0.1202006362E+03  0.1202006362E+03  0.1202006362E+03
L3 0.1336882595E+07  -.4347834202E+02  0.5710851744E+01  0.4407664943E+03
L4 0.1343330014E+03  0.1098695739E+05  0.1112400075E+05  0.1123906443E+05
L5 0.3335002258E+05  0.1140529106E+05  0.1106905290E+05  0.6998160616E+04
L6 0.2947250458E+05  -.3997607228E+06  0.3725153695E+05  -.5382204867E+06
L7 0.0000000000E+00  0.4796211100E+04  0.1295332931E+05  0.2035023922E+05
L8 0.5739929220E+04  0.5736851811E+05  0.0000000000E+00  0.0000000000E+00
L9 0.0000000000E+00  0.0000000000E+00  0.0000000000E+00  0.1042809627E+01  0.0000000000E+00
L0    34000  0.1780000000E+03  -.3148002519E+06  0.8432029358E+05
L1 0.3002040231E+03  0.3002040231E+03  -.3991205455E+12  0.1000000000E+01
L2 0.1000000000E+01  0.1201712619E+03  0.1201712619E+03  0.1201712619E+03
L3 0.1335931025E+07  -.9789449763E+01  -.1529853737E+03  -.1467104618E+03
L4 -.1031617617E+03  0.1112065474E+05  0.1106184014E+05  0.1110865174E+05
L5 0.3329114662E+05  0.1121477842E+05  0.1253276514E+05  0.1251924466E+05
L6 0.3626678822E+05  -.3991205455E+06  0.3712805723E+05  -.5379533526E+06
L7 0.0000000000E+00  0.4744396173E+04  0.1319577729E+05  0.2040078509E+05
L8 0.5810588842E+04  0.5755320246E+05  0.0000000000E+00  0.0000000000E+00
L9 0.0000000000E+00  0.0000000000E+00  0.0000000000E+00  0.1043552410E+01  0.0000000000E+00
L0    35000  0.1800000000E+03  -.3144974096E+06  0.8464387124E+05
L1 0.3013560507E+03  0.3013560507E+03  -.3991412809E+12  0.1000000000E+01
L2 0.1000000000E+01  0.1201967390E+03  0.1201967390E+03  0.1201967390E+03
L3 0.1336752455E+07  0.2353142365E+03  0.1016941139E+03  0.6877206128E+02
L4 0.1352601372E+03  0.1106989055E+05  0.1101356983E+05  0.1110834747E+05
L5 0.3319180785E+05  0.8805998193E+04  0.1003519924E+05  0.1044671073E+05
L6 0.2928790817E+05  -.3991412809E+06  0.3762428092E+05  -.5383088583E+06
L7 0.0000000000E+00  0.4897581655E+04  0.1294285121E+05  0.2041211685E+05
L8 0.5771720126E+04  0.5751902661E+05  0.0000000000E+00  0.0000000000E+00
L9 0.0000000000E+00  0.0000000000E+00  0.0000000000E+00  0.1042911150E+01  0.0000000000E+00
L0    36000  0.1820000000E+03  -.3151118046E+06  0.8441007474E+05
L1 0.3005236693E+03  0.3005236693E+03  -.3995218793E+12  0.1000000000E+01
L2 0.1000000000E+01  0.1202190739E+03  0.1202190739E+03  0.1202190739E+03
L3 0.1337500230E+07  0.5384129899E+02  0.2477272322E+03  0.4250921961E+02
L4 0.1146925836E+03  0.1100703740E+05  0.1110019654E+05  0.1109158487E+05
L5 0.3319881881E+05  0.1048875558E+05  0.8715549010E+04  0.1068238680E+05
L6 0.2988669139E+05  -.3995218793E+06  0.3803682838E+05  -.5390718941E+06
L7 0.0000000000E+00  0.4860858177E+04  0.1302887693E+05  0.2039924070E+05
L8 0.5755332777E+04  0.5746887777E+05  0.0000000000E+00  0.0000000000E+00
L9 0.0000000000E+00  0.0000000000E+00  0.0000000000E+00  0.1042328076E+01  0.0000000000E+00
L0    37000  0.1840000000E+03  -.3158457417E+06  0.8437910068E+05
L1 0.3004133929E+03  0.3004133929E+03  -.4002248423E+12  0.1000000000E+01
L2 0.1000000000E+01  0.1201636246E+03  0.1201636246E+03  0.1201636246E+03
L3 0.1335656529E+07  0.4314865642E+02  -.3247641130E+03  0.4707948583E+03
L4 0.6305980057E+02  0.1104926408E+05  0.1101552670E+05  0.1116339833E+05
L5 0.3322818911E+05  0.1063448327E+05  0.1413742969E+05  0.6637726258E+04
L6 0.3140963922E+05  -.4002248423E+06  0.3741627037E+05  -.5390803526E+06
L7 0.0000000000E+00  0.4741499454E+04  0.1297146398E+05  0.2030981012E+05
L8 0.5796210108E+04  0.5762025626E+05  0.0000000000E+00  0.0000000000E+00
L9 0.0000000000E+00  0.0000000000E+00  0.0000000000E+00  0.1043766875E+01  0.0000000000E+00
L0    38000  0.1860000000E+03  -.3149144267E+06  0.8423650496E+05
L1 0.2999057119E+03  0.2999057119E+03  -.3991509317E+12  0.1000000000E+01
L2 0.1000000000E+01  0.1201395095E+03  0.1201395095E+03  0.1201395095E+03
L3 0.1334855995E+07  0.1634026582E+02  -.5677831206E+02  0.1428119063E+03
L4 0.3412462001E+02  0.1097302792E+05  0.1093854050E+05  0.1106857128E+05
L5 0.3298013969E+05  0.1081604583E+05  0.1148401377E+05  0.9696567167E+04
L6 0.3199662676E+05  -.3991509317E+06  0.3725047860E+05  -.5378942244E+06
L7 0.0000000000E+00  0.4751777084E+04  0.1311657543E+05  0.2033560288E+05
L8 0.5810094022E+04  0.5747876466E+05  0.0000000000E+00  0.0000000000E+00
L9 0.0000000000E+00  0.0000000000E+00  0.0000000000E+00  0.1044392838E+01  0.0000000000E+00
L0    39000  0.1880000000E+03  -.3148703364E+06  0.8433287894E+05
L1 0.3002488305E+03  0.3002488305E+03  -.3992032153E+12  0.1000000000E+01
L2 0.1000000000E+01  0.1201573814E+03  0.1201573814E+03  0.1201573814E+03
L3 0.1335464350E+07  0.6162780550E+02  -.9067685026E+01  -.2662272938E+03
L4 -.7122239111E+02  0.1101159174E+05  0.1104117628E+05  0.1111427425E+05
L5 0.3316704227E+05  0.1041925921E+05  0.1112832987E+05  0.1367310439E+05
L6 0.3522069347E+05  -.3992032153E+06  0.3716434135E+05  -.5380368659E+06
L7 0.0000000000E+00  0.4682295028E+04  0.1300459737E+05  0.2041107839E+05
L8 0.5825054651E+04  0.5774628378E+05  0.0000000000E+00  0.0000000000E+00
L9 0.0000000000E+00  0.0000000000E+00  0.0000000000E+00  0.1043917077E+01  0.0000000000E+00
L0    40000  0.1900000000E+03  -.3154820022E+06  0.8419658008E+05
L1 0.2997635681E+03  0.2997635681E+03  -.3996785823E+12  0.1000000000E+01
L2 0.1000000000E+01  0.1202143093E+03  0.1202143093E+03  0.1202143093E+03
L3 0.1337346808E+07  0.2153598460E+02  0.1157443831E+03  0.6603911049E+02
L4 0.6777315940E+02  0.1099529416E+05  0.1100112630E+05  0.1108846851E+05
L5 0.3308488897E+05  0.1078801036E+05  0.9887086899E+04  0.1045284224E+05
L6 0.3112793950E+05  -.3996785823E+06  0.3725454454E+05  -.5383685798E+06
L7 0.0000000000E+00  0.4759048187E+04  0.1297185608E+05  0.2029003755E+05
L8 0.5804057066E+04  0.5761045405E+05  0.0000000000E+00  0.0000000000E+00
L9 0.0000000000E+00  0.0000000000E+00  0.0000000000E+00  0.1042447653E+01  0.0000000000E+00
L0    41000  0.1920000000E+03  -.3155652114E+06  0.8435464832E+05
L1 0.3003263356E+03  0.3003263356E+03  -.3999198597E+12  0.1000000000E+01
L2 0.1000000000E+01  0.1201788598E+03  0.1201788598E+03  0.1201788598E+03
L3 0.1336174602E+07  -.1714190711E+03  0.2276877067E+03  -.1182307905E+03
L4 -.2065405163E+02  0.1104230319E+05  0.1106051051E+05  0.1104449208E+05
L5 0.3314730578E+05  0.1269076515E+05  0.8870937777E+04  0.1218146570E+05
L6 0.3374316863E+05  -.3999198597E+06  0.3738193373E+05  -.5388102791E+06
L7 0.0000000000E+00  0.4776671746E+04  0.1307930323E+05  0.2035077118E+05
L8 0.5793517358E+04  0.5750822218E+05  0.0000000000E+00  0.0000000000E+00
L9 0.0000000000E+00  0.0000000000E+00  0.0000000000E+00  0.1043362177E+01  0.0000000000E+00
L0    42000  0.1940000000E+03  -.3150979062E+06  0.8421682517E+05
L1 0.2998356463E+03  0.2998356463E+03  -.3993147313E+12  0.1000000000E+01
L2 0.1000000000E+01  0.1201913976E+03  0.1201913976E+03  0.1201913976E+03
L3 0.1336588702E+07  -.4705989685E+02  0.1931134664E+03  -.1039416579E+03
L4 0.1403730390E+02  0.1103957598E+05  0.1104079590E+05  0.1108520391E+05
L5 0.3316557580E+05  0.1149227061E+05  0.9183132927E+04  0.1208507499E+05
L6 0.3276047852E+05  -.3993147313E+06  0.3720748415E+05  -.5380555255E+06
L7 0.0000000000E+00  0.4849780402E+04  0.1312361479E+05  0.2032956902E+05
L8 0.5762133633E+04  0.5746821222E+05  0.0000000000E+00  0.0000000000E+00
L9 0.0000000000E+00  0.0000000000E+00  0.0000000000E+00  0.1043038924E+01  0.0000000000E+00
L0    43000  0.1960000000E+03  -.3150715845E+06  0.8417224490E+05
L1 0.2996769280E+03  0.2996769280E+03  -.3992438294E+12  0.1000000000E+01
L2 0.1000000000E+01  0.1202117469E+03  0.1202117469E+03  0.1202117469E+03
L3 0.1337263422E+07  0.2281241710E+03  -.1539858232E+03  0.7558741906E+02
L4 0.4990858895E+02  0.1100793448E+05  0.1103727820E+05  0.1107455971E+05
L5 0.3311977239E+05  0.8812376807E+04  0.1251929895E+05  0.1034707636E+05
L6 0.3167875211E+05  -.3992438294E+06  0.3713243565E+05  -.5380085679E+06
L7 0.0000000000E+00  0.4859658880E+04  0.1303098372E+05  0.2040533130E+05
L8 0.5778971868E+04  0.5755735710E+05  0.0000000000E+00  0.0000000000E+00
L9 0.0000000000E+00  0.0000000000E+00  0.0000000000E+00  0.1042512655E+01  0.0000000000E+00
L0    44000  0.1980000000E+03  -.3151724371E+06  0.8450482196E+05
L1 0.3008609961E+03  0.3008609961E+03  -.3996772590E+12  0.1000000000E+01
L2 0.1000000000E+01  0.1201404902E+03  0.1201404902E+03  0.1201404902E+03
L3 0.1334895900E+07  0.1495397662E+03  -.1714062931E+03  -.5757513657E+02
L4 -.2648055449E+02  0.1113177739E+05  0.1113152415E+05  0.1103144855E+05
L5 0.3329475010E+05  0.9695095306E+04  0.1277828579E+05  0.1158459351E+05
L6 0.3405797461E+05  -.3996772590E+06  0.3734943343E+05  -.5384499222E+06
L7 0.0000000000E+00  0.4808368293E+04  0.1290506052E+05  0.2041622088E+05
L8 0.5834805296E+04  0.5745877474E+05  0.0000000000E+00  0.0000000000E+00
L9 0.0000000000E+00  0.0000000000E+00  0.0000000000E+00  0.1044361618E+01  0.0000000000E+00
L0    45000  0.2000000000E+03  -.3154024154E+06  0.8420997727E+05
L1 0.2998112659E+03  0.2998112659E+03  -.3996123927E+12  0.1000000000E+01
L2 0.1000000000E+01  0.1201827295E+03  0.1201827295E+03  0.1201827295E+03
L3 0.1336303487E+07  -.2999674306E+02  -.1600989677E+02  -.1112207008E+02
L4 -.1904290330E+02  0.1112727272E+05  0.1112547047E+05  0.1090677274E+05
L5 0.3315951593E+05  0.1141576606E+05  0.1127944547E+05  0.1101373912E+05
L6 0.3370895065E+05  -.3996123927E+06  0.3766989539E+05  -.5387405070E+06
L7 0.0000000000E+00  0.4891036354E+04  0.1295698764E+05  0.2042718507E+05
L8 0.5760328935E+04  0.5742268096E+05  0.0000000000E+00  0.0000000000E+00
L9 0.0000000000E+00  0.0000000000E+00  0.0000000000E+00  0.1043261546E+01  0.0000000000E+00
L0    46000  0.2020000000E+03  -.3151242181E+06  0.8423319760E+05
L1 0.2998939368E+03  0.2998939368E+03  -.3993574157E+12  0.1000000000E+01
L2 0.1000000000E+01  0.1201979399E+03  0.1201979399E+03  0.1201979399E+03
L3 0.1336812711E+07  -.1179871800E+02  0.1451007078E+02  -.1048838954E+03
L4 -.3405751421E+02  0.1118651306E+05  0.1094195505E+05  0.1113017863E+05
L5 0.3325864674E+05  0.1130003034E+05  0.1080235143E+05  0.1213928270E+05
L6 0.3424166447E+05  -.3993574157E+06  0.3759560818E+05  -.5384054169E+06
L7 0.0000000000E+00  0.4734819707E+04  0.1295028700E+05  0.2040987711E+05
L8 0.5782944026E+04  0.5757446516E+05  0.0000000000E+00  0.0000000000E+00
L9 0.0000000000E+00  0.0000000000E+00  0.0000000000E+00  0.1042864142E+01  0.0000000000E+00
L0    47000  0.2040000000E+03  -.3155342906E+06  0.8420421939E+05
L1 0.2997907662E+03  0.2997907662E+03  -.3997385100E+12  0.1000000000E+01
L2 0.1000000000E+01  0.1201645577E+03  0.1201645577E+03  0.1201645577E+03
L3 0.1335700287E+07  -.6776026327E+02  -.3292502017E+03  0.2678477343E+03
L4 -.4305424354E+02  0.1100514390E+05  0.1097426491E+05  0.1120320168E+05
L5 0.3318261049E+05  0.1165653329E+05  0.1413939562E+05  0.8628341939E+04
L6 0.3442427085E+05  -.3997385100E+06  0.3745876203E+05  -.5389676683E+06
L7 0.0000000000E+00  0.4734049325E+04  0.1318994722E+05  0.2037194260E+05
L8 0.5825253939E+04  0.5764920315E+05  0.0000000000E+00  0.0000000000E+00
L9 0.0000000000E+00  0.0000000000E+00  0.0000000000E+00  0.1043732681E+01  0.0000000000E+00
L0    48000  0.2060000000E+03  -.3155963889E+06  0.8417813810E+05
L1 0.2996979094E+03  0.2996979094E+03  -.3997745270E+12  0.1000000000E+01
L2 0.1000000000E+01  0.1202424339E+03  0.1202424339E+03  0.1202424339E+03
L3 0.1338312304E+07  -.1558885721E+03  -.1935647228E+03  -.1168481832E+03
L4 -.1554338260E+03  0.1093026610E+05  0.1098648067E+05  0.1115287225E+05
L5 0.3306961903E+05  0.1243177645E+05  0.1285088568E+05  0.1227834767E+05
L6 0.3756100980E+05  -.3997745270E+06  0.3730797350E+05  -.5387637612E+06
L7 0.0000000000E+00  0.4735180171E+04  0.1308469910E+05  0.2032940654E+05
L8 0.5853510165E+04  0.5767846469E+05  0.0000000000E+00  0.0000000000E+00
L9 0.0000000000E+00  0.0000000000E+00  0.0000000000E+00  0.1041695602E+01  0.0000000000E+00
L0    49000  0.2080000000E+03  -.3158979082E+06  0.8409406308E+05
L1 0.2993985787E+03  0.2993985787E+03  -.3999919713E+12  0.1000000000E+01
L2 0.1000000000E+01  0.1201600298E+03  0.1201600298E+03  0.1201600298E+03
L3 0.1335536511E+07  0.2448944140E+03  -.1755952861E+03  0.1236224800E+03
L4 0.6430720265E+02  0.1098861603E+05  0.1109558917E+05  0.1096376606E+05
L5 0.3304797127E+05  0.8634698606E+04  0.1278340556E+05  0.9775510663E+04
L6 0.3119361482E+05  -.3999919713E+06  0.3797086873E+05  -.5394226460E+06
L7 0.0000000000E+00  0.4829118597E+04  0.1287195512E+05  0.2042218917E+05
L8 0.5790284829E+04  0.5754625826E+05  0.0000000000E+00  0.0000000000E+00
L9 0.0000000000E+00  0.0000000000E+00  0.0000000000E+00  0.1043860673E+01  0.0000000000E+00
L0    50000  0.2100000000E+03  -.3160530411E+06  0.8425214451E+05
L1 0.2999613931E+03  0.2999613931E+03  -.4003051856E+12  0.1000000000E+01
L2 0.1000000000E+01  0.1201556816E+03  0.1201556816E+03  0.1201556816E+03
L3 0.1335390859E+07  0.2209457875E+03  -.8762186028E+02  0.7651135885E+02
L4 0.6994509536E+02  0.1102586440E+05  0.1115489777E+05  0.1100525258E+05
L5 0.3318601475E+05  0.8902372029E+04  0.1199702449E+05  0.1026990800E+05
L6 0.3116930452E+05  -.4003051856E+06  0.3766818973E+05  -.5393745537E+06
L7 0.0000000000E+00  0.4723071846E+04  0.1285529827E+05  0.2042117153E+05
L8 0.5804684058E+04  0.5759695266E+05  0.0000000000E+00  0.0000000000E+00
L9 0.0000000000E+00  0.0000000000E+00  0.0000000000E+00  0.1043974528E+01  0.0000000000E+00
L0    51000  0.2120000000E+03  -.3153331164E+06  0.8463810548E+05
L1 0.3013355230E+03  0.3013355230E+03  -.3999712219E+12  0.1000000000E+01
L2 0.1000000000E+01  0.1201795813E+03  0.1201795813E+03  0.1201795813E+03
L3 0.1336222828E+07  -.1104785690E+03  -.4251418120E+03  -.1344274564E+03
L4 -.2233492791E+03  0.1101009718E+05  0.1106158010E+05  0.1116250601E+05
L5 0.3323418329E+05  0.1207255942E+05  0.1515012984E+05  0.1245528251E+05
L6 0.3967797178E+05  -.3999712219E+06  0.3688470828E+05  -.5384440931E+06
L7 0.0000000000E+00  0.4721315882E+04  0.1302613384E+05  0.2042531019E+05
L8 0.5739045314E+04  0.5767635767E+05  0.0000000000E+00  0.0000000000E+00
L9 0.0000000000E+00  0.0000000000E+00  0.0000000000E+00  0.1043324520E+01  0.0000000000E+00
L0    52000  0.2140000000E+03  -.3154141251E+06  0.8426952065E+05
L1 0.3000232571E+03  0.3000232571E+03  -.3996836457E+12  0.1000000000E+01
L2 0.1000000000E+01  0.1201575949E+03  0.1201575949E+03  0.1201575949E+03
L3 0.1335461778E+07  -.6655807832E+02  0.6916987946E+02  0.2771069731E+02
L4 0.1010749948E+02  0.1114393865E+05  0.1093422888E+05  0.1108627960E+05
L5 0.3316444713E+05  0.1178365701E+05  0.1026940737E+05  0.1081994016E+05
L6 0.3287300453E+05  -.3996836457E+06  0.3703346872E+05  -.5382018840E+06
L7 0.0000000000E+00  0.4703533700E+04  0.1310339591E+05  0.2038468428E+05
L8 0.5821022920E+04  0.5747213273E+05  0.0000000000E+00  0.0000000000E+00
L9 0.0000000000E+00  0.0000000000E+00  0.0000000000E+00  0.1043919087E+01  0.0000000000E+00
L0    53000  0.2160000000E+03  -.3157614232E+06  0.8422019177E+05
L1 0.2998476324E+03  0.2998476324E+03  -.3999816150E+12  0.1000000000E+01
L2 0.1000000000E+01  0.1201534828E+03  0.1201534828E+03  0.1201534828E+03
L3 0.1335320751E+07  -.4906102272E+02  0.7173199644E+02  0.1064850642E+03
L4 0.4305201264E+02  0.1112043814E+05  0.1106305869E+05  0.1113240743E+05
L5 0.3331590427E+05  0.1159193497E+05  0.1037368438E+05  0.1010904169E+05
L6 0.3207466104E+05  -.3999816150E+06  0.3778702696E+05  -.5392589504E+06
L7 0.0000000000E+00  0.4848118712E+04  0.1303659992E+05  0.2041805981E+05
L8 0.5733608708E+04  0.5745392132E+05  0.0000000000E+00  0.0000000000E+00
L9 0.0000000000E+00  0.0000000000E+00  0.0000000000E+00  0.1044029339E+01  0.0000000000E+00
L0    54000  0.2180000000E+03  -.3154277994E+06  0.8429247420E+05
L1 0.3001049782E+03  0.3001049782E+03  -.3997202736E+12  0.1000000000E+01
L2 0.1000000000E+01  0.1201408735E+03  0.1201408735E+03  0.1201408735E+03
L3 0.1334921536E+07  -.1348651768E+03  -.1872413956E+03  -.8136091667E+02
L4 -.1344891630E+03  0.1101529250E+05  0.1103980947E+05  0.1099159337E+05
L5 0.3304669534E+05  0.1231101543E+05  0.1283873916E+05  0.1177327184E+05
L6 0.3692302643E+05  -.3997202736E+06  0.3705706230E+05  -.5381723568E+06
L7 0.0000000000E+00  0.4870825271E+04  0.1285840402E+05  0.2043246786E+05
L8 0.5718203325E+04  0.5751512048E+05  0.0000000000E+00  0.0000000000E+00
L9 0.0000000000E+00  0.0000000000E+00  0.0000000000E+00  0.1044341561E+01  0.0000000000E+00
L0    55000  0.2200000000E+03  -.3151840012E+06  0.8418470296E+05
L1 0.2997212822E+03  0.2997212822E+03  -.3993687041E+12  0.1000000000E+01
L2 0.1000000000E+01  0.1201689585E+03  0.1201689585E+03  0.1201689585E+03
L3 0.1335825239E+07  0.2307609331E+03  0.1086821519E+03  0.8036894183E+02
L4 0.1399373423E+03  0.1098263691E+05  0.1102305321E+05  0.1108199021E+05
L5 0.3308768033E+05  0.8764090534E+04  0.9978177928E+04  0.1030931946E+05
L6 0.2905158792E+05  -.3993687041E+06  0.3751873033E+05  -.5383709274E+06
L7 0.0000000000E+00  0.4809643938E+04  0.1314339957E+05  0.2030764315E+05
L8 0.5734164371E+04  0.5748864188E+05  0.0000000000E+00  0.0000000000E+00
L9 0.0000000000E+00  0.0000000000E+00  0.0000000000E+00  0.1043635050E+01  0.0000000000E+00
L0    56000  0.2220000000E+03  -.3154890970E+06  0.8407004477E+05
L1 0.2993130667E+03  0.2993130667E+03  -.3995591418E+12  0.1000000000E+01
L2 0.1000000000E+01  0.1201251271E+03  0.1201251271E+03  0.1201251271E+03
L3 0.1334359072E+07  0.1530287915E+03  -.2515906919E+02  0.4175027672E+03
L4 0.1817908298E+03  0.1118524899E+05  0.1100911776E+05  0.1097575486E+05
L5 0.3317012162E+05  0.9715637835E+04  0.1125073275E+05  0.6966269330E+04
L6 0.2793263991E+05  -.3995591418E+06  0.3765816741E+05  -.5386822295E+06
L7 0.0000000000E+00  0.4872336242E+04  0.1300867339E+05  0.2037251689E+05
L8 0.5754010233E+04  0.5745738359E+05  0.0000000000E+00  0.0000000000E+00
L9 0.0000000000E+00  0.0000000000E+00  0.0000000000E+00  0.1044781776E+01  0.0000000000E+00
L0    57000  0.2240000000E+03  -.3150639050E+06  0.8397622154E+05
L1 0.2989790295E+03  0.2989790295E+03  -.3990401266E+12  0.1000000000E+01
L2 0.1000000000E+01  0.1201487608E+03  0.1201487608E+03  0.1201487608E+03
L3 0.1335170510E+07  0.6134000163E+02  -.2207697663E+03  0.1076146337E+03
L4 -.1727171032E+02  0.1098935603E+05  0.1104340651E+05  0.1102702878E+05
L5 0.3305979132E+05  0.1039991944E+05  0.1316485704E+05  0.9992923770E+04
L6 0.3355770025E+05  -.3990401266E+06  0.3752809582E+05  -.5379598567E+06
L7 0.0000000000E+00  0.4738596510E+04  0.1307401759E+05  0.2040329834E+05
L8 0.5750126857E+04  0.5742559505E+05  0.0000000000E+00  0.0000000000E+00
L9 0.0000000000E+00  0.0000000000E+00  0.0000000000E+00  0.1044146819E+01  0.0000000000E+00
L0    58000  0.2260000000E+03  -.3158406484E+06  0.8444741369E+05
L1 0.3006566065E+03  0.3006566065E+03  -.4002880621E+12  0.1000000000E+01
L2 0.1000000000E+01  0.1201338423E+03  0.1201338423E+03  0.1201338423E+03
L3 0.1334672059E+07  -.4806313408E+02  0.2172842128E+03  -.1918259378E+03
L4 -.7534953042E+01  0.1111417666E+05  0.1109972300E+05  0.1110774478E+05
L5 0.3332164444E+05  0.1157585897E+05  0.9012545804E+04  0.1295037623E+05
L6 0.3353878100E+05  -.4002880621E+06  0.3758458144E+05  -.5391793633E+06
L7 0.0000000000E+00  0.4709790533E+04  0.1299701112E+05  0.2034245243E+05
L8 0.5799908864E+04  0.5745755687E+05  0.0000000000E+00  0.0000000000E+00
L9 0.0000000000E+00  0.0000000000E+00  0.0000000000E+00  0.1044536770E+01  0.0000000000E+00
L0    59000  0.2280000000E+03  -.3156256419E+06  0.8458191548E+05
L1 0.3011354708E+03  0.3011354708E+03  -.4002075574E+12  0.1000000000E+01
L2 0.1000000000E+01  0.1201343266E+03  0.1201343266E+03  0.1201343266E+03
L3 0.1334694041E+07  -.8957098231E+02  0.2805068581E+02  -.1082420878E+03
L4 -.5658746142E+02  0.1099334143E+05  0.1116642336E+05  0.1098894068E+05
L5 0.3314870547E+05  0.1185375180E+05  0.1089697113E+05  0.1202870393E+05
L6 0.3477942686E+05  -.4002075574E+06  0.3730451517E+05  -.5389039051E+06
L7 0.0000000000E+00  0.4798150244E+04  0.1296311718E+05  0.2041207454E+05
L8 0.5815615988E+04  0.5740287460E+05  0.0000000000E+00  0.0000000000E+00
L9 0.0000000000E+00  0.0000000000E+00  0.0000000000E+00  0.1044519567E+01  0.0000000000E+00
L0    60000  0.2300000000E+03  -.3154299348E+06  0.8407081230E+05
L1 0.2993157993E+03  0.2993157993E+03  -.3995007471E+12  0.1000000000E+01
L2 0.1000000000E+01  0.1201432340E+03  0.1201432340E+03  0.1201432340E+03
L3 0.1334984220E+07  0.3856590657E+02  -.1701934172E+03  0.1312964146E+03
L4 -.1103653472E+00  0.1095618121E+05  0.1108769837E+05  0.1103415279E+05
L5 0.3307803238E+05  0.1058564022E+05  0.1272291566E+05  0.9772657661E+04
L6 0.3308121355E+05  -.3995007471E+06  0.3728819288E+05  -.5384495796E+06
L7 0.0000000000E+00  0.4708452134E+04  0.1322688220E+05  0.2045436487E+05
L8 0.5725493460E+04  0.5754544688E+05  0.0000000000E+00  0.0000000000E+00
L9 0.0000000000E+00  0.0000000000E+00  0.0000000000E+00  0.1044292524E+01  0.0000000000E+00
L0    61000  0.2320000000E+03  -.3152542908E+06  0.8426803862E+05
L1 0.3000179807E+03  0.3000179807E+03  -.3995223294E+12  0.1000000000E+01
L2 0.1000000000E+01  0.1201497719E+03  0.1201497719E+03  0.1201497719E+03
L3 0.1335198835E+07  -.2042891642E+03  -.7977282455E+02  0.3677792053E+03
L4 0.2790573884E+02  0.1108097141E+05  0.1108073028E+05  0.1105314549E+05
L5 0.3321484718E+05  0.1304409597E+05  0.1184731030E+05  0.7518957107E+04
L6 0.3241036337E+05  -.3995223294E+06  0.3743434169E+05  -.5385399540E+06
L7 0.0000000000E+00  0.4746505252E+04  0.1309126727E+05  0.2040857738E+05
L8 0.5735829306E+04  0.5760110374E+05  0.0000000000E+00  0.0000000000E+00
L9 0.0000000000E+00  0.0000000000E+00  0.0000000000E+00  0.1044124669E+01  0.0000000000E+00
L0    62000  0.2340000000E+03  -.3162659774E+06  0.8379627073E+05
L1 0.2983383539E+03  0.2983383539E+03  -.4000622481E+12  0.1000000000E+01
L2 0.1000000000E+01  0.1201516009E+03  0.1201516009E+03  0.1201516009E+03
L3 0.1335271631E+07  -.7010353181E+02  0.1080225263E+03  -.2518621843E+03
L4 -.7131439659E+02  0.1091941468E+05  0.1109321034E+05  0.1103143759E+05
L5 0.3304406261E+05  0.1159311399E+05  0.1005510714E+05  0.1345184886E+05
L6 0.3510006999E+05  -.4000622481E+06  0.3744622214E+05  -.5389662503E+06
L7 0.0000000000E+00  0.4867688154E+04  0.1296163124E+05  0.2041259979E+05
L8 0.5709205843E+04  0.5750665504E+05  0.0000000000E+00  0.0000000000E+00
L9 0.0000000000E+00  0.0000000000E+00  0.0000000000E+00  0.1044067745E+01  0.0000000000E+00
L0    63000  0.2360000000E+03  -.3158571506E+06  0.8398154310E+05
L1 0.2989979758E+03  0.2989979758E+03  -.3998386937E+12  0.1000000000E+01
L2 0.1000000000E+01  0.1201354023E+03  0.1201354023E+03  0.1201354023E+03
L3 0.1334712397E+07  -.1476468365E+03  0.2106155088E+03  0.2081646072E+03
L4 0.9037775979E+02  0.1100125817E+05  0.1100153007E+05  0.1095776408E+05
L5 0.3296055232E+05  0.1241955921E+05  0.8978349609E+04  0.8958127071E+04
L6 0.3035603589E+05  -.3998386937E+06  0.3770838925E+05  -.5391853349E+06
L7 0.0000000000E+00  0.4831049308E+04  0.1308097635E+05  0.2033850894E+05
L8 0.5744458838E+04  0.5764325856E+05  0.0000000000E+00  0.0000000000E+00
L9 0.0000000000E+00  0.0000000000E+00  0.0000000000E+00  0.1044505202E+01  0.0000000000E+00
L0    64000  0.2380000000E+03  -.3160284472E+06  0.8397154669E+05
L1 0.2989623858E+03  0.2989623858E+03  -.3999999939E+12  0.1000000000E+01
L2 0.1000000000E+01  0.1201757147E+03  0.1201757147E+03  0.1201757147E+03
L3 0.1336084422E+07  -.2839662479E+02  -.2472296722E+02  -.3793900416E+03
L4 -.1441698779E+03  0.1108063496E+05  0.1096389008E+05  0.1104838586E+05
L5 0.3309291090E+05  0.1135369441E+05  0.1120162396E+05  0.1469656711E+05
L6 0.3725188548E+05  -.3999999939E+06  0.3721548038E+05  -.5386393081E+06
L7 0.0000000000E+00  0.4708718610E+04  0.1297218745E+05  0.2043284677E+05
L8 0.5746561771E+04  0.5756351924E+05  0.0000000000E+00  0.0000000000E+00
L9 0.0000000000E+00  0.0000000000E+00  0.0000000000E+00  0.1043432599E+01  0.0000000000E+00
L0    65000  0.2400000000E+03  -.3159280982E+06  0.8442489734E+05
L1 0.3005764419E+03  0.3005764419E+03  -.4003529956E+12  0.1000000000E+01
L2 0.1000000000E+01  0.1202025885E+03  0.1202025885E+03  0.1202025885E+03
L3 0.1336952356E+07  -.2654257463E+02  0.6324589066E+02  0.2500744343E+03
L4 0.9559258343E+02  0.1110719351E+05  0.1102887427E+05  0.1105271479E+05
L5 0.3318878257E+05  0.1136259037E+05  0.1042031228E+05  0.8646458922E+04
L6 0.3042936157E+05  -.4003529956E+06  0.3729640751E+05  -.5389469663E+06
L7 0.0000000000E+00  0.4752323017E+04  0.1293059618E+05  0.2043146294E+05
L8 0.5741107958E+04  0.5744207310E+05  0.0000000000E+00  0.0000000000E+00
L9 0.0000000000E+00  0.0000000000E+00  0.0000000000E+00  0.1042755215E+01  0.0000000000E+00
L0    66000  0.2420000000E+03  -.3155666888E+06  0.8452328300E+05
L1 0.3009267226E+03  0.3009267226E+03  -.4000899718E+12  0.1000000000E+01
L2 0.1000000000E+01  0.1201946987E+03  0.1201946987E+03  0.1201946987E+03
L3 0.1336698433E+07  0.4460160600E+02  0.6855157606E+02  -.6085643815E+02
L4 0.1743224797E+02  0.1104384750E+05  0.1107935257E+05  0.1115054465E+05
L5 0.3327374473E+05  0.1061476529E+05  0.1041986372E+05  0.1173600374E+05
L6 0.3277063274E+05  -.4000899718E+06  0.3749503316E+05  -.5388702274E+06
L7 0.0000000000E+00  0.4705061570E+04  0.1296281662E+05  0.2038554188E+05
L8 0.5784605136E+04  0.5744719728E+05  0.0000000000E+00  0.0000000000E+00
L9 0.0000000000E+00  0.0000000000E+00  0.0000000000E+00  0.1042953300E+01  0.0000000000E+00
L0    67000  0.2440000000E+03  -.3162762655E+06  0.8393713309E+05
L1 0.2988398637E+03  0.2988398637E+03  -.4002133986E+12  0.1000000000E+01
L2 0.1000000000E+01  0.1201735824E+03  0.1201735824E+03  0.1201735824E+03
L3 0.1336008667E+07  -.3294986180E+03  -.1844388360E+02  0.3214713316E+02
L4 -.1052651228E+03  0.1093152892E+05  0.1100130309E+05  0.1098064938E+05
L5 0.3291348139E+05  0.1409977899E+05  0.1117864779E+05  0.1067154290E+05
L6 0.3594996968E+05  -.4002133986E+06  0.3752833889E+05  -.5391952856E+06
L7 0.0000000000E+00  0.4755092482E+04  0.1290984431E+05  0.2047026937E+05
L8 0.5785460979E+04  0.5753288106E+05  0.0000000000E+00  0.0000000000E+00
L9 0.0000000000E+00  0.0000000000E+00  0.0000000000E+00  0.1043491764E+01  0.0000000000E+00
L0    68000  0.2460000000E+03  -.3154096766E+06  0.8413917098E+05
L1 0.2995591755E+03  0.2995591755E+03  -.3995488476E+12  0.1000000000E+01
L2 0.1000000000E+01  0.1201124695E+03  0.1201124695E+03  0.1201124695E+03
L3 0.1333953993E+07  -.1164700518E+03  0.1041503013E+03  0.1371149654E+03
L4 0.4159840496E+02  0.1099210664E+05  0.1114862751E+05  0.1095718124E+05
L5 0.3309791540E+05  0.1211028659E+05  0.1014872431E+05  0.9640798166E+04
L6 0.3189980906E+05  -.3995488476E+06  0.3716839884E+05  -.5383842845E+06
L7 0.0000000000E+00  0.4798598036E+04  0.1304263603E+05  0.2038945296E+05
L8 0.5807360834E+04  0.5762899018E+05  0.0000000000E+00  0.0000000000E+00
L9 0.0000000000E+00  0.0000000000E+00  0.0000000000E+00  0.1045099043E+01  0.0000000000E+00
L0    69000  0.2480000000E+03  -.3157053871E+06  0.8373547200E+05
L1 0.2981218933E+03  0.2981218933E+03  -.3994408591E+12  0.1000000000E+01
L2 0.1000000000E+01  0.1201567102E+03  0.1201567102E+03  0.1201567102E+03
L3 0.1335424793E+07  -.4927744131E+02  0.7009089857E+02  0.1981122431E+03
L4 0.7297523344E+02  0.1103675675E+05  0.1089170929E+05  0.1101243046E+05
L5 0.3294089650E+05  0.1151037035E+05  0.1021805413E+05  0.9108341081E+04
L6 0.3083676556E+05  -.3994408591E+06  0.3777115019E+05  -.5387575872E+06
L7 0.0000000000E+00  0.4788890881E+04  0.1303345145E+05  0.2041264316E+05
L8 0.5781708139E+04  0.5752888427E+05  0.0000000000E+00  0.0000000000E+00
L9 0.0000000000E+00  0.0000000000E+00  0.0000000000E+00  0.1043948000E+01  0.0000000000E+00
L0    70000  0.2500000000E+03  -.3151524103E+06  0.8444254732E+05
L1 0.3006392808E+03  0.3006392808E+03  -.3995949577E+12  0.1000000000E+01
L2 0.1000000000E+01  0.1201250846E+03  0.1201250846E+03  0.1201250846E+03
L3 0.1334378515E+07  -.6249503896E+02  0.2469055052E+03  -.1647638991E+03
L4 0.6548855724E+01  0.1109654246E+05  0.1092994654E+05  0.1094562779E+05
L5 0.3297211679E+05  0.1169672197E+05  0.8558756320E+04  0.1252796005E+05
L6 0.3278343834E+05  -.3995949577E+06  0.3741091172E+05  -.5386588710E+06
L7 0.0000000000E+00  0.4788457148E+04  0.1306159655E+05  0.2042605921E+05
L8 0.5757377066E+04  0.5761951165E+05  0.0000000000E+00  0.0000000000E+00
L9 0.0000000000E+00  0.0000000000E+00  0.0000000000E+00  0.1044766553E+01  0.0000000000E+00
L0    71000  0.2520000000E+03  -.3152321251E+06  0.8419857704E+05
L1 0.2997706778E+03  0.2997706778E+03  -.3994307021E+12  0.1000000000E+01
L2 0.1000000000E+01  0.1202168474E+03  0.1202168474E+03  0.1202168474E+03
L3 0.1337434710E+07  0.1831856552E+03  -.8094673450E+02  0.2074290074E+02
L4 0.4099394049E+02  0.1092823658E+05  0.1102376004E+05  0.1107272472E+05
L5 0.3302472134E+05  0.9164959212E+04  0.1180292337E+05  0.1087306123E+05
L6 0.3184094381E+05  -.3994307021E+06  0.3712982415E+05  -.5380096680E+06
L7 0.0000000000E+00  0.4775997097E+04  0.1309858643E+05  0.2042871874E+05
L8 0.5782668984E+04  0.5736317050E+05  0.0000000000E+00  0.0000000000E+00
L9 0.0000000000E+00  0.0000000000E+00  0.0000000000E+00  0.1042379138E+01  0.0000000000E+00
L0    72000  0.2540000000E+03  -.3153941829E+06  0.8417631883E+05
L1 0.2996914323E+03  0.2996914323E+03  -.3995705018E+12  0.1000000000E+01
L2 0.1000000000E+01  0.1202081929E+03  0.1202081929E+03  0.1202081929E+03
L3 0.1337176412E+07  -.1041809898E+03  -.3379272928E+03  -.2027673997E+03
L4 -.2149585608E+03  0.1084660618E+05  0.1092564993E+05  0.1114885082E+05
L5 0.3292110693E+05  0.1184922018E+05  0.1417778486E+05  0.1310023787E+05
L6 0.3912724292E+05  -.3995705018E+06  0.3704704533E+05  -.5382392987E+06
L7 0.0000000000E+00  0.4805543530E+04  0.1300837286E+05  0.2041774809E+05
L8 0.5769479145E+04  0.5762060800E+05  0.0000000000E+00  0.0000000000E+00
L9 0.0000000000E+00  0.0000000000E+00  0.0000000000E+00  0.1042580492E+01  0.0000000000E+00
L0    73000  0.2560000000E+03  -.3150448732E+06  0.8418784576E+05
L1 0.2997324714E+03  0.2997324714E+03  -.3992327189E+12  0.1000000000E+01
L2 0.1000000000E+01  0.1201824997E+03  0.1201824997E+03  0.1201824997E+03
L3 0.1336302847E+07  -.1801734347E+03  0.3883607094E+02  -.9263422888E+02
L4 -.7799053089E+02  0.1106711485E+05  0.1106223545E+05  0.1099496892E+05
L5 0.3312431922E+05  0.1279992998E+05  0.1068873016E+05  0.1188587713E+05
L6 0.3537453727E+05  -.3992327189E+06  0.3733498224E+05  -.5380659455E+06
L7 0.0000000000E+00  0.4751882265E+04  0.1310489229E+05  0.2046011839E+05
L8 0.5741717395E+04  0.5743963395E+05  0.0000000000E+00  0.0000000000E+00
L9 0.0000000000E+00  0.0000000000E+00  0.0000000000E+00  0.1043262045E+01  0.0000000000E+00
L0    74000  0.2580000000E+03  -.3153038524E+06  0.8417081077E+05
L1 0.2996718221E+03  0.2996718221E+03  -.3994746632E+12  0.1000000000E+01
L2 0.1000000000E+01  0.1202138337E+03  0.1202138337E+03  0.1202138337E+03
L3 0.1337324966E+07  0.1911604641E+03  0.5661843999E+02  0.1056364053E+03
L4 0.1178051031E+03  0.1114636721E+05  0.1118519693E+05  0.1097144219E+05
L5 0.3330300634E+05  0.9306478274E+04  0.1064025349E+05  0.9954708661E+04
L6 0.2990144042E+05  -.3994746632E+06  0.3719421549E+05  -.5380837753E+06
L7 0.0000000000E+00  0.4849973424E+04  0.1298203889E+05  0.2044260591E+05
L8 0.5736119737E+04  0.5740415860E+05  0.0000000000E+00  0.0000000000E+00
L9 0.0000000000E+00  0.0000000000E+00  0.0000000000E+00  0.1042464678E+01  0.0000000000E+00
L0    75000  0.2600000000E+03  -.3155831138E+06  0.8420434448E+05
L1 0.2997912115E+03  0.2997912115E+03  -.3997874583E+12  0.1000000000E+01
L2 0.1000000000E+01  0.1201982133E+03  0.1201982133E+03  0.1201982133E+03
L3 0.1336806790E+07  0.9048990202E+01  0.6007576113E+02  0.2071275273E+03
L4 0.9208409289E+02  0.1097306613E+05  0.1114893353E+05  0.1101994022E+05
L5 0.3314193988E+05  0.1088600479E+05  0.1057093797E+05  0.9027143296E+04
L6 0.3048408606E+05  -.3997874583E+06  0.3776165330E+05  -.5390081728E+06
L7 0.0000000000E+00  0.4792136035E+04  0.1300130574E+05  0.2044270557E+05
L8 0.5768747338E+04  0.5745416660E+05  0.0000000000E+00  0.0000000000E+00
L9 0.0000000000E+00  0.0000000000E+00  0.0000000000E+00  0.1042868761E+01  0.0000000000E+00
L0    76000  0.2620000000E+03  -.3153582410E+06  0.8435691120E+05
L1 0.3003343921E+03  0.3003343921E+03  -.3997151522E+12  0.1000000000E+01
L2 0.1000000000E+01  0.1202089491E+03  0.1202089491E+03  0.1202089491E+03
L3 0.1337183811E+07  0.1342247414E+02  -.1423109294E+03  -.6734821914E+02
L4 -.6541222480E+02  0.1083939765E+05  0.1120096240E+05  0.1105768774E+05
L5 0.3309804780E+05  0.1071022212E+05  0.1257053780E+05  0.1170583518E+05
L6 0.3498659509E+05  -.3997151522E+06  0.3756964527E+05  -.5386826453E+06
L7 0.0000000000E+00  0.4663899872E+04  0.1305526996E+05  0.2037316567E+05
L8 0.5788601017E+04  0.5751691129E+05  0.0000000000E+00  0.0000000000E+00
L9 0.0000000000E+00  0.0000000000E+00  0.0000000000E+00  0.1042574723E+01  0.0000000000E+00
L0    77000  0.2640000000E+03  -.3150058555E+06  0.8448320097E+05
L1 0.3007840193E+03  0.3007840193E+03  -.3994890565E+12  0.1000000000E+01
L2 0.1000000000E+01  0.1201836210E+03  0.1201836210E+03  0.1201836210E+03
L3 0.1336333824E+07  0.9117775346E+02  -.2590173765E+03  0.9558904781E+02
L4 -.2408352507E+02  0.1124755534E+05  0.1101127269E+05  0.1105055050E+05
L5 0.3330937853E+05  0.1037063443E+05  0.1350242592E+05  0.1013120305E+05
L6 0.3400426339E+05  -.3994890565E+06  0.3761244121E+05  -.5385315414E+06
L7 0.0000000000E+00  0.4783804954E+04  0.1300907305E+05  0.2042527177E+05
L8 0.5741980829E+04  0.5746991310E+05  0.0000000000E+00  0.0000000000E+00
L9 0.0000000000E+00  0.0000000000E+00  0.0000000000E+00  0.1043237862E+01  0.0000000000E+00
L0    78000  0.2660000000E+03  -.3154510631E+06  0.8409334830E+05
L1 0.2993960338E+03  0.2993960338E+03  -.3995444114E+12  0.1000000000E+01
L2 0.1000000000E+01  0.1201915407E+03  0.1201915407E+03  0.1201915407E+03
L3 0.1336591413E+07  0.8110805875E+02  0.2470321208E+03  -.2341147792E+03
L4 0.3134180010E+02  0.1105128118E+05  0.1104458573E+05  0.1104378891E+05
L5 0.3313965582E+05  0.1027105728E+05  0.8668245206E+04  0.1329587028E+05
L6 0.3223517276E+05  -.3995444114E+06  0.3700143531E+05  -.5380196474E+06
L7 0.0000000000E+00  0.4757200097E+04  0.1305702005E+05  0.2036481447E+05
L8 0.5728265400E+04  0.5756650069E+05  0.0000000000E+00  0.0000000000E+00
L9 0.0000000000E+00  0.0000000000E+00  0.0000000000E+00  0.1043036808E+01  0.0000000000E+00
L0    79000  0.2680000000E+03  -.3154475739E+06  0.8386174136E+05
L1 0.2985714478E+03  0.2985714478E+03  -.3993093153E+12  0.1000000000E+01
L2 0.1000000000E+01  0.1201482775E+03  0.1201482775E+03  0.1201482775E+03
L3 0.1335152393E+07  0.1699174902E+03  0.3639785180E+02  -.2076493045E+03
L4 -.4446541789E+00  0.1096005816E+05  0.1086652938E+05  0.1094816918E+05
L5 0.3277475672E+05  0.9327286311E+04  0.1051677499E+05  0.1294351373E+05
L6 0.3278757504E+05  -.3993093153E+06  0.3761826013E+05  -.5384238438E+06
L7 0.0000000000E+00  0.4750722326E+04  0.1308281058E+05  0.2038047723E+05
L8 0.5791055965E+04  0.5749120234E+05  0.0000000000E+00  0.0000000000E+00
L9 0.0000000000E+00  0.0000000000E+00  0.0000000000E+00  0.1044160987E+01  0.0000000000E+00
L0    80000  0.2700000000E+03  -.3157484803E+06  0.8402615829E+05
L1 0.2991568185E+03  0.2991568185E+03  -.3997746386E+12  0.1000000000E+01
L2 0.1000000000E+01  0.1201715900E+03  0.1201715900E+03  0.1201715900E+03
L3 0.1335918775E+07  -.1785863983E+02  -.1757117940E+03  0.4679932930E+03
L4 0.9147428638E+02  0.1098707738E+05  0.1090872073E+05  0.1116284840E+05
L5 0.3305864651E+05  0.1115878320E+05  0.1259814040E+05  0.6663224006E+04
L6 0.3042014760E+05  -.3997746386E+06  0.3730114643E+05  -.5380764706E+06
L7 0.0000000000E+00  0.4820123671E+04  0.1272642643E+05  0.2039832519E+05
L8 0.5679107085E+04  0.5737670321E+05  0.0000000000E+00  0.0000000000E+00
L9 0.0000000000E+00  0.0000000000E+00  0.0000000000E+00  0.1043561980E+01  0.0000000000E+00
L0    81000  0.2720000000E+03  -.3159734589E+06  0.8417635597E+05
L1 0.2996915646E+03  0.2996915646E+03  -.4001498149E+12  0.1000000000E+01
L2 0.1000000000E+01  0.1201480534E+03  0.1201480534E+03  0.1201480534E+03
L3 0.1335130074E+07  0.2900518461E+02  0.2079825625E+03  0.1357234453E+03
L4 0.1242370641E+03  0.1091675125E+05  0.1111400452E+05  0.1106193316E+05
L5 0.3309268892E+05  0.1063803917E+05  0.9115491030E+04  0.9757760669E+04
L6 0.2951129087E+05  -.4001498149E+06  0.3720448195E+05  -.5388269312E+06
L7 0.0000000000E+00  0.4792716996E+04  0.1298681979E+05  0.2041771033E+05
L8 0.5755587994E+04  0.5751979922E+05  0.0000000000E+00  0.0000000000E+00
L9 0.0000000000E+00  0.0000000000E+00  0.0000000000E+00  0.1044178442E+01  0.0000000000E+00
L0    82000  0.2740000000E+03  -.3153381096E+06  0.8419209040E+05
L1 0.2997475836E+03  0.2997475836E+03  -.3995302000E+12  0.1000000000E+01
L2 0.1000000000E+01  0.1201240851E+03  0.1201240851E+03  0.1201240851E+03
L3 0.1334327167E+07  0.3527172539E+03  0.1384297325E+03  -.1681913557E+02
L4 0.1581092836E+03  0.1101736520E+05  0.1109036641E+05  0.1104435834E+05
L5 0.3315208994E+05  0.7630127975E+04  0.9760989019E+04  0.1120587695E+05
L6 0.2859699394E+05  -.3995302000E+06  0.3794925477E+05  -.5390501069E+06
L7 0.0000000000E+00  0.4803552980E+04  0.1314980747E+05  0.2045917436E+05
L8 0.5767033842E+04  0.5739108354E+05  0.0000000000E+00  0.0000000000E+00
L9 0.0000000000E+00  0.0000000000E+00  0.0000000000E+00  0.1044806758E+01  0.0000000000E+00
L0    83000  0.2760000000E+03  -.3150743915E+06  0.8452723904E+05
L1 0.3009408072E+03  0.3009408072E+03  -.3996016305E+12  0.1000000000E+01
L2 0.1000000000E+01  0.1201780260E+03  0.1201780260E+03  0.1201780260E+03
L3 0.1336136825E+07  0.6760762339E+02  -.1080372519E+03  0.2293450259E+03
L4 0.6297179914E+02  0.1113434184E+05  0.1099338537E+05  0.1093760478E+05
L5 0.3306533198E+05  0.1048420738E+05  0.1203230282E+05  0.8732156693E+04
L6 0.3124866690E+05  -.3996016305E+06  0.3715612652E+05  -.5381210744E+06
L7 0.0000000000E+00  0.4747634152E+04  0.1278603709E+05  0.2041723220E+05
L8 0.5775246802E+04  0.5763716709E+05  0.0000000000E+00  0.0000000000E+00
L9 0.0000000000E+00  0.0000000000E+00  0.0000000000E+00  0.1043391676E+01  0.0000000000E+00
L0    84000  0.2780000000E+03  -.3153633611E+06  0.8425609004E+05
L1 0.2999754403E+03  0.2999754403E+03  -.3996194512E+12  0.1000000000E+01
L2 0.1000000000E+01  0.1201918054E+03  0.1201918054E+03  0.1201918054E+03
L3 0.1336593813E+07  0.1830683690E+03  0.8521789937E+02  -.1244873524E+02
L4 0.8527917771E+02  0.1109754805E+05  0.1096781085E+05  0.1105760243E+05
L5 0.3312296133E+05  0.9336507569E+04  0.1014805061E+05  0.1117735401E+05
L6 0.3066191219E+05  -.3996194512E+06  0.3717546001E+05  -.5382223515E+06
L7 0.0000000000E+00  0.4657823053E+04  0.1306609914E+05  0.2045205051E+05
L8 0.5778178199E+04  0.5747328941E+05  0.0000000000E+00  0.0000000000E+00
L9 0.0000000000E+00  0.0000000000E+00  0.0000000000E+00  0.1043034935E+01  0.0000000000E+00
L0    85000  0.2800000000E+03  -.3151754549E+06  0.8402959131E+05
L1 0.2991690410E+03  0.2991690410E+03  -.3992050462E+12  0.1000000000E+01
L2 0.1000000000E+01  0.1202177506E+03  0.1202177506E+03  0.1202177506E+03
L3 0.1337443762E+07  0.3045087036E+03  0.1181020685E+03  0.2308478129E+03
L4 0.2178195283E+03  0.1112318781E+05  0.1092201607E+05  0.1086156518E+05
L5 0.3290676906E+05  0.8192079816E+04  0.9785201546E+04  0.8639494477E+04
L6 0.2661677584E+05  -.3992050462E+06  0.3729608760E+05  -.5380607873E+06
L7 0.0000000000E+00  0.4869759743E+04  0.1305894825E+05  0.2033538849E+05
L8 0.5744693847E+04  0.5755086319E+05  0.0000000000E+00  0.0000000000E+00
L9 0.0000000000E+00  0.0000000000E+00  0.0000000000E+00  0.1042372084E+01  0.0000000000E+00
L0    86000  0.2820000000E+03  -.3158078717E+06  0.8441574115E+05
L1 0.3005438433E+03  0.3005438433E+03  -.4002236128E+12  0.1000000000E+01
L2 0.1000000000E+01  0.1202191711E+03  0.1202191711E+03  0.1202191711E+03
L3 0.1337529403E+07  -.3023617458E+03  0.1127138934E+03  -.1182353386E+03
L4 -.1026277304E+03  0.1114242166E+05  0.1105481918E+05  0.1102066559E+05
L5 0.3321790643E+05  0.1405305005E+05  0.9969800117E+04  0.1215883581E+05
L6 0.3618168598E+05  -.4002236128E+06  0.3731514294E+05  -.5388088193E+06
L7 0.0000000000E+00  0.4765777293E+04  0.1305113909E+05  0.2038888757E+05
L8 0.5701020185E+04  0.5736323941E+05  0.0000000000E+00  0.0000000000E+00
L9 0.0000000000E+00  0.0000000000E+00  0.0000000000E+00  0.1042305342E+01  0.0000000000E+00
L0    87000  0.2840000000E+03  -.3156509201E+06  0.8427863414E+05
L1 0.3000557037E+03  0.3000557037E+03  -.3999295543E+12  0.1000000000E+01
L2 0.1000000000E+01  0.1201789820E+03  0.1201789820E+03  0.1201789820E+03
L3 0.1336170170E+07  -.2217797022E+03  0.9924608363E+02  0.2747557087E+03
L4 0.5074069670E+02  0.1120913703E+05  0.1103013471E+05  0.1100090680E+05
L5 0.3324017854E+05  0.1334188800E+05  0.1007573186E+05  0.8358710517E+04
L6 0.3177633038E+05  -.3999295543E+06  0.3725330699E+05  -.5383429819E+06
L7 0.0000000000E+00  0.4741200185E+04  0.1300206749E+05  0.2033118178E+05
L8 0.5754137848E+04  0.5733153333E+05  0.0000000000E+00  0.0000000000E+00
L9 0.0000000000E+00  0.0000000000E+00  0.0000000000E+00  0.1043365637E+01  0.0000000000E+00
L0    88000  0.2860000000E+03  -.3155140982E+06  0.8413654450E+05
L1 0.2995498245E+03  0.2995498245E+03  -.3996506427E+12  0.1000000000E+01
L2 0.1000000000E+01  0.1201524988E+03  0.1201524988E+03  0.1201524988E+03
L3 0.1335296990E+07  0.5602325259E+01  0.7190883530E+02  -.1761763942E+03
L4 -.3288841121E+02  0.1105791626E+05  0.1091077135E+05  0.1104412704E+05
L5 0.3301281465E+05  0.1100407655E+05  0.1021970984E+05  0.1273722531E+05
L6 0.3396101170E+05  -.3996506427E+06  0.3696068513E+05  -.5378070923E+06
L7 0.0000000000E+00  0.4742663457E+04  0.1283136364E+05  0.2035437473E+05
L8 0.5747463216E+04  0.5751989943E+05  0.0000000000E+00  0.0000000000E+00
L9 0.0000000000E+00  0.0000000000E+00  0.0000000000E+00  0.1044047917E+01  0.0000000000E+00
L0    89000  0.2880000000E+03  -.3155163155E+06  0.8423086195E+05
L1 0.2998856212E+03  0.2998856212E+03  -.3997471775E+12  0.1000000000E+01
L2 0.1000000000E+01  0.1201367170E+03  0.1201367170E+03  0.1201367170E+03
L3 0.1334778366E+07  -.3878712924E+02  -.5041415765E+02  -.1977875131E+03
L4 -.9566293334E+02  0.1102281943E+05  0.1104928639E+05  0.1099569092E+05
L5 0.3306779674E+05  0.1139542846E+05  0.1153359061E+05  0.1289573908E+05
L6 0.3582475815E+05  -.3997471775E+06  0.3715607385E+05  -.5382990977E+06
L7 0.0000000000E+00  0.4714062606E+04  0.1309802853E+05  0.2044449330E+05
L8 0.5778138165E+04  0.5736112377E+05  0.0000000000E+00  0.0000000000E+00
L9 0.0000000000E+00  0.0000000000E+00  0.0000000000E+00  0.1044453579E+01  0.0000000000E+00
L0    90000  0.2900000000E+03  -.3149578649E+06  0.8439606305E+05
L1 0.3004737837E+03  0.3004737837E+03  -.3993539279E+12  0.1000000000E+01
L2 0.1000000000E+01  0.1201616733E+03  0.1201616733E+03  0.1201616733E+03
L3 0.1335620234E+07  -.1093498636E+03  -.2018490713E+03  -.2241672682E+03
L4 -.1784554010E+03  0.1114529264E+05  0.1117029143E+05  0.1112618976E+05
L5 0.3344177384E+05  0.1219642599E+05  0.1311058000E+05  0.1328101359E+05
L6 0.3858801958E+05  -.3993539279E+06  0.3730764702E+05  -.5381043954E+06
L7 0.0000000000E+00  0.4824797069E+04  0.1302517669E+05  0.2036486798E+05
L8 0.5779624309E+04  0.5744835445E+05  0.0000000000E+00  0.0000000000E+00
L9 0.0000000000E+00  0.0000000000E+00  0.0000000000E+00  0.1043795239E+01  0.0000000000E+00
L0    91000  0.2920000000E+03  -.3153824406E+06  0.8425771237E+05
L1 0.2999812163E+03  0.2999812163E+03  -.3996401530E+12  0.1000000000E+01
L2 0.1000000000E+01  0.1201670241E+03  0.1201670241E+03  0.1201670241E+03
L3 0.1335776825E+07  -.3573586706E+03  0.2354239615E+03  0.1365034068E+03
L4 0.4856232585E+01  0.1105725511E+05  0.1091072878E+05  0.1101729329E+05
L5 0.3298527718E+05  0.1449279352E+05  0.8647433866E+04  0.9704990731E+04
L6 0.3284521812E+05  -.3996401530E+06  0.3721651895E+05  -.5382393975E+06
L7 0.0000000000E+00  0.4707739459E+04  0.1301526294E+05  0.2035823597E+05
L8 0.5761838264E+04  0.5753964890E+05  0.0000000000E+00  0.0000000000E+00
L9 0.0000000000E+00  0.0000000000E+00  0.0000000000E+00  0.1043672876E+01  0.0000000000E+00
L0    92000  0.2940000000E+03  -.3156899606E+06  0.8425854463E+05
L1 0.2999841794E+03  0.2999841794E+03  -.3999485052E+12  0.1000000000E+01
L2 0.1000000000E+01  0.1201616497E+03  0.1201616497E+03  0.1201616497E+03
L3 0.1335596098E+07  0.1575100931E+03  0.1150157099E+03  -.2198957293E+03
L4 0.1754335788E+02  0.1101203825E+05  0.1108328523E+05  0.1098299798E+05
L5 0.3307832145E+05  0.9497988626E+04  0.9977708506E+04  0.1309672313E+05
L6 0.3257242026E+05  -.3999485052E+06  0.3756297293E+05  -.5387779795E+06
L7 0.0000000000E+00  0.4734060167E+04  0.1293501086E+05  0.2037654285E+05
L8 0.5715941876E+04  0.5750494559E+05  0.0000000000E+00  0.0000000000E+00
L9 0.0000000000E+00  0.0000000000E+00  0.0000000000E+00  0.1043814102E+01  0.0000000000E+00
L0    93000  0.2960000000E+03  -.3159983710E+06  0.8391903558E+05
L1 0.2987754314E+03  0.2987754314E+03  -.3999174066E+12  0.1000000000E+01
L2 0.1000000000E+01  0.1201867816E+03  0.1201867816E+03  0.1201867816E+03
L3 0.1336427858E+07  0.5068069581E+02  0.3776562790E+03  -.2137540457E+03
L4 0.7152764305E+02  0.1097922265E+05  0.1105240054E+05  0.1114697396E+05
L5 0.3317859714E+05  0.1049175627E+05  0.7419957522E+04  0.1320294239E+05
L6 0.3111465619E+05  -.3999174066E+06  0.3736953258E+05  -.5385391511E+06
L7 0.0000000000E+00  0.4770993842E+04  0.1294993183E+05  0.2033886342E+05
L8 0.5761661824E+04  0.5743076101E+05  0.0000000000E+00  0.0000000000E+00
L9 0.0000000000E+00  0.0000000000E+00  0.0000000000E+00  0.1043164457E+01  0.0000000000E+00
L0    94000  0.2980000000E+03  -.3150997632E+06  0.8452550916E+05
L1 0.3009346484E+03  0.3009346484E+03  -.3996252724E+12  0.1000000000E+01
L2 0.1000000000E+01  0.1201716078E+03  0.1201716078E+03  0.1201716078E+03
L3 0.1335932580E+07  -.5308207963E+02  0.1575457154E+03  -.1627168219E+03
L4 -.1941772873E+02  0.1111699248E+05  0.1101461079E+05  0.1109880461E+05
L5 0.3323040788E+05  0.1162736708E+05  0.9499837221E+04  0.1266329743E+05
L6 0.3379050173E+05  -.3996252724E+06  0.3755084761E+05  -.5385689982E+06
L7 0.0000000000E+00  0.4753531254E+04  0.1300325228E+05  0.2035270497E+05
L8 0.5738392091E+04  0.5754499757E+05  0.0000000000E+00  0.0000000000E+00
L9 0.0000000000E+00  0.0000000000E+00  0.0000000000E+00  0.1043551196E+01  0.0000000000E+00
L0    95000  0.3000000000E+03  -.3153270240E+06  0.8456618641E+05
L1 0.3010794709E+03  0.3010794709E+03  -.3998932104E+12  0.1000000000E+01
L2 0.1000000000E+01  0.1202180599E+03  0.1202180599E+03  0.1202180599E+03
L3 0.1337473272E+07  -.9384259523E+02  0.1197774482E+03  0.1449544466E+03
L4 0.5696309986E+02  0.1124234575E+05  0.1101016114E+05  0.1112014409E+05
L5 0.3337265098E+05  0.1214566591E+05  0.9857194484E+04  0.9724825971E+04
L6 0.3172768636E+05  -.3998932104E+06  0.3722974085E+05  -.5385911609E+06
L7 0.0000000000E+00  0.4780132595E+04  0.1306747983E+05  0.2039223125E+05
L8 0.5688209362E+04  0.5754015659E+05  0.0000000000E+00  0.0000000000E+00
L9 0.0000000000E+00  0.0000000000E+00  0.0000000000E+00  0.1042349085E+01  0.0000000000E+00
L0    96000  0.3020000000E+03  -.3151465617E+06  0.8429903997E+05
L1 0.3001283542E+03  0.3001283542E+03  -.3994456017E+12  0.1000000000E+01
L2 0.1000000000E+01  0.1201678380E+03  0.1201678380E+03  0.1201678380E+03
L3 0.1335802506E+07  0.2133183950E+02  0.6362519549E+02  -.3363599184E+02
L4 0.1710701438E+02  0.1109953981E+05  0.1108244286E+05  0.1096474916E+05
L5 0.3314673184E+05  0.1089445800E+05  0.1047075767E+05  0.1128812166E+05
L6 0.3265333733E+05  -.3994456017E+06  0.3738125312E+05  -.5380870729E+06
L7 0.0000000000E+00  0.4728494306E+04  0.1281710614E+05  0.2030834727E+05
L8 0.5794545220E+04  0.5761172517E+05  0.0000000000E+00  0.0000000000E+00
L9 0.0000000000E+00  0.0000000000E+00  0.0000000000E+00  0.1043652811E+01  0.0000000000E+00
L0    97000  0.3040000000E+03  -.3151836401E+06  0.8423546077E+05
L1 0.2999019943E+03  0.2999019943E+03  -.3994191008E+12  0.1000000000E+01
L2 0.1000000000E+01  0.1201635798E+03  0.1201635798E+03  0.1201635798E+03
L3 0.1335642761E+07  0.2131161057E+03  0.1739533876E+03  0.1111494992E+03
L4 0.1660729975E+03  0.1105903157E+05  0.1095890727E+05  0.1113465740E+05
L5 0.3315259625E+05  0.9010403277E+04  0.9286739744E+04  0.1006620691E+05
L6 0.2836334993E+05  -.3994191008E+06  0.3727055103E+05  -.5381909120E+06
L7 0.0000000000E+00  0.4867275227E+04  0.1297379766E+05  0.2043014685E+05
L8 0.5759175409E+04  0.5747086500E+05  0.0000000000E+00  0.0000000000E+00
L9 0.0000000000E+00  0.0000000000E+00  0.0000000000E+00  0.1043777634E+01  0.0000000000E+00
L0    98000  0.3060000000E+03  -.3154013844E+06  0.8453004661E+05
L1 0.3009508030E+03  0.3009508030E+03  -.3999314310E+12  0.1000000000E+01
L2 0.1000000000E+01  0.1201479941E+03  0.1201479941E+03  0.1201479941E+03
L3 0.1335145245E+07  -.7101069742E+01  -.9391147280E+01  -.4280787292E+02
L4 -.1976669665E+02  0.1121544348E+05  0.1105276986E+05  0.1103748531E+05
L5 0.3330569865E+05  0.1128367875E+05  0.1114301083E+05  0.1144883270E+05
L6 0.3387552227E+05  -.3999314310E+06  0.3734923804E+05  -.5386657118E+06
L7 0.0000000000E+00  0.4710503582E+04  0.1300192710E+05  0.2037047280E+05
L8 0.5758242790E+04  0.5754389644E+05  0.0000000000E+00  0.0000000000E+00
L9 0.0000000000E+00  0.0000000000E+00  0.0000000000E+00  0.1044166578E+01  0.0000000000E+00
L0    99000  0.3080000000E+03  -.3154967358E+06  0.8410026287E+05
L1 0.2994206517E+03  0.2994206517E+03  -.3995969986E+12  0.1000000000E+01
L2 0.1000000000E+01  0.1201919522E+03  0.1201919522E+03  0.1201919522E+03
L3 0.1336610787E+07  -.8667989793E+01  -.2279540012E+03  0.1886043050E+03
L4 -.1600589532E+02  0.1097080690E+05  0.1096748377E+05  0.1098210164E+05
L5 0.3292039231E+05  0.1105419037E+05  0.1316033295E+05  0.9167784748E+04
L6 0.3338230806E+05  -.3995969986E+06  0.3743571445E+05  -.5384824784E+06
L7 0.0000000000E+00  0.4705950799E+04  0.1312931307E+05  0.2041956411E+05
L8 0.5780220000E+04  0.5741471736E+05  0.0000000000E+00  0.0000000000E+00
L9 0.0000000000E+00  0.0000000000E+00  0.0000000000E+00  0.1043021690E+01  0.0000000000E+00
L0   100000  0.3100000000E+03  -.3151480200E+06  0.8445038304E+05
L1 0.3006671782E+03  0.3006671782E+03  -.3995984030E+12  0.1000000000E+01
L2 0.1000000000E+01  0.1201648872E+03  0.1201648872E+03  0.1201648872E+03
L3 0.1335692701E+07  0.2510460173E+03  0.2179652469E+03  -.1304740461E+03
L4 0.1128457394E+03  0.1117000821E+05  0.1092846285E+05  0.1105814852E+05
L5 0.3315661958E+05  0.8756679563E+04  0.8833142716E+04  0.1231240763E+05
L6 0.2990222990E+05  -.3995984030E+06  0.3766113897E+05  -.5389675765E+06
L7 0.0000000000E+00  0.4884837169E+04  0.1305383852E+05  0.2037835318E+05
L8 0.5767535773E+04  0.5762346988E+05  0.0000000000E+00  0.0000000000E+00
L9 0.0000000000E+00  0.0000000000E+00  0.0000000000E+00  0.1043738609E+01  0.0000000000E+00
