Run semi-empirical minimization
 &qmmm
    qm_theory='AM1', grms_tol=0.0005,
 scfconv=1.d-10, ndiis_attempts=700,   qmcharge=1,
 /
   6    C1       52.3860      -24.8700       30.4860 
   6   C10       58.2780      -29.9510       30.9500 
   6   C11       59.2000      -29.3990       35.6500 
   6   C12       58.4610      -29.7800       36.7670 
   6   C13       59.0640      -30.3850       37.8570 
   6   C14       60.4170      -30.6510       37.8570 
   6   C15       61.2180      -30.3370       36.7250 
   6   C16       60.5980      -29.7240       35.5870 
   6   C17       61.4230      -29.4040       34.4790 
   6   C18       63.2740      -30.3230       35.6910 
   6   C19       62.7530      -29.6960       34.5370 
   6    C2       54.6480      -24.3870       30.8470 
   6   C20       61.0110      -31.2750       38.9980 
   6    C3       54.2260      -25.3430       31.9640 
   6    C4       52.8780      -25.9020       31.4810 
   6    C5       57.2900      -27.1900       33.2640 
   6    C6       57.5320      -27.8370       34.6250 
   6    C7       58.3000      -29.8070       33.4400 
   6    C8       58.3660      -29.0410       32.1470 
   6    C9       56.1300      -26.2310       33.2510 
   9    F1       53.0110      -27.1670       30.8960 
   7    N1       53.3650      -23.7670       30.4930 
   7    N2       55.2180      -26.3640       32.2790 
   7    N3       58.5610      -28.8840       34.5470 
   7    N4       62.5600      -30.6450       36.7520 
   7    N5       61.4300      -31.7660       39.9220 
   8    O1       57.2430      -28.1340       32.1780 
   8    O2       56.0940      -25.3240       34.0900 
   1    H1       51.4040      -24.5010       30.7830 
   1    H2       52.3230      -25.3090       29.4900 
   1    H3       59.1330      -30.6270       30.9440 
   1    H4       58.2810      -29.3540       30.0380 
   1    H5       57.3570      -30.5310       31.0010 
   1    H6       57.3960      -29.6000       36.7840 
   1    H7       58.4680      -30.6520       38.7170 
   1    H8       61.0030      -28.9350       33.6010 
   1    H9       64.3290      -30.5540       35.7050 
   1   H10       63.4020      -29.4510       33.7090 
   1   H11       55.0760      -24.9260       30.0020 
   1   H12       55.3630      -23.6460       31.2060 
   1   H13       54.1340      -24.8340       32.9240 
   1   H14       52.1780      -26.0540       32.3030 
   1   H15       58.1770      -26.5810       33.0870 
   1   H16       56.6010      -28.2810       34.9770 
   1   H17       57.8580      -27.0710       35.3290 
   1   H18       59.0510      -30.5970       33.4370 
   1   H19       57.3100      -30.2470       33.5550 
   1   H20       59.3170      -28.5170       32.0540 
   1   H21       53.1080      -23.0710       31.1780 
   1   H23       53.4080      -23.2970       29.6000 
   1   H22       55.2170      -27.2160       31.7360 

