L0  Nsteps           time(ps)         Etot             EKinetic        
L1  Temp             T_solute         T_solv           Pres_scal_solu  
L2  Pres_scal_solv   BoxX             BoxY             BoxZ            
L3  volume           pres_X           pres_Y           pres_Z          
L4  Pressure         EKCoM_x          EKCoM_y          EKCoM_z         
L5  EKComTot         VIRIAL_x         VIRIAL_y         VIRIAL_z        
L6  VIRIAL_tot       E_pot            E_vdw            E_el            
L7  E_hbon           E_bon            E_angle          E_dih           
L8  E_14vdw          E_14el           E_const          E_pol           
L9  AV_permMoment    AV_indMoment     AV_totMoment     Density          dV/dlambda      
L0     1000  0.1120000000E+03  -.3001757313E+06  0.8082933021E+05
L1 0.2999554235E+03  0.2999554235E+03  -.3810050615E+12  0.1000000000E+01
L2 0.1000000000E+01  0.1184709612E+03  0.1184709612E+03  0.1184709612E+03
L3 0.1280017849E+07  -.1583349949E+03  0.1194665064E+02  -.1738587462E+02
L4 -.5459140630E+02  0.1047370539E+05  0.1050171754E+05  0.1045277714E+05
L5 0.3142820007E+05  0.1193235009E+05  0.1039166026E+05  0.1061294270E+05
L6 0.3293695306E+05  -.3810050615E+06  0.3500718273E+05  -.5179501776E+06
L7 0.0000000000E+00  0.4805646143E+04  0.1307301873E+05  0.2036802076E+05
L8 0.5739964131E+04  0.5795128361E+05  0.0000000000E+00  0.0000000000E+00
L9 0.0000000000E+00  0.0000000000E+00  0.0000000000E+00  0.1044547272E+01  0.0000000000E+00
L0     2000  0.1140000000E+03  -.2997510375E+06  0.8122976469E+05
L1 0.3014414249E+03  0.3014414249E+03  -.3809808022E+12  0.1000000000E+01
L2 0.1000000000E+01  0.1185047031E+03  0.1185047031E+03  0.1185047031E+03
L3 0.1281093836E+07  -.2425117082E+02  0.1487920653E+03  0.1845925919E+03
L4 0.1030444955E+03  0.1050736478E+05  0.1057970352E+05  0.1056801193E+05
L5 0.3165508023E+05  0.1073096397E+05  0.9207819830E+04  0.8866042363E+04
L6 0.2880482616E+05  -.3809808022E+06  0.3474263666E+05  -.5173691449E+06
L7 0.0000000000E+00  0.4754810664E+04  0.1310996114E+05  0.2026423066E+05
L8 0.5721575354E+04  0.5779512823E+05  0.0000000000E+00  0.0000000000E+00
L9 0.0000000000E+00  0.0000000000E+00  0.0000000000E+00  0.1043669960E+01  0.0000000000E+00
L0     3000  0.1160000000E+03  -.3002129446E+06  0.8106583766E+05
L1 0.3008330962E+03  0.3008330962E+03  -.3812787823E+12  0.1000000000E+01
L2 0.1000000000E+01  0.1185298329E+03  0.1185298329E+03  0.1185298329E+03
L3 0.1281924516E+07  -.3037551155E+02  0.8752718694E+02  -.1549549108E+03
L4 -.3260107848E+02  0.1059825413E+05  0.1053446267E+05  0.1053339840E+05
L5 0.3166611521E+05  0.1087850220E+05  0.9726926467E+04  0.1196303079E+05
L6 0.3256845946E+05  -.3812787823E+06  0.3451023732E+05  -.5174926719E+06
L7 0.0000000000E+00  0.4707227907E+04  0.1289957700E+05  0.2038345383E+05
L8 0.5758520630E+04  0.5795487295E+05  0.0000000000E+00  0.0000000000E+00
L9 0.0000000000E+00  0.0000000000E+00  0.0000000000E+00  0.1042993668E+01  0.0000000000E+00
L0     4000  0.1180000000E+03  -.3005345051E+06  0.8069360139E+05
L1 0.2994517376E+03  0.2994517376E+03  -.3812281065E+12  0.1000000000E+01
L2 0.1000000000E+01  0.1185122295E+03  0.1185122295E+03  0.1185122295E+03
L3 0.1281349609E+07  0.8603722354E+01  0.8333731303E+02  -.8897986571E+02
L4 0.9870565584E+00  0.1056785721E+05  0.1042996973E+05  0.1032027028E+05
L5 0.3131809722E+05  0.1048851384E+05  0.9661434619E+04  0.1114084090E+05
L6 0.3129078936E+05  -.3812281065E+06  0.3445958804E+05  -.5176362895E+06
L7 0.0000000000E+00  0.4760957760E+04  0.1300593285E+05  0.2038954443E+05
L8 0.5750509566E+04  0.5804165039E+05  0.0000000000E+00  0.0000000000E+00
L9 0.0000000000E+00  0.0000000000E+00  0.0000000000E+00  0.1043461631E+01  0.0000000000E+00
L0     5000  0.1200000000E+03  -.3006674946E+06  0.8089993420E+05
L1 0.3002174330E+03  0.3002174330E+03  -.3815674288E+12  0.1000000000E+01
L2 0.1000000000E+01  0.1184244509E+03  0.1184244509E+03  0.1184244509E+03
L3 0.1278516274E+07  0.2789752757E+02  -.2048784161E+03  -.1287281513E+03
L4 -.1019030133E+03  0.1042068756E+05  0.1046907364E+05  0.1043990609E+05
L5 0.3132966729E+05  0.1016398597E+05  0.1235428066E+05  0.1162440965E+05
L6 0.3414267629E+05  -.3815674288E+06  0.3460368666E+05  -.5179684838E+06
L7 0.0000000000E+00  0.4728422535E+04  0.1272897605E+05  0.2036505774E+05
L8 0.5819361257E+04  0.5815555076E+05  0.0000000000E+00  0.0000000000E+00
L9 0.0000000000E+00  0.0000000000E+00  0.0000000000E+00  0.1045774058E+01  0.0000000000E+00
L0     6000  0.1220000000E+03  -.3011257834E+06  0.8053592344E+05
L1 0.2988665991E+03  0.2988665991E+03  -.3816617069E+12  0.1000000000E+01
L2 0.1000000000E+01  0.1184579886E+03  0.1184579886E+03  0.1184579886E+03
L3 0.1279574465E+07  0.2486751226E+03  -.7246804941E+02  0.2630631335E+03
L4 0.1464234022E+03  0.1048404768E+05  0.1039141705E+05  0.1044288315E+05
L5 0.3131834788E+05  0.8193947472E+04  0.1105879018E+05  0.8020280801E+04
L6 0.2727301845E+05  -.3816617069E+06  0.3500502496E+05  -.5184060891E+06
L7 0.0000000000E+00  0.4785338802E+04  0.1292431866E+05  0.2017426881E+05
L8 0.5782038506E+04  0.5807339247E+05  0.0000000000E+00  0.0000000000E+00
L9 0.0000000000E+00  0.0000000000E+00  0.0000000000E+00  0.1044909218E+01  0.0000000000E+00
L0     7000  0.1240000000E+03  -.3003065787E+06  0.8129626614E+05
L1 0.3016882100E+03  0.3016882100E+03  -.3816028448E+12  0.1000000000E+01
L2 0.1000000000E+01  0.1185231152E+03  0.1185231152E+03  0.1185231152E+03
L3 0.1281693833E+07  0.2130682973E+03  -.1207677296E+03  0.1441332128E+03
L4 0.7881126016E+02  0.1047353121E+05  0.1058546916E+05  0.1050456522E+05
L5 0.3156356559E+05  0.8508091574E+04  0.1169948605E+05  0.9175014396E+04
L6 0.2938259202E+05  -.3816028448E+06  0.3475529139E+05  -.5179611475E+06
L7 0.0000000000E+00  0.4721873870E+04  0.1291263899E+05  0.2026255240E+05
L8 0.5760127521E+04  0.5794581856E+05  0.0000000000E+00  0.0000000000E+00
L9 0.0000000000E+00  0.0000000000E+00  0.0000000000E+00  0.1043181389E+01  0.0000000000E+00
L0     8000  0.1260000000E+03  -.3004299727E+06  0.8058736805E+05
L1 0.2990575086E+03  0.2990575086E+03  -.3810173407E+12  0.1000000000E+01
L2 0.1000000000E+01  0.1185150865E+03  0.1185150865E+03  0.1185150865E+03
L3 0.1281436168E+07  0.1729803858E+03  -.1737102153E+03  0.1641862501E+03
L4 0.5448547353E+02  0.1043277304E+05  0.1038072906E+05  0.1050557187E+05
L5 0.3131907397E+05  0.8837443459E+04  0.1198278957E+05  0.8991347113E+04
L6 0.2981158015E+05  -.3810173407E+06  0.3470857175E+05  -.5174815508E+06
L7 0.0000000000E+00  0.4800736445E+04  0.1302781653E+05  0.2030546603E+05
L8 0.5751606414E+04  0.5787001289E+05  0.0000000000E+00  0.0000000000E+00
L9 0.0000000000E+00  0.0000000000E+00  0.0000000000E+00  0.1043391147E+01  0.0000000000E+00
L0     9000  0.1280000000E+03  -.3000537494E+06  0.8086131271E+05
L1 0.3000741097E+03  0.3000741097E+03  -.3809150621E+12  0.1000000000E+01
L2 0.1000000000E+01  0.1185293206E+03  0.1185293206E+03  0.1185293206E+03
L3 0.1281901444E+07  0.1900470619E+03  -.2093173322E+03  0.9072231476E+02
L4 0.2381734816E+02  0.1038012120E+05  0.1043259905E+05  0.1054618439E+05
L5 0.3135890465E+05  0.8626756026E+04  0.1236375083E+05  0.9709184620E+04
L6 0.3069969147E+05  -.3809150621E+06  0.3455057633E+05  -.5171590662E+06
L7 0.0000000000E+00  0.4796909241E+04  0.1289195700E+05  0.2039519488E+05
L8 0.5756016330E+04  0.5785335029E+05  0.0000000000E+00  0.0000000000E+00
L9 0.0000000000E+00  0.0000000000E+00  0.0000000000E+00  0.1043012440E+01  0.0000000000E+00
L0    10000  0.1300000000E+03  -.2996645671E+06  0.8105429735E+05
L1 0.3007902704E+03  0.3007902704E+03  -.3807188644E+12  0.1000000000E+01
L2 0.1000000000E+01  0.1185406566E+03  0.1185406566E+03  0.1185406566E+03
L3 0.1282263243E+07  -.8717827695E+02  -.7179742887E+02  0.3887439720E+03
L4 0.7658942206E+02  0.1058889239E+05  0.1053844702E+05  0.1054407810E+05
L5 0.3167141751E+05  0.1139342204E+05  0.1120103364E+05  0.6956532406E+04
L6 0.2955098809E+05  -.3807188644E+06  0.3497278629E+05  -.5175085078E+06
L7 0.0000000000E+00  0.4739205280E+04  0.1306374423E+05  0.2026988542E+05
L8 0.5780114082E+04  0.5796390811E+05  0.0000000000E+00  0.0000000000E+00
L9 0.0000000000E+00  0.0000000000E+00  0.0000000000E+00  0.1042718147E+01  0.0000000000E+00
L0    11000  0.1320000000E+03  -.3002184303E+06  0.8103198037E+05
L1 0.3007074527E+03  0.3007074527E+03  -.3812504106E+12  0.1000000000E+01
L2 0.1000000000E+01  0.1185024165E+03  0.1185024165E+03  0.1185024165E+03
L3 0.1281030269E+07  -.1793624798E+03  0.9354877974E+02  0.1169437942E+03
L4 0.1037669804E+02  0.1052345161E+05  0.1050252953E+05  0.1051809292E+05
L5 0.3154407405E+05  0.1217711675E+05  0.9640039465E+04  0.9439908253E+04
L6 0.3125706446E+05  -.3812504106E+06  0.3482740327E+05  -.5180331970E+06
L7 0.0000000000E+00  0.4837146124E+04  0.1303004594E+05  0.2031267517E+05
L8 0.5755879902E+04  0.5801963596E+05  0.0000000000E+00  0.0000000000E+00
L9 0.0000000000E+00  0.0000000000E+00  0.0000000000E+00  0.1043721749E+01  0.0000000000E+00
L0    12000  0.1340000000E+03  -.2995010684E+06  0.8109200702E+05
L1 0.3009302100E+03  0.3009302100E+03  -.3805930754E+12  0.1000000000E+01
L2 0.1000000000E+01  0.1184891169E+03  0.1184891169E+03  0.1184891169E+03
L3 0.1280594392E+07  0.2664873811E+03  -.6876519278E+02  -.4543411875E+02
L4 0.5076268986E+02  0.1057666566E+05  0.1043327253E+05  0.1055491656E+05
L5 0.3156485475E+05  0.8120572560E+04  0.1106705007E+05  0.1097366219E+05
L6 0.3016128482E+05  -.3805930754E+06  0.3470200624E+05  -.5171309708E+06
L7 0.0000000000E+00  0.4676394144E+04  0.1307566989E+05  0.2035199511E+05
L8 0.5758642463E+04  0.5797318756E+05  0.0000000000E+00  0.0000000000E+00
L9 0.0000000000E+00  0.0000000000E+00  0.0000000000E+00  0.1044077001E+01  0.0000000000E+00
L0    13000  0.1360000000E+03  -.3000255835E+06  0.8074872303E+05
L1 0.2996562925E+03  0.2996562925E+03  -.3807743065E+12  0.1000000000E+01
L2 0.1000000000E+01  0.1185157421E+03  0.1185157421E+03  0.1185157421E+03
L3 0.1281477989E+07  -.1071189709E+03  -.1279169090E+03  -.1410386765E+03
L4 -.1253581855E+03  0.1054933415E+05  0.1055031642E+05  0.1052079895E+05
L5 0.3162044952E+05  0.1153728223E+05  0.1173008191E+05  0.1182158525E+05
L6 0.3508894939E+05  -.3807743065E+06  0.3440377986E+05  -.5169331554E+06
L7 0.0000000000E+00  0.4740623401E+04  0.1297939182E+05  0.2034194343E+05
L8 0.5802780718E+04  0.5789032969E+05  0.0000000000E+00  0.0000000000E+00
L9 0.0000000000E+00  0.0000000000E+00  0.0000000000E+00  0.1043357096E+01  0.0000000000E+00
L0    14000  0.1380000000E+03  -.2999992125E+06  0.8075652325E+05
L1 0.2996852389E+03  0.2996852389E+03  -.3807557358E+12  0.1000000000E+01
L2 0.1000000000E+01  0.1184977159E+03  0.1184977159E+03  0.1184977159E+03
L3 0.1280875825E+07  0.1028180046E+03  -.2210738839E+03  0.2021135995E+03
L4 0.2795257341E+02  0.1065453559E+05  0.1036034209E+05  0.1049719908E+05
L5 0.3151207675E+05  0.9706700503E+04  0.1239832740E+05  0.8634000496E+04
L6 0.3073902840E+05  -.3807557358E+06  0.3422902118E+05  -.5166124615E+06
L7 0.0000000000E+00  0.4732976030E+04  0.1288367514E+05  0.2033261125E+05
L8 0.5755355974E+04  0.5792308619E+05  0.0000000000E+00  0.0000000000E+00
L9 0.0000000000E+00  0.0000000000E+00  0.0000000000E+00  0.1043847598E+01  0.0000000000E+00
L0    15000  0.1400000000E+03  -.2997194895E+06  0.8084230757E+05
L1 0.3000035822E+03  0.3000035822E+03  -.3805617970E+12  0.1000000000E+01
L2 0.1000000000E+01  0.1184701765E+03  0.1184701765E+03  0.1184701765E+03
L3 0.1279968450E+07  0.4107395160E+02  0.2933121297E+03  0.1315223113E+03
L4 0.1553027975E+03  0.1035718327E+05  0.1046305004E+05  0.1037177447E+05
L5 0.3119200778E+05  0.9978808361E+04  0.7761046785E+04  0.9160185592E+04
L6 0.2690004074E+05  -.3805617970E+06  0.3498223660E+05  -.5171243509E+06
L7 0.0000000000E+00  0.4799552129E+04  0.1299418533E+05  0.2032815895E+05
L8 0.5709875317E+04  0.5774854557E+05  0.0000000000E+00  0.0000000000E+00
L9 0.0000000000E+00  0.0000000000E+00  0.0000000000E+00  0.1044587586E+01  0.0000000000E+00
L0    16000  0.1420000000E+03  -.3000993527E+06  0.8118403649E+05
L1 0.3012717288E+03  0.3012717288E+03  -.3812833892E+12  0.1000000000E+01
L2 0.1000000000E+01  0.1184941626E+03  0.1184941626E+03  0.1184941626E+03
L3 0.1280755998E+07  0.2878601196E+03  0.1688660424E+02  -.9998623637E+02
L4 0.6825349581E+02  0.1046113573E+05  0.1054204774E+05  0.1048258930E+05
L5 0.3148577277E+05  0.7807725006E+04  0.1038639194E+05  0.1140423330E+05
L6 0.2959835024E+05  -.3812833892E+06  0.3505313100E+05  -.5181493777E+06
L7 0.0000000000E+00  0.4665779703E+04  0.1291366511E+05  0.2035482853E+05
L8 0.5791308501E+04  0.5808727568E+05  0.0000000000E+00  0.0000000000E+00
L9 0.0000000000E+00  0.0000000000E+00  0.0000000000E+00  0.1043945260E+01  0.0000000000E+00
L0    17000  0.1440000000E+03  -.3004649380E+06  0.8082274901E+05
L1 0.2999310009E+03  0.2999310009E+03  -.3812876870E+12  0.1000000000E+01
L2 0.1000000000E+01  0.1185158969E+03  0.1185158969E+03  0.1185158969E+03
L3 0.1281477590E+07  -.1662613292E+02  0.6862327653E+01  -.2240407877E+03
L4 -.7793486432E+02  0.1041436469E+05  0.1035400584E+05  0.1053893386E+05
L5 0.3130730440E+05  0.1056770589E+05  0.1029071527E+05  0.1260524010E+05
L6 0.3346366126E+05  -.3812876870E+06  0.3456380544E+05  -.5174778671E+06
L7 0.0000000000E+00  0.4823592722E+04  0.1279496259E+05  0.2037572473E+05
L8 0.5741318685E+04  0.5789077592E+05  0.0000000000E+00  0.0000000000E+00
L9 0.0000000000E+00  0.0000000000E+00  0.0000000000E+00  0.1043357420E+01  0.0000000000E+00
L0    18000  0.1460000000E+03  -.3000565532E+06  0.8097428802E+05
L1 0.3004933580E+03  0.3004933580E+03  -.3810308412E+12  0.1000000000E+01
L2 0.1000000000E+01  0.1185233900E+03  0.1185233900E+03  0.1185233900E+03
L3 0.1281703556E+07  -.2756867105E+02  -.1342994928E+01  0.2441490571E+03
L4 0.7174579706E+02  0.1040423926E+05  0.1040215278E+05  0.1051245649E+05
L5 0.3131884853E+05  0.1065854724E+05  0.1041454128E+05  0.8260296593E+04
L6 0.2933338511E+05  -.3810308412E+06  0.3485288471E+05  -.5176458631E+06
L7 0.0000000000E+00  0.4758718243E+04  0.1301569894E+05  0.2025164017E+05
L8 0.5785968572E+04  0.5795011128E+05  0.0000000000E+00  0.0000000000E+00
L9 0.0000000000E+00  0.0000000000E+00  0.0000000000E+00  0.1043173475E+01  0.0000000000E+00
L0    19000  0.1480000000E+03  -.3007464519E+06  0.8060240550E+05
L1 0.2991133122E+03  0.2991133122E+03  -.3813488574E+12  0.1000000000E+01
L2 0.1000000000E+01  0.1185279804E+03  0.1185279804E+03  0.1185279804E+03
L3 0.1281845691E+07  0.2410188901E+03  0.1209122765E+03  0.3144903038E+02
L4 0.1311267324E+03  0.1054053092E+05  0.1037059248E+05  0.1047292205E+05
L5 0.3138404545E+05  0.8316998783E+04  0.9255110067E+04  0.1018278741E+05
L6 0.2775489626E+05  -.3813488574E+06  0.3521440791E+05  -.5181993549E+06
L7 0.0000000000E+00  0.4686987958E+04  0.1292115001E+05  0.2033929053E+05
L8 0.5730845714E+04  0.5795781536E+05  0.0000000000E+00  0.0000000000E+00
L9 0.0000000000E+00  0.0000000000E+00  0.0000000000E+00  0.1043057805E+01  0.0000000000E+00
L0    20000  0.1500000000E+03  -.3003845834E+06  0.8051508534E+05
L1 0.2987892695E+03  0.2987892695E+03  -.3808996688E+12  0.1000000000E+01
L2 0.1000000000E+01  0.1184857319E+03  0.1184857319E+03  0.1184857319E+03
L3 0.1280495792E+07  -.1823506633E+03  -.1226358793E+03  0.1644190541E+03
L4 -.4685582951E+02  0.1051558117E+05  0.1035673132E+05  0.1042092784E+05
L5 0.3129324033E+05  0.1219609497E+05  0.1148692347E+05  0.8905668810E+04
L6 0.3258868725E+05  -.3808996688E+06  0.3453786397E+05  -.5169386670E+06
L7 0.0000000000E+00  0.4751827936E+04  0.1295283483E+05  0.2019924814E+05
L8 0.5724068842E+04  0.5787315453E+05  0.0000000000E+00  0.0000000000E+00
L9 0.0000000000E+00  0.0000000000E+00  0.0000000000E+00  0.1044157397E+01  0.0000000000E+00
L0    21000  0.1520000000E+03  -.2999923492E+06  0.8116440695E+05
L1 0.3011988841E+03  0.3011988841E+03  -.3811567561E+12  0.1000000000E+01
L2 0.1000000000E+01  0.1184500158E+03  0.1184500158E+03  0.1184500158E+03
L3 0.1279338402E+07  0.1650561992E+03  -.1595231428E+03  -.1521711911E+03
L4 -.4887937824E+02  0.1053822176E+05  0.1056171532E+05  0.1064791175E+05
L5 0.3174784883E+05  0.9018465791E+04  0.1203052564E+05  0.1204902892E+05
L6 0.3309802035E+05  -.3811567561E+06  0.3430706906E+05  -.5171600401E+06
L7 0.0000000000E+00  0.4712977037E+04  0.1297718381E+05  0.2038434793E+05
L8 0.5719977615E+04  0.5790172849E+05  0.0000000000E+00  0.0000000000E+00
L9 0.0000000000E+00  0.0000000000E+00  0.0000000000E+00  0.1045102024E+01  0.0000000000E+00
L0    22000  0.1540000000E+03  -.3010188701E+06  0.8052264848E+05
L1 0.2988173361E+03  0.2988173361E+03  -.3815415186E+12  0.1000000000E+01
L2 0.1000000000E+01  0.1184397477E+03  0.1184397477E+03  0.1184397477E+03
L3 0.1278979923E+07  0.8392124262E+02  0.2390826950E+03  0.2088951476E+03
L4 0.1772996951E+03  0.1046279797E+05  0.1035473704E+05  0.1048617190E+05
L5 0.3130370692E+05  0.9690309136E+04  0.8153998501E+04  0.8563307499E+04
L6 0.2640761514E+05  -.3815415186E+06  0.3469545017E+05  -.5178514945E+06
L7 0.0000000000E+00  0.4872001411E+04  0.1293454546E+05  0.2027512253E+05
L8 0.5734245091E+04  0.5779861121E+05  0.0000000000E+00  0.0000000000E+00
L9 0.0000000000E+00  0.0000000000E+00  0.0000000000E+00  0.1045394951E+01  0.0000000000E+00
L0    23000  0.1560000000E+03  -.3004765727E+06  0.8110284007E+05
L1 0.3009704111E+03  0.3009704111E+03  -.3815794127E+12  0.1000000000E+01
L2 0.1000000000E+01  0.1184534794E+03  0.1184534794E+03  0.1184534794E+03
L3 0.1279459975E+07  -.2607766311E+03  -.1579227628E+03  0.2656692322E+02
L4 -.1307108236E+03  0.1033230688E+05  0.1066118240E+05  0.1047840734E+05
L5 0.3147189662E+05  0.1273363748E+05  0.1211539538E+05  0.1023376898E+05
L6 0.3508280185E+05  -.3815794127E+06  0.3462682573E+05  -.5179089833E+06
L7 0.0000000000E+00  0.4833091037E+04  0.1283077865E+05  0.2025420320E+05
L8 0.5753965796E+04  0.5803070611E+05  0.0000000000E+00  0.0000000000E+00
L9 0.0000000000E+00  0.0000000000E+00  0.0000000000E+00  0.1045002719E+01  0.0000000000E+00
L0    24000  0.1580000000E+03  -.3008249677E+06  0.8077913090E+05
L1 0.2997691353E+03  0.2997691353E+03  -.3816040986E+12  0.1000000000E+01
L2 0.1000000000E+01  0.1184095246E+03  0.1184095246E+03  0.1184095246E+03
L3 0.1278032142E+07  -.2533530361E+03  -.2167273294E+03  0.1843200053E+03
L4 -.9525345339E+02  0.1040339855E+05  0.1060467442E+05  0.1034705018E+05
L5 0.3135512315E+05  0.1273376634E+05  0.1259815512E+05  0.8651655442E+04
L6 0.3398357691E+05  -.3816040986E+06  0.3480692915E+05  -.5182723905E+06
L7 0.0000000000E+00  0.4666018160E+04  0.1305502247E+05  0.2035073247E+05
L8 0.5818565301E+04  0.5797102435E+05  0.0000000000E+00  0.0000000000E+00
L9 0.0000000000E+00  0.0000000000E+00  0.0000000000E+00  0.1046170209E+01  0.0000000000E+00
L0    25000  0.1600000000E+03  -.3010031267E+06  0.8084204593E+05
L1 0.3000026112E+03  0.3000026112E+03  -.3818451727E+12  0.1000000000E+01
L2 0.1000000000E+01  0.1184148934E+03  0.1184148934E+03  0.1184148934E+03
L3 0.1278177701E+07  0.3744729273E+03  0.2658154303E+03  -.1816057788E+03
L4 0.1528941929E+03  0.1032408158E+05  0.1060628087E+05  0.1053483693E+05
L5 0.3146519938E+05  0.6879248034E+04  0.8161004199E+04  0.1220545617E+05
L6 0.2724570841E+05  -.3818451727E+06  0.3539642483E+05  -.5189719217E+06
L7 0.0000000000E+00  0.4858358382E+04  0.1291200954E+05  0.2028621589E+05
L8 0.5762368757E+04  0.5791137164E+05  0.0000000000E+00  0.0000000000E+00
L9 0.0000000000E+00  0.0000000000E+00  0.0000000000E+00  0.1046051071E+01  0.0000000000E+00
L0    26000  0.1620000000E+03  -.3003587360E+06  0.8088133759E+05
L1 0.3001484215E+03  0.3001484215E+03  -.3812400736E+12  0.1000000000E+01
L2 0.1000000000E+01  0.1184555053E+03  0.1184555053E+03  0.1184555053E+03
L3 0.1279518351E+07  -.7314468546E+02  -.5975251500E+02  -.6813752803E+02
L4 -.6701157616E+02  0.1049075688E+05  0.1044414685E+05  0.1050112934E+05
L5 0.3143603307E+05  0.1116433174E+05  0.1099439588E+05  0.1112859430E+05
L6 0.3328732192E+05  -.3812400736E+06  0.3416277026E+05  -.5172871638E+06
L7 0.0000000000E+00  0.4806631901E+04  0.1302295409E+05  0.2035169994E+05
L8 0.5758054005E+04  0.5794498003E+05  0.0000000000E+00  0.0000000000E+00
L9 0.0000000000E+00  0.0000000000E+00  0.0000000000E+00  0.1044955043E+01  0.0000000000E+00
L0    27000  0.1640000000E+03  -.3003642389E+06  0.8102186614E+05
L1 0.3006699191E+03  0.3006699191E+03  -.3813861051E+12  0.1000000000E+01
L2 0.1000000000E+01  0.1184391814E+03  0.1184391814E+03  0.1184391814E+03
L3 0.1278977899E+07  0.1036158543E+03  -.4594449446E+02  0.4495298742E+02
L4 0.3420811575E+02  0.1040907549E+05  0.1052946432E+05  0.1054217324E+05
L5 0.3148071305E+05  0.9455300713E+04  0.1095237933E+05  0.1012838497E+05
L6 0.3053606501E+05  -.3813861051E+06  0.3482467690E+05  -.5181559720E+06
L7 0.0000000000E+00  0.4768550760E+04  0.1303143794E+05  0.2028238672E+05
L8 0.5812628159E+04  0.5805018646E+05  0.0000000000E+00  0.0000000000E+00
L9 0.0000000000E+00  0.0000000000E+00  0.0000000000E+00  0.1045396604E+01  0.0000000000E+00
L0    28000  0.1660000000E+03  -.3009031740E+06  0.8069662034E+05
L1 0.2994629409E+03  0.2994629409E+03  -.3815997943E+12  0.1000000000E+01
L2 0.1000000000E+01  0.1183856993E+03  0.1183856993E+03  0.1183856993E+03
L3 0.1277271087E+07  -.2100276670E+03  0.5484051934E+02  -.4005069525E+03
L4 -.1852313667E+03  0.1051642196E+05  0.1040160052E+05  0.1049851286E+05
L5 0.3141653533E+05  0.1244712806E+05  0.9897472051E+04  0.1418022408E+05
L6 0.3652482419E+05  -.3815997943E+06  0.3482821310E+05  -.5184316592E+06
L7 0.0000000000E+00  0.4826765088E+04  0.1301748304E+05  0.2026680496E+05
L8 0.5761276135E+04  0.5813132256E+05  0.0000000000E+00  0.0000000000E+00
L9 0.0000000000E+00  0.0000000000E+00  0.0000000000E+00  0.1046793564E+01  0.0000000000E+00
L0    29000  0.1680000000E+03  -.3009345748E+06  0.8076211402E+05
L1 0.2997059861E+03  0.2997059861E+03  -.3816966889E+12  0.1000000000E+01
L2 0.1000000000E+01  0.1184106854E+03  0.1184106854E+03  0.1184106854E+03
L3 0.1278061627E+07  -.8885970989E+02  -.2027096743E+03  0.2190702738E+03
L4 -.2416637011E+02  0.1054898685E+05  0.1034648777E+05  0.1044169704E+05
L5 0.3133717166E+05  0.1136634663E+05  0.1221107562E+05  0.8426619207E+04
L6 0.3200404146E+05  -.3816966889E+06  0.3469217726E+05  -.5182571642E+06
L7 0.0000000000E+00  0.4810049441E+04  0.1309631453E+05  0.2026961427E+05
L8 0.5728765396E+04  0.5796355441E+05  0.0000000000E+00  0.0000000000E+00
L9 0.0000000000E+00  0.0000000000E+00  0.0000000000E+00  0.1046146074E+01  0.0000000000E+00
L0    30000  0.1700000000E+03  -.3005535158E+06  0.8089622487E+05
L1 0.3002036678E+03  0.3002036678E+03  -.3814497407E+12  0.1000000000E+01
L2 0.1000000000E+01  0.1184453289E+03  0.1184453289E+03  0.1184453289E+03
L3 0.1279200150E+07  -.5950698951E+03  -.1339614641E+03  0.2247077696E+03
L4 -.1681078632E+03  0.1042793255E+05  0.1043115318E+05  0.1043129933E+05
L5 0.3129038505E+05  0.1590645015E+05  0.1166447089E+05  0.8362524748E+04
L6 0.3593344578E+05  -.3814497407E+06  0.3451155155E+05  -.5176734341E+06
L7 0.0000000000E+00  0.4827972798E+04  0.1302932766E+05  0.2030058502E+05
L8 0.5726186976E+04  0.5782806935E+05  0.0000000000E+00  0.0000000000E+00
L9 0.0000000000E+00  0.0000000000E+00  0.0000000000E+00  0.1045214975E+01  0.0000000000E+00
L0    31000  0.1720000000E+03  -.3008185373E+06  0.8078392504E+05
L1 0.2997869262E+03  0.2997869262E+03  -.3816024623E+12  0.1000000000E+01
L2 0.1000000000E+01  0.1184920728E+03  0.1184920728E+03  0.1184920728E+03
L3 0.1280684168E+07  0.6143594080E+02  0.4711370592E+02  0.2030595681E+03
L4 0.1038697383E+03  0.1037817191E+05  0.1066671861E+05  0.1059045301E+05
L5 0.3163534352E+05  0.9811905061E+04  0.1023246255E+05  0.8718814038E+04
L6 0.2876318164E+05  -.3816024623E+06  0.3483950022E+05  -.5181856653E+06
L7 0.0000000000E+00  0.4682650099E+04  0.1305130467E+05  0.2025736536E+05
L8 0.5752127854E+04  0.5800025476E+05  0.0000000000E+00  0.0000000000E+00
L9 0.0000000000E+00  0.0000000000E+00  0.0000000000E+00  0.1044003812E+01  0.0000000000E+00
L0    32000  0.1740000000E+03  -.3009745337E+06  0.8058954359E+05
L1 0.2990655820E+03  0.2990655820E+03  -.3815640773E+12  0.1000000000E+01
L2 0.1000000000E+01  0.1184296859E+03  0.1184296859E+03  0.1184296859E+03
L3 0.1278670131E+07  0.1117592025E+03  0.3982446290E+03  -.4026628158E+03
L4 0.3578033855E+02  0.1056977016E+05  0.1043243517E+05  0.1040860416E+05
L5 0.3141080948E+05  0.9541284136E+04  0.6767510706E+04  0.1411418785E+05
L6 0.3042298269E+05  -.3815640773E+06  0.3489215173E+05  -.5181113266E+06
L7 0.0000000000E+00  0.4737578067E+04  0.1301743628E+05  0.2031498647E+05
L8 0.5747351070E+04  0.5783774569E+05  0.0000000000E+00  0.0000000000E+00
L9 0.0000000000E+00  0.0000000000E+00  0.0000000000E+00  0.1045648225E+01  0.0000000000E+00
L0    33000  0.1760000000E+03  -.3002890976E+06  0.8081603526E+05
L1 0.2999060864E+03  0.2999060864E+03  -.3811051329E+12  0.1000000000E+01
L2 0.1000000000E+01  0.1184645579E+03  0.1184645579E+03  0.1184645579E+03
L3 0.1279804742E+07  -.9912725188E+02  0.1176644977E+03  -.3606590567E+02
L4 -.5842886600E+01  0.1069237587E+05  0.1049050506E+05  0.1040217173E+05
L5 0.3158505265E+05  0.1160542335E+05  0.9406713556E+04  0.1073436982E+05
L6 0.3174650673E+05  -.3811051329E+06  0.3456296410E+05  -.5175264171E+06
L7 0.0000000000E+00  0.4824062596E+04  0.1313250047E+05  0.2033053768E+05
L8 0.5798860506E+04  0.5777235891E+05  0.0000000000E+00  0.0000000000E+00
L9 0.0000000000E+00  0.0000000000E+00  0.0000000000E+00  0.1044721205E+01  0.0000000000E+00
L0    34000  0.1780000000E+03  -.3005234561E+06  0.8066923181E+05
L1 0.2993613028E+03  0.2993613028E+03  -.3811926879E+12  0.1000000000E+01
L2 0.1000000000E+01  0.1184783604E+03  0.1184783604E+03  0.1184783604E+03
L3 0.1280245703E+07  0.1519864537E+03  -.7995445957E+02  0.7926715432E+02
L4 0.5043304948E+02  0.1047086483E+05  0.1038653092E+05  0.1047721351E+05
L5 0.3133460926E+05  0.9070456168E+04  0.1112323419E+05  0.9746843095E+04
L6 0.2994053345E+05  -.3811926879E+06  0.3497182768E+05  -.5179888602E+06
L7 0.0000000000E+00  0.4856297031E+04  0.1309385613E+05  0.2017706794E+05
L8 0.5766769318E+04  0.5793035420E+05  0.0000000000E+00  0.0000000000E+00
L9 0.0000000000E+00  0.0000000000E+00  0.0000000000E+00  0.1044361367E+01  0.0000000000E+00
L0    35000  0.1800000000E+03  -.3001752088E+06  0.8108270513E+05
L1 0.3008956909E+03  0.3008956909E+03  -.3812579140E+12  0.1000000000E+01
L2 0.1000000000E+01  0.1184599520E+03  0.1184599520E+03  0.1184599520E+03
L3 0.1279655268E+07  -.1323897724E+03  0.3309034806E+02  0.8710163303E+02
L4 -.4065930450E+01  0.1063562738E+05  0.1050134394E+05  0.1057898673E+05
L5 0.3171595805E+05  0.1185490893E+05  0.1019658889E+05  0.9776799279E+04
L6 0.3182829711E+05  -.3812579140E+06  0.3481137458E+05  -.5178305067E+06
L7 0.0000000000E+00  0.4749927715E+04  0.1292640292E+05  0.2019902986E+05
L8 0.5810135549E+04  0.5807572217E+05  0.0000000000E+00  0.0000000000E+00
L9 0.0000000000E+00  0.0000000000E+00  0.0000000000E+00  0.1044843238E+01  0.0000000000E+00
L0    36000  0.1820000000E+03  -.3010146078E+06  0.8064928229E+05
L1 0.2992872707E+03  0.2992872707E+03  -.3816638900E+12  0.1000000000E+01
L2 0.1000000000E+01  0.1184552637E+03  0.1184552637E+03  0.1184552637E+03
L3 0.1279497670E+07  0.7819683119E+02  -.1089602667E+03  0.1675133993E+03
L4 0.4558332129E+02  0.1052576936E+05  0.1049276470E+05  0.1045830574E+05
L5 0.3147683980E+05  0.9805681927E+04  0.1149614192E+05  0.8915733071E+04
L6 0.3021755692E+05  -.3816638900E+06  0.3494038541E+05  -.5183646099E+06
L7 0.0000000000E+00  0.4750501380E+04  0.1294595518E+05  0.2029176794E+05
L8 0.5809480601E+04  0.5796262931E+05  0.0000000000E+00  0.0000000000E+00
L9 0.0000000000E+00  0.0000000000E+00  0.0000000000E+00  0.1044971932E+01  0.0000000000E+00
L0    37000  0.1840000000E+03  -.3010872018E+06  0.8067223672E+05
L1 0.2993724539E+03  0.2993724539E+03  -.3817594385E+12  0.1000000000E+01
L2 0.1000000000E+01  0.1184595250E+03  0.1184595250E+03  0.1184595250E+03
L3 0.1279633310E+07  -.8736935941E+02  0.2274041193E+03  0.6113632181E+02
L4 0.6705702723E+02  0.1029272975E+05  0.1046303989E+05  0.1047986146E+05
L5 0.3123563110E+05  0.1109736910E+05  0.8368732408E+04  0.9916818640E+04
L6 0.2938292015E+05  -.3817594385E+06  0.3509498441E+05  -.5185875240E+06
L7 0.0000000000E+00  0.4725042215E+04  0.1302250018E+05  0.2020165579E+05
L8 0.5801785451E+04  0.5798211749E+05  0.0000000000E+00  0.0000000000E+00
L9 0.0000000000E+00  0.0000000000E+00  0.0000000000E+00  0.1044861166E+01  0.0000000000E+00
L0    38000  0.1860000000E+03  -.3003678254E+06  0.8096144382E+05
L1 0.3004456935E+03  0.3004456935E+03  -.3813292693E+12  0.1000000000E+01
L2 0.1000000000E+01  0.1184728858E+03  0.1184728858E+03  0.1184728858E+03
L3 0.1280092877E+07  -.1667136564E+03  0.9188828909E+01  -.3384629194E+03
L4 -.1653292489E+03  0.1048297211E+05  0.1047743612E+05  0.1051424439E+05
L5 0.3147465262E+05  0.1201889438E+05  0.1039278003E+05  0.1363248165E+05
L6 0.3604415606E+05  -.3813292693E+06  0.3441133680E+05  -.5172547423E+06
L7 0.0000000000E+00  0.4751878377E+04  0.1300136445E+05  0.2026631672E+05
L8 0.5728488567E+04  0.5776608814E+05  0.0000000000E+00  0.0000000000E+00
L9 0.0000000000E+00  0.0000000000E+00  0.0000000000E+00  0.1044486050E+01  0.0000000000E+00
L0    39000  0.1880000000E+03  -.3001171906E+06  0.8134615640E+05
L1 0.3018733513E+03  0.3018733513E+03  -.3814633470E+12  0.1000000000E+01
L2 0.1000000000E+01  0.1184859774E+03  0.1184859774E+03  0.1184859774E+03
L3 0.1280489190E+07  0.1094754970E+02  0.2015609089E+03  0.2941243713E+02
L4 0.8064029859E+02  0.1048004419E+05  0.1056914642E+05  0.1055993214E+05
L5 0.3160912275E+05  0.1037915389E+05  0.8711603720E+04  0.1028887334E+05
L6 0.2937963095E+05  -.3814633470E+06  0.3481837722E+05  -.5179421686E+06
L7 0.0000000000E+00  0.4760022929E+04  0.1302281778E+05  0.2019625907E+05
L8 0.5742633831E+04  0.5793871073E+05  0.0000000000E+00  0.0000000000E+00
L9 0.0000000000E+00  0.0000000000E+00  0.0000000000E+00  0.1044162780E+01  0.0000000000E+00
L0    40000  0.1900000000E+03  -.3004512645E+06  0.8080223947E+05
L1 0.2998548906E+03  0.2998548906E+03  -.3812535039E+12  0.1000000000E+01
L2 0.1000000000E+01  0.1184179567E+03  0.1184179567E+03  0.1184179567E+03
L3 0.1278288650E+07  0.3139925725E+03  0.1999832307E+02  -.1844803529E+03
L4 0.4983684756E+02  0.1047663233E+05  0.1049775134E+05  0.1030115407E+05
L5 0.3127553774E+05  0.7587916060E+04  0.1031376775E+05  0.1199836427E+05
L6 0.2990004808E+05  -.3812535039E+06  0.3416808783E+05  -.5170578971E+06
L7 0.0000000000E+00  0.4743922757E+04  0.1300910658E+05  0.2030885885E+05
L8 0.5783528101E+04  0.5779088901E+05  0.0000000000E+00  0.0000000000E+00
L9 0.0000000000E+00  0.0000000000E+00  0.0000000000E+00  0.1045960279E+01  0.0000000000E+00
L0    41000  0.1920000000E+03  -.3007528742E+06  0.8094071806E+05
L1 0.3003687808E+03  0.3003687808E+03  -.3816935922E+12  0.1000000000E+01
L2 0.1000000000E+01  0.1184494655E+03  0.1184494655E+03  0.1184494655E+03
L3 0.1279330693E+07  -.3682909310E+03  -.1537165925E+03  0.1093168356E+03
L4 -.1375635626E+03  0.1046884099E+05  0.1054597610E+05  0.1063328066E+05
L5 0.3164809775E+05  0.1385986156E+05  0.1196131404E+05  0.9626751290E+04
L6 0.3544792689E+05  -.3816935922E+06  0.3462462890E+05  -.5180522996E+06
L7 0.0000000000E+00  0.4828830688E+04  0.1304304068E+05  0.2033764505E+05
L8 0.5711109858E+04  0.5781345223E+05  0.0000000000E+00  0.0000000000E+00
L9 0.0000000000E+00  0.0000000000E+00  0.0000000000E+00  0.1045108321E+01  0.0000000000E+00
L0    42000  0.1940000000E+03  -.3008309727E+06  0.8081563909E+05
L1 0.2999046162E+03  0.2999046162E+03  -.3816466118E+12  0.1000000000E+01
L2 0.1000000000E+01  0.1184139529E+03  0.1184139529E+03  0.1184139529E+03
L3 0.1278153536E+07  0.1943373799E+03  -.8843164779E+02  0.1872641495E+03
L4 0.9772329388E+02  0.1045460796E+05  0.1040005027E+05  0.1046499804E+05
L5 0.3131965627E+05  0.8666902574E+04  0.1121353110E+05  0.8742359148E+04
L6 0.2862279282E+05  -.3816466118E+06  0.3500610436E+05  -.5183932552E+06
L7 0.0000000000E+00  0.4782976934E+04  0.1300303978E+05  0.2030473266E+05
L8 0.5795460754E+04  0.5785432888E+05  0.0000000000E+00  0.0000000000E+00
L9 0.0000000000E+00  0.0000000000E+00  0.0000000000E+00  0.1046070847E+01  0.0000000000E+00
L0    43000  0.1960000000E+03  -.3010486340E+06  0.8072750989E+05
L1 0.2995775711E+03  0.2995775711E+03  -.3817761439E+12  0.1000000000E+01
L2 0.1000000000E+01  0.1184643723E+03  0.1184643723E+03  0.1184643723E+03
L3 0.1279798672E+07  0.1425843160E+03  -.9497645566E+02  -.6375569385E+02
L4 -.5382611189E+01  0.1038360296E+05  0.1044292458E+05  0.1044556685E+05
L5 0.3127209439E+05  0.9070284674E+04  0.1131773550E+05  0.1103280899E+05
L6 0.3142082916E+05  -.3817761439E+06  0.3497161888E+05  -.5181808055E+06
L7 0.0000000000E+00  0.4620614009E+04  0.1296956290E+05  0.2018894353E+05
L8 0.5747024364E+04  0.5790689789E+05  0.0000000000E+00  0.0000000000E+00
L9 0.0000000000E+00  0.0000000000E+00  0.0000000000E+00  0.1044726161E+01  0.0000000000E+00
L0    44000  0.1980000000E+03  -.3003823082E+06  0.8097094840E+05
L1 0.3004809647E+03  0.3004809647E+03  -.3813532566E+12  0.1000000000E+01
L2 0.1000000000E+01  0.1184666636E+03  0.1184666636E+03  0.1184666636E+03
L3 0.1279884278E+07  -.1051347544E+03  -.8165567421E+02  -.1273990442E+03
L4 -.1047298243E+03  0.1045283907E+05  0.1061032694E+05  0.1056482819E+05
L5 0.3162799421E+05  0.1142128101E+05  0.1136249287E+05  0.1173835619E+05
L6 0.3452213006E+05  -.3813532566E+06  0.3479343535E+05  -.5175867686E+06
L7 0.0000000000E+00  0.4876083818E+04  0.1297944705E+05  0.2016881331E+05
L8 0.5693816262E+04  0.5772191623E+05  0.0000000000E+00  0.0000000000E+00
L9 0.0000000000E+00  0.0000000000E+00  0.0000000000E+00  0.1044656283E+01  0.0000000000E+00
L0    45000  0.2000000000E+03  -.3007643078E+06  0.8080246409E+05
L1 0.2998557241E+03  0.2998557241E+03  -.3815667719E+12  0.1000000000E+01
L2 0.1000000000E+01  0.1184503001E+03  0.1184503001E+03  0.1184503001E+03
L3 0.1279327387E+07  0.2954567256E+03  0.3942198179E+03  -.3045088333E+03
L4 0.1283892368E+03  0.1053560803E+05  0.1048994892E+05  0.1047602284E+05
L5 0.3150157979E+05  0.7815211842E+04  0.6860198789E+04  0.1327976564E+05
L6 0.2795517627E+05  -.3815667719E+06  0.3498986955E+05  -.5181057264E+06
L7 0.0000000000E+00  0.4778603098E+04  0.1291752001E+05  0.2026334146E+05
L8 0.5742311749E+04  0.5784730866E+05  0.0000000000E+00  0.0000000000E+00
L9 0.0000000000E+00  0.0000000000E+00  0.0000000000E+00  0.1045111022E+01  0.0000000000E+00
L0    46000  0.2020000000E+03  -.3008567016E+06  0.8068060392E+05
L1 0.2994035044E+03  0.2994035044E+03  -.3815373055E+12  0.1000000000E+01
L2 0.1000000000E+01  0.1184295503E+03  0.1184295503E+03  0.1184295503E+03
L3 0.1278686871E+07  -.2914139387E+03  -.2310770729E+03  0.7404211424E+02
L4 -.1494829658E+03  0.1048648798E+05  0.1048391979E+05  0.1036336496E+05
L5 0.3133377273E+05  0.1316831713E+05  0.1261047981E+05  0.9681968931E+04
L6 0.3546076587E+05  -.3815373055E+06  0.3445706882E+05  -.5175705971E+06
L7 0.0000000000E+00  0.4778363065E+04  0.1291683391E+05  0.2029219193E+05
L8 0.5737875428E+04  0.5785095846E+05  0.0000000000E+00  0.0000000000E+00
L9 0.0000000000E+00  0.0000000000E+00  0.0000000000E+00  0.1045634535E+01  0.0000000000E+00
L0    47000  0.2040000000E+03  -.3004688184E+06  0.8088200053E+05
L1 0.3001508817E+03  0.3001508817E+03  -.3813508189E+12  0.1000000000E+01
L2 0.1000000000E+01  0.1184063714E+03  0.1184063714E+03  0.1184063714E+03
L3 0.1277913816E+07  0.2630464533E+02  0.1322641013E+03  -.1722590842E+02
L4 0.4711427941E+02  0.1055903871E+05  0.1048183082E+05  0.1042588117E+05
L5 0.3146675070E+05  0.1031710822E+05  0.9265364381E+04  0.1058431221E+05
L6 0.3016678482E+05  -.3813508189E+06  0.3465035842E+05  -.5177320794E+06
L7 0.0000000000E+00  0.4676803749E+04  0.1300279277E+05  0.2029019884E+05
L8 0.5786299658E+04  0.5797480700E+05  0.0000000000E+00  0.0000000000E+00
L9 0.0000000000E+00  0.0000000000E+00  0.0000000000E+00  0.1046267077E+01  0.0000000000E+00
L0    48000  0.2060000000E+03  -.3010688857E+06  0.8105947534E+05
L1 0.3008094858E+03  0.3008094858E+03  -.3821283611E+12  0.1000000000E+01
L2 0.1000000000E+01  0.1184408160E+03  0.1184408160E+03  0.1184408160E+03
L3 0.1279024350E+07  0.8730357399E+02  0.1360000845E+03  0.5040561984E+02
L4 0.9123642612E+02  0.1046501970E+05  0.1053459899E+05  0.1048385953E+05
L5 0.3148347821E+05  0.9661368833E+04  0.9282684773E+04  0.1001986340E+05
L6 0.2896391701E+05  -.3821283611E+06  0.3522546862E+05  -.5190952642E+06
L7 0.0000000000E+00  0.4735967422E+04  0.1307848752E+05  0.2027809637E+05
L8 0.5722770879E+04  0.5792611227E+05  0.0000000000E+00  0.0000000000E+00
L9 0.0000000000E+00  0.0000000000E+00  0.0000000000E+00  0.1045358638E+01  0.0000000000E+00
L0    49000  0.2080000000E+03  -.3005555083E+06  0.8106968816E+05
L1 0.3008473853E+03  0.3008473853E+03  -.3816251964E+12  0.1000000000E+01
L2 0.1000000000E+01  0.1184607071E+03  0.1184607071E+03  0.1184607071E+03
L3 0.1279690637E+07  -.5731099740E+02  0.1072951723E+03  -.3486292029E+03
L4 -.9954834265E+02  0.1047840993E+05  0.1054396980E+05  0.1045271977E+05
L5 0.3147509950E+05  0.1100624658E+05  0.9555776842E+04  0.1366360909E+05
L6 0.3422563251E+05  -.3816251964E+06  0.3461554762E+05  -.5178889268E+06
L7 0.0000000000E+00  0.4691149272E+04  0.1298285125E+05  0.2025643198E+05
L8 0.5812067276E+04  0.5790568294E+05  0.0000000000E+00  0.0000000000E+00
L9 0.0000000000E+00  0.0000000000E+00  0.0000000000E+00  0.1044814360E+01  0.0000000000E+00
L0    50000  0.2100000000E+03  -.3007422168E+06  0.8108939739E+05
L1 0.3009205257E+03  0.3009205257E+03  -.3818316142E+12  0.1000000000E+01
L2 0.1000000000E+01  0.1184714405E+03  0.1184714405E+03  0.1184714405E+03
L3 0.1280037544E+07  -.5106368567E+02  -.2020397422E+03  -.2002806353E+02
L4 -.9104383048E+02  0.1056676032E+05  0.1043342768E+05  0.1057684884E+05
L5 0.3157703683E+05  0.1103718646E+05  0.1229472646E+05  0.1076135813E+05
L6 0.3409327105E+05  -.3818316142E+06  0.3474629317E+05  -.5183241705E+06
L7 0.0000000000E+00  0.4773800977E+04  0.1295088138E+05  0.2033041966E+05
L8 0.5750145708E+04  0.5794101536E+05  0.0000000000E+00  0.0000000000E+00
L9 0.0000000000E+00  0.0000000000E+00  0.0000000000E+00  0.1044531200E+01  0.0000000000E+00
L0    51000  0.2120000000E+03  -.3001499516E+06  0.8102914676E+05
L1 0.3006969373E+03  0.3006969373E+03  -.3811790983E+12  0.1000000000E+01
L2 0.1000000000E+01  0.1184324149E+03  0.1184324149E+03  0.1184324149E+03
L3 0.1278752705E+07  -.6020507506E+02  0.2204548729E+03  0.1002263707E+03
L4 0.8682538950E+02  0.1036536029E+05  0.1045593508E+05  0.1036220770E+05
L5 0.3118350307E+05  0.1091944511E+05  0.8427024773E+04  0.9439795264E+04
L6 0.2878626514E+05  -.3811790983E+06  0.3474863152E+05  -.5177029599E+06
L7 0.0000000000E+00  0.4760439113E+04  0.1312237654E+05  0.2024055787E+05
L8 0.5702714489E+04  0.5794914204E+05  0.0000000000E+00  0.0000000000E+00
L9 0.0000000000E+00  0.0000000000E+00  0.0000000000E+00  0.1045580703E+01  0.0000000000E+00
L0    52000  0.2140000000E+03  -.3006409382E+06  0.8080950052E+05
L1 0.2998818361E+03  0.2998818361E+03  -.3814504388E+12  0.1000000000E+01
L2 0.1000000000E+01  0.1184513980E+03  0.1184513980E+03  0.1184513980E+03
L3 0.1279382720E+07  -.2576697735E+01  0.2380570935E+02  -.1555186599E+03
L4 -.4476321609E+02  0.1035723302E+05  0.1052134016E+05  0.1054026848E+05
L5 0.3141884166E+05  0.1038095880E+05  0.1030214135E+05  0.1197225710E+05
L6 0.3265535725E+05  -.3814504388E+06  0.3420134276E+05  -.5171904915E+06
L7 0.0000000000E+00  0.4799914057E+04  0.1295494752E+05  0.2021581905E+05
L8 0.5759512664E+04  0.5780851665E+05  0.0000000000E+00  0.0000000000E+00
L9 0.0000000000E+00  0.0000000000E+00  0.0000000000E+00  0.1045065821E+01  0.0000000000E+00
L0    53000  0.2160000000E+03  -.3007943719E+06  0.8090105914E+05
L1 0.3002216076E+03  0.3002216076E+03  -.3816954311E+12  0.1000000000E+01
L2 0.1000000000E+01  0.1184606983E+03  0.1184606983E+03  0.1184606983E+03
L3 0.1279675135E+07  0.1087111289E+02  0.6827629273E+02  0.2217932426E+02
L4 0.3377557663E+02  0.1065165433E+05  0.1040110095E+05  0.1052744481E+05
L5 0.3158020009E+05  0.1055153214E+05  0.9772281103E+04  0.1032317479E+05
L6 0.3064698804E+05  -.3816954311E+06  0.3439015030E+05  -.5176988457E+06
L7 0.0000000000E+00  0.4721285342E+04  0.1297797062E+05  0.2024934197E+05
L8 0.5750597174E+04  0.5791406920E+05  0.0000000000E+00  0.0000000000E+00
L9 0.0000000000E+00  0.0000000000E+00  0.0000000000E+00  0.1044827016E+01  0.0000000000E+00
L0    54000  0.2180000000E+03  -.3006645348E+06  0.8082686384E+05
L1 0.2999462709E+03  0.2999462709E+03  -.3814913986E+12  0.1000000000E+01
L2 0.1000000000E+01  0.1184565158E+03  0.1184565158E+03  0.1184565158E+03
L3 0.1279538636E+07  0.1171164234E+03  -.1605869987E+03  0.1699393623E+03
L4 0.4215626231E+02  0.1054693528E+05  0.1040609222E+05  0.1055783592E+05
L5 0.3151086342E+05  0.9468416316E+04  0.1188492942E+05  0.8992873300E+04
L6 0.3034621903E+05  -.3814913986E+06  0.3439577333E+05  -.5175318826E+06
L7 0.0000000000E+00  0.4806151068E+04  0.1289849787E+05  0.2032376475E+05
L8 0.5716677089E+04  0.5789961986E+05  0.0000000000E+00  0.0000000000E+00
L9 0.0000000000E+00  0.0000000000E+00  0.0000000000E+00  0.1044938476E+01  0.0000000000E+00
L0    55000  0.2200000000E+03  -.3004873134E+06  0.8098654889E+05
L1 0.3005388577E+03  0.3005388577E+03  -.3814738623E+12  0.1000000000E+01
L2 0.1000000000E+01  0.1184478676E+03  0.1184478676E+03  0.1184478676E+03
L3 0.1279257969E+07  -.2681769527E+03  0.1521593725E+03  0.2540980637E+03
L4 0.4602682785E+02  0.1044449969E+05  0.1051358728E+05  0.1052981737E+05
L5 0.3148790434E+05  0.1291358538E+05  0.9112667008E+04  0.8190354983E+04
L6 0.3021660737E+05  -.3814738623E+06  0.3472642467E+05  -.5178041373E+06
L7 0.0000000000E+00  0.4798751590E+04  0.1296999977E+05  0.2025595096E+05
L8 0.5695207151E+04  0.5788394081E+05  0.0000000000E+00  0.0000000000E+00
L9 0.0000000000E+00  0.0000000000E+00  0.0000000000E+00  0.1045167734E+01  0.0000000000E+00
L0    56000  0.2220000000E+03  -.3000024715E+06  0.8106026574E+05
L1 0.3008124189E+03  0.3008124189E+03  -.3810627373E+12  0.1000000000E+01
L2 0.1000000000E+01  0.1184690209E+03  0.1184690209E+03  0.1184690209E+03
L3 0.1279935850E+07  0.2441975589E+03  0.1566995793E+03  -.6262614027E+02
L4 0.1127569993E+03  0.1047618791E+05  0.1051190595E+05  0.1052832230E+05
L5 0.3151641616E+05  0.8226687370E+04  0.9068419826E+04  0.1110522215E+05
L6 0.2840032935E+05  -.3810627373E+06  0.3470755024E+05  -.5173274815E+06
L7 0.0000000000E+00  0.4745137087E+04  0.1300665731E+05  0.2023653658E+05
L8 0.5754561502E+04  0.5781430148E+05  0.0000000000E+00  0.0000000000E+00
L9 0.0000000000E+00  0.0000000000E+00  0.0000000000E+00  0.1044614192E+01  0.0000000000E+00
L0    57000  0.2240000000E+03  -.2999217576E+06  0.8113617514E+05
L1 0.3010941167E+03  0.3010941167E+03  -.3810579327E+12  0.1000000000E+01
L2 0.1000000000E+01  0.1184734517E+03  0.1184734517E+03  0.1184734517E+03
L3 0.1280079077E+07  0.7311901932E+01  0.1579940797E+03  0.1832012766E+03
L4 0.1161690861E+03  0.1056070904E+05  0.1057089584E+05  0.1059319589E+05
L5 0.3172480078E+05  0.1049334568E+05  0.9115322167E+04  0.8905392424E+04
L6 0.2851406027E+05  -.3810579327E+06  0.3443171698E+05  -.5171495403E+06
L7 0.0000000000E+00  0.4706886998E+04  0.1293954092E+05  0.2030179280E+05
L8 0.5756896240E+04  0.5795477360E+05  0.0000000000E+00  0.0000000000E+00
L9 0.0000000000E+00  0.0000000000E+00  0.0000000000E+00  0.1044497310E+01  0.0000000000E+00
L0    58000  0.2260000000E+03  -.3007002863E+06  0.8092541579E+05
L1 0.3003119945E+03  0.3003119945E+03  -.3816257021E+12  0.1000000000E+01
L2 0.1000000000E+01  0.1184513291E+03  0.1184513291E+03  0.1184513291E+03
L3 0.1279403454E+07  -.3114847080E+03  -.1574302193E+03  -.2691315928E+03
L4 -.2460155067E+03  0.1038848082E+05  0.1058838159E+05  0.1044753447E+05
L5 0.3142439689E+05  0.1325662401E+05  0.1203799501E+05  0.1292569127E+05
L6 0.3822031028E+05  -.3816257021E+06  0.3461610225E+05  -.5178814579E+06
L7 0.0000000000E+00  0.4748078625E+04  0.1302536066E+05  0.2021025024E+05
L8 0.5776217281E+04  0.5787974670E+05  0.0000000000E+00  0.0000000000E+00
L9 0.0000000000E+00  0.0000000000E+00  0.0000000000E+00  0.1045048885E+01  0.0000000000E+00
L0    59000  0.2280000000E+03  -.2998490028E+06  0.8104207416E+05
L1 0.3007449105E+03  0.3007449105E+03  -.3808910769E+12  0.1000000000E+01
L2 0.1000000000E+01  0.1185002594E+03  0.1185002594E+03  0.1185002594E+03
L3 0.1280939606E+07  0.6510324666E+03  0.1286785768E+03  -.2048577202E+03
L4 0.1916177744E+03  0.1059287697E+05  0.1030147580E+05  0.1044677921E+05
L5 0.3134113198E+05  0.4590989046E+04  0.9115184123E+04  0.1233536870E+05
L6 0.2604154187E+05  -.3808910769E+06  0.3512116044E+05  -.5176179150E+06
L7 0.0000000000E+00  0.4780191336E+04  0.1295278700E+05  0.2026471323E+05
L8 0.5745447014E+04  0.5786253909E+05  0.0000000000E+00  0.0000000000E+00
L9 0.0000000000E+00  0.0000000000E+00  0.0000000000E+00  0.1043795622E+01  0.0000000000E+00
L0    60000  0.2300000000E+03  -.2999351183E+06  0.8137026927E+05
L1 0.3019628335E+03  0.3019628335E+03  -.3813053876E+12  0.1000000000E+01
L2 0.1000000000E+01  0.1184969820E+03  0.1184969820E+03  0.1184969820E+03
L3 0.1280862934E+07  -.1632580506E+03  -.2025213341E+03  0.1632130987E+03
L4 -.6752209531E+02  0.1054255940E+05  0.1053983747E+05  0.1059507522E+05
L5 0.3167747209E+05  0.1204755020E+05  0.1240677600E+05  0.9090498812E+04
L6 0.3354482501E+05  -.3813053876E+06  0.3466978817E+05  -.5175333278E+06
L7 0.0000000000E+00  0.4800476215E+04  0.1294599978E+05  0.2016603618E+05
L8 0.5763077304E+04  0.5788256252E+05  0.0000000000E+00  0.0000000000E+00
L9 0.0000000000E+00  0.0000000000E+00  0.0000000000E+00  0.1043858103E+01  0.0000000000E+00
L0    61000  0.2320000000E+03  -.3001931249E+06  0.8092520443E+05
L1 0.3003112101E+03  0.3003112101E+03  -.3811183294E+12  0.1000000000E+01
L2 0.1000000000E+01  0.1184568561E+03  0.1184568561E+03  0.1184568561E+03
L3 0.1279541611E+07  0.3872849880E+02  0.3443365178E+02  0.2650114803E+03
L4 0.1127245436E+03  0.1047534453E+05  0.1042458753E+05  0.1042561277E+05
L5 0.3132554483E+05  0.1011869500E+05  0.1010748911E+05  0.7985130364E+04
L6 0.2821131447E+05  -.3811183294E+06  0.3437976630E+05  -.5170873389E+06
L7 0.0000000000E+00  0.4762631376E+04  0.1301502968E+05  0.2015619190E+05
L8 0.5751106466E+04  0.5790428383E+05  0.0000000000E+00  0.0000000000E+00
L9 0.0000000000E+00  0.0000000000E+00  0.0000000000E+00  0.1044936047E+01  0.0000000000E+00
L0    62000  0.2340000000E+03  -.3000817556E+06  0.8113405544E+05
L1 0.3010862505E+03  0.3010862505E+03  -.3812158110E+12  0.1000000000E+01
L2 0.1000000000E+01  0.1184812220E+03  0.1184812220E+03  0.1184812220E+03
L3 0.1280329904E+07  0.1629721631E+03  0.1043744585E+03  0.1090252968E+03
L4 0.1254573061E+03  0.1052822896E+05  0.1048391695E+05  0.1058688325E+05
L5 0.3159902916E+05  0.9026498817E+04  0.9522143675E+04  0.9582254163E+04
L6 0.2813089666E+05  -.3812158110E+06  0.3527076342E+05  -.5179982011E+06
L7 0.0000000000E+00  0.4736661517E+04  0.1303915568E+05  0.2012997387E+05
L8 0.5736263466E+04  0.5786957207E+05  0.0000000000E+00  0.0000000000E+00
L9 0.0000000000E+00  0.0000000000E+00  0.0000000000E+00  0.1044292685E+01  0.0000000000E+00
L0    63000  0.2360000000E+03  -.3009395220E+06  0.8058145855E+05
L1 0.2990355786E+03  0.2990355786E+03  -.3815209805E+12  0.1000000000E+01
L2 0.1000000000E+01  0.1184779670E+03  0.1184779670E+03  0.1184779670E+03
L3 0.1280232860E+07  0.2962038121E+03  -.1549930138E+03  0.1244885151E+02
L4 0.5121988325E+02  0.1043974631E+05  0.1048716108E+05  0.1054670677E+05
L5 0.3147361416E+05  0.7710541089E+04  0.1191525797E+05  0.1043200375E+05
L6 0.3005780282E+05  -.3815209805E+06  0.3497498034E+05  -.5178853342E+06
L7 0.0000000000E+00  0.4795693886E+04  0.1292583226E+05  0.2012555873E+05
L8 0.5722437226E+04  0.5781985128E+05  0.0000000000E+00  0.0000000000E+00
L9 0.0000000000E+00  0.0000000000E+00  0.0000000000E+00  0.1044371844E+01  0.0000000000E+00
L0    64000  0.2380000000E+03  -.3007247112E+06  0.8060824545E+05
L1 0.2991349841E+03  0.2991349841E+03  -.3813329566E+12  0.1000000000E+01
L2 0.1000000000E+01  0.1184610621E+03  0.1184610621E+03  0.1184610621E+03
L3 0.1279696778E+07  -.8610672156E+02  -.2155837044E+02  -.4999069403E+02
L4 -.5255192868E+02  0.1043088282E+05  0.1062849000E+05  0.1037783160E+05
L5 0.3143720442E+05  0.1122393308E+05  0.1082704443E+05  0.1083825016E+05
L6 0.3288922768E+05  -.3813329566E+06  0.3467343109E+05  -.5175306963E+06
L7 0.0000000000E+00  0.4605982569E+04  0.1288669927E+05  0.2028894368E+05
L8 0.5813792981E+04  0.5792889007E+05  0.0000000000E+00  0.0000000000E+00
L9 0.0000000000E+00  0.0000000000E+00  0.0000000000E+00  0.1044809345E+01  0.0000000000E+00
L0    65000  0.2400000000E+03  -.3011781771E+06  0.8067260837E+05
L1 0.2993738331E+03  0.2993738331E+03  -.3818507855E+12  0.1000000000E+01
L2 0.1000000000E+01  0.1184100083E+03  0.1184100083E+03  0.1184100083E+03
L3 0.1278032439E+07  0.6032134682E+02  -.5378381356E+02  0.1121086224E+03
L4 0.3954871856E+02  0.1042639707E+05  0.1046556614E+05  0.1037707356E+05
L5 0.3126903677E+05  0.9871554871E+04  0.1096027541E+05  0.9345886452E+04
L6 0.3017771674E+05  -.3818507855E+06  0.3466704721E+05  -.5179978147E+06
L7 0.0000000000E+00  0.4746992490E+04  0.1299839672E+05  0.2025352620E+05
L8 0.5705392378E+04  0.5777567423E+05  0.0000000000E+00  0.0000000000E+00
L9 0.0000000000E+00  0.0000000000E+00  0.0000000000E+00  0.1046169965E+01  0.0000000000E+00
L0    66000  0.2420000000E+03  -.3006929437E+06  0.8089272351E+05
L1 0.3001906744E+03  0.3001906744E+03  -.3815856672E+12  0.1000000000E+01
L2 0.1000000000E+01  0.1184621276E+03  0.1184621276E+03  0.1184621276E+03
L3 0.1279729805E+07  -.1831075533E+03  -.1574355885E+02  0.8070534051E+02
L4 -.3938192386E+02  0.1040437023E+05  0.1053690833E+05  0.1052136753E+05
L5 0.3146264609E+05  0.1209084995E+05  0.1068191159E+05  0.9778045268E+04
L6 0.3255080682E+05  -.3815856672E+06  0.3445675791E+05  -.5175097851E+06
L7 0.0000000000E+00  0.4598662640E+04  0.1286710000E+05  0.2030146725E+05
L8 0.5768755903E+04  0.5793137411E+05  0.0000000000E+00  0.0000000000E+00
L9 0.0000000000E+00  0.0000000000E+00  0.0000000000E+00  0.1044782381E+01  0.0000000000E+00
L0    67000  0.2440000000E+03  -.3009359558E+06  0.8100527851E+05
L1 0.3006083629E+03  0.3006083629E+03  -.3819412344E+12  0.1000000000E+01
L2 0.1000000000E+01  0.1184628410E+03  0.1184628410E+03  0.1184628410E+03
L3 0.1279768411E+07  0.4950962083E+02  -.3952461173E+03  -.1793589705E+03
L4 -.1750318223E+03  0.1042580756E+05  0.1046769074E+05  0.1061235103E+05
L5 0.3150584932E+05  0.9969794196E+04  0.1410814499E+05  0.1226435493E+05
L6 0.3634229412E+05  -.3819412344E+06  0.3431742897E+05  -.5176744807E+06
L7 0.0000000000E+00  0.4627280298E+04  0.1292427372E+05  0.2027346582E+05
L8 0.5750587299E+04  0.5784021027E+05  0.0000000000E+00  0.0000000000E+00
L9 0.0000000000E+00  0.0000000000E+00  0.0000000000E+00  0.1044750864E+01  0.0000000000E+00
L0    68000  0.2460000000E+03  -.3004276349E+06  0.8086562140E+05
L1 0.3000900992E+03  0.3000900992E+03  -.3812932563E+12  0.1000000000E+01
L2 0.1000000000E+01  0.1184590273E+03  0.1184590273E+03  0.1184590273E+03
L3 0.1279634073E+07  0.2761450863E+02  0.2883304585E+01  -.2732468746E+03
L4 -.8091635378E+02  0.1053820186E+05  0.1033566261E+05  0.1046583519E+05
L5 0.3133969966E+05  0.1028388234E+05  0.1030910843E+05  0.1298233892E+05
L6 0.3357532969E+05  -.3812932563E+06  0.3440740520E+05  -.5172411351E+06
L7 0.0000000000E+00  0.4740994498E+04  0.1302084501E+05  0.2021535865E+05
L8 0.5769195416E+04  0.5779407996E+05  0.0000000000E+00  0.0000000000E+00
L9 0.0000000000E+00  0.0000000000E+00  0.0000000000E+00  0.1044860544E+01  0.0000000000E+00
L0    69000  0.2480000000E+03  -.2999878015E+06  0.8102598864E+05
L1 0.3006852176E+03  0.3006852176E+03  -.3810137901E+12  0.1000000000E+01
L2 0.1000000000E+01  0.1184405655E+03  0.1184405655E+03  0.1184405655E+03
L3 0.1279025472E+07  0.6822392864E+02  -.2290143868E+03  0.1915609396E+03
L4 0.1025682715E+02  0.1050067511E+05  0.1035450288E+05  0.1060187757E+05
L5 0.3145705556E+05  0.9872656526E+04  0.1246263846E+05  0.8838510480E+04
L6 0.3117380547E+05  -.3810137901E+06  0.3438498762E+05  -.5169053987E+06
L7 0.0000000000E+00  0.4671101639E+04  0.1296353023E+05  0.2026148841E+05
L8 0.5710070332E+04  0.5790043034E+05  0.0000000000E+00  0.0000000000E+00
L9 0.0000000000E+00  0.0000000000E+00  0.0000000000E+00  0.1045357721E+01  0.0000000000E+00
L0    70000  0.2500000000E+03  -.3004277169E+06  0.8094859636E+05
L1 0.3003980170E+03  0.3003980170E+03  -.3813763132E+12  0.1000000000E+01
L2 0.1000000000E+01  0.1184935212E+03  0.1184935212E+03  0.1184935212E+03
L3 0.1280764638E+07  -.2867357065E+03  -.1507122378E+03  -.1308083207E+03
L4 -.1894187550E+03  0.1039760259E+05  0.1051997859E+05  0.1046975657E+05
L5 0.3138733775E+05  0.1304066663E+05  0.1190920947E+05  0.1167551770E+05
L6 0.3662539380E+05  -.3813763132E+06  0.3431205534E+05  -.5172317693E+06
L7 0.0000000000E+00  0.4663168913E+04  0.1301513180E+05  0.2026540626E+05
L8 0.5745367536E+04  0.5785432617E+05  0.0000000000E+00  0.0000000000E+00
L9 0.0000000000E+00  0.0000000000E+00  0.0000000000E+00  0.1043938217E+01  0.0000000000E+00
L0    71000  0.2520000000E+03  -.3005682575E+06  0.8089099609E+05
L1 0.3001842639E+03  0.3001842639E+03  -.3814592536E+12  0.1000000000E+01
L2 0.1000000000E+01  0.1184511570E+03  0.1184511570E+03  0.1184511570E+03
L3 0.1279375168E+07  -.2178848436E+02  0.6872060493E+01  -.1261156098E+03
L4 -.4701067790E+02  0.1052357304E+05  0.1053399664E+05  0.1044022068E+05
L5 0.3149779036E+05  0.1072419641E+05  0.1047072028E+05  0.1160146430E+05
L6 0.3279638099E+05  -.3814592536E+06  0.3483835328E+05  -.5177338741E+06
L7 0.0000000000E+00  0.4756963615E+04  0.1305986964E+05  0.2025144509E+05
L8 0.5650556812E+04  0.5771743206E+05  0.0000000000E+00  0.0000000000E+00
L9 0.0000000000E+00  0.0000000000E+00  0.0000000000E+00  0.1045071990E+01  0.0000000000E+00
L0    72000  0.2540000000E+03  -.3007501090E+06  0.8088372201E+05
L1 0.3001572700E+03  0.3001572700E+03  -.3816338310E+12  0.1000000000E+01
L2 0.1000000000E+01  0.1184482594E+03  0.1184482594E+03  0.1184482594E+03
L3 0.1279282602E+07  0.2447140291E+01  -.3585274017E+02  -.1424069293E+03
L4 -.5860417638E+02  0.1047525618E+05  0.1050026974E+05  0.1048704740E+05
L5 0.3146257332E+05  0.1045272511E+05  0.1083036967E+05  0.1179820288E+05
L6 0.3308129765E+05  -.3816338310E+06  0.3499907265E+05  -.5182756237E+06
L7 0.0000000000E+00  0.4743938969E+04  0.1299657348E+05  0.2027108022E+05
L8 0.5750272578E+04  0.5788085475E+05  0.0000000000E+00  0.0000000000E+00
L9 0.0000000000E+00  0.0000000000E+00  0.0000000000E+00  0.1045147609E+01  0.0000000000E+00
L0    73000  0.2560000000E+03  -.3010449776E+06  0.8063182983E+05
L1 0.2992225051E+03  0.2992225051E+03  -.3816768074E+12  0.1000000000E+01
L2 0.1000000000E+01  0.1184198007E+03  0.1184198007E+03  0.1184198007E+03
L3 0.1278330695E+07  0.2344543065E+03  0.1957216895E+03  0.1843228669E+03
L4 0.2048329543E+03  0.1058185738E+05  0.1047723402E+05  0.1039415644E+05
L5 0.3145324783E+05  0.8424818305E+04  0.8676544847E+04  0.8698339321E+04
L6 0.2579970247E+05  -.3816768074E+06  0.3462378470E+05  -.5180164709E+06
L7 0.0000000000E+00  0.4730890809E+04  0.1301986530E+05  0.2026853969E+05
L8 0.5747896161E+04  0.5794868684E+05  0.0000000000E+00  0.0000000000E+00
L9 0.0000000000E+00  0.0000000000E+00  0.0000000000E+00  0.1045925877E+01  0.0000000000E+00
L0    74000  0.2580000000E+03  -.3004931845E+06  0.8078849784E+05
L1 0.2998038957E+03  0.2998038957E+03  -.3812816824E+12  0.1000000000E+01
L2 0.1000000000E+01  0.1184318639E+03  0.1184318639E+03  0.1184318639E+03
L3 0.1278745291E+07  -.1397399112E+03  -.1382295350E+03  0.2639882908E+03
L4 -.4660385154E+01  0.1052475419E+05  0.1041254697E+05  0.1049346533E+05
L5 0.3143076649E+05  0.1181081378E+05  0.1168470620E+05  0.8063918411E+04
L6 0.3155943839E+05  -.3812816824E+06  0.3466151213E+05  -.5177607309E+06
L7 0.0000000000E+00  0.4839901330E+04  0.1303586479E+05  0.2024356409E+05
L8 0.5723906727E+04  0.5797429949E+05  0.0000000000E+00  0.0000000000E+00
L9 0.0000000000E+00  0.0000000000E+00  0.0000000000E+00  0.1045586766E+01  0.0000000000E+00
L0    75000  0.2600000000E+03  -.3009065277E+06  0.8074517459E+05
L1 0.2996431243E+03  0.2996431243E+03  -.3816517023E+12  0.1000000000E+01
L2 0.1000000000E+01  0.1184410338E+03  0.1184410338E+03  0.1184410338E+03
L3 0.1279049300E+07  -.8132103934E+02  0.1821360888E+02  -.1336859522E+03
L4 -.6559779422E+02  0.1035595731E+05  0.1043786654E+05  0.1048058763E+05
L5 0.3127441149E+05  0.1110455207E+05  0.1027020253E+05  0.1171122370E+05
L6 0.3308597830E+05  -.3816517023E+06  0.3468900925E+05  -.5177547007E+06
L7 0.0000000000E+00  0.4805501926E+04  0.1293160391E+05  0.2022414309E+05
L8 0.5773820537E+04  0.5767891965E+05  0.0000000000E+00  0.0000000000E+00
L9 0.0000000000E+00  0.0000000000E+00  0.0000000000E+00  0.1045338247E+01  0.0000000000E+00
L0    76000  0.2620000000E+03  -.3008469006E+06  0.8066096426E+05
L1 0.2993306221E+03  0.2993306221E+03  -.3815078648E+12  0.1000000000E+01
L2 0.1000000000E+01  0.1184485679E+03  0.1184485679E+03  0.1184485679E+03
L3 0.1279296581E+07  0.1221265353E+03  -.3058113982E+03  -.9681363918E+02
L4 -.9349950071E+02  0.1046038994E+05  0.1035389964E+05  0.1042635646E+05
L5 0.3124064603E+05  0.9335945873E+04  0.1316956792E+05  0.1131773950E+05
L6 0.3382325328E+05  -.3815078648E+06  0.3462583175E+05  -.5176217452E+06
L7 0.0000000000E+00  0.4847160889E+04  0.1297372464E+05  0.2021691199E+05
L8 0.5715082884E+04  0.5773516821E+05  0.0000000000E+00  0.0000000000E+00
L9 0.0000000000E+00  0.0000000000E+00  0.0000000000E+00  0.1045136188E+01  0.0000000000E+00
L0    77000  0.2640000000E+03  -.3011206813E+06  0.8091375543E+05
L1 0.3002687232E+03  0.3002687232E+03  -.3820344367E+12  0.1000000000E+01
L2 0.1000000000E+01  0.1184489474E+03  0.1184489474E+03  0.1184489474E+03
L3 0.1279300730E+07  -.3435014044E+03  0.1983394826E+03  0.7884616099E+02
L4 -.2210525360E+02  0.1054272036E+05  0.1049710050E+05  0.1049979185E+05
L5 0.3153961271E+05  0.1370541852E+05  0.8670942273E+04  0.9773836713E+04
L6 0.3215019750E+05  -.3820344367E+06  0.3469688577E+05  -.5182261631E+06
L7 0.0000000000E+00  0.4755498265E+04  0.1292672703E+05  0.2026247847E+05
L8 0.5703044345E+04  0.5784709249E+05  0.0000000000E+00  0.0000000000E+00
L9 0.0000000000E+00  0.0000000000E+00  0.0000000000E+00  0.1045132799E+01  0.0000000000E+00
L0    78000  0.2660000000E+03  -.3005230093E+06  0.8096730285E+05
L1 0.3004674362E+03  0.3004674362E+03  -.3814903122E+12  0.1000000000E+01
L2 0.1000000000E+01  0.1184666891E+03  0.1184666891E+03  0.1184666891E+03
L3 0.1279868810E+07  0.4069703013E+02  -.9298507141E+02  0.1662601223E+03
L4 0.3799069368E+02  0.1046770706E+05  0.1053223086E+05  0.1051475834E+05
L5 0.3151469627E+05  0.1009283355E+05  0.1138874644E+05  0.8983282570E+04
L6 0.3046486256E+05  -.3814903122E+06  0.3498299191E+05  -.5179899030E+06
L7 0.0000000000E+00  0.4718719385E+04  0.1310170596E+05  0.2022246652E+05
L8 0.5770916645E+04  0.5770279040E+05  0.0000000000E+00  0.0000000000E+00
L9 0.0000000000E+00  0.0000000000E+00  0.0000000000E+00  0.1044668908E+01  0.0000000000E+00
L0    79000  0.2680000000E+03  -.3009010770E+06  0.8060121312E+05
L1 0.2991088873E+03  0.2991088873E+03  -.3815022901E+12  0.1000000000E+01
L2 0.1000000000E+01  0.1184766010E+03  0.1184766010E+03  0.1184766010E+03
L3 0.1280208359E+07  -.2231814893E+03  -.8725194662E+02  -.5554743580E+02
L4 -.1219936239E+03  0.1051192918E+05  0.1037430571E+05  0.1036684315E+05
L5 0.3125307804E+05  0.1256827148E+05  0.1117822484E+05  0.1087864430E+05
L6 0.3462514063E+05  -.3815022901E+06  0.3491592402E+05  -.5178670526E+06
L7 0.0000000000E+00  0.4793990159E+04  0.1309496514E+05  0.2015554762E+05
L8 0.5716375522E+04  0.5768796012E+05  0.0000000000E+00  0.0000000000E+00
L9 0.0000000000E+00  0.0000000000E+00  0.0000000000E+00  0.1044391831E+01  0.0000000000E+00
L0    80000  0.2700000000E+03  -.3008840776E+06  0.8108428080E+05
L1 0.3009015382E+03  0.3009015382E+03  -.3819683584E+12  0.1000000000E+01
L2 0.1000000000E+01  0.1184843049E+03  0.1184843049E+03  0.1184843049E+03
L3 0.1280448773E+07  -.1566434229E+01  0.8678259137E+02  -.2059414324E+03
L4 -.4024175841E+02  0.1056166236E+05  0.1053845319E+05  0.1041317944E+05
L5 0.3151329498E+05  0.1057609783E+05  0.9738708430E+04  0.1231103220E+05
L6 0.3262583846E+05  -.3819683584E+06  0.3516689755E+05  -.5185815282E+06
L7 0.0000000000E+00  0.4816531771E+04  0.1294233420E+05  0.2018634960E+05
L8 0.5731982203E+04  0.5776907445E+05  0.0000000000E+00  0.0000000000E+00
L9 0.0000000000E+00  0.0000000000E+00  0.0000000000E+00  0.1044195739E+01  0.0000000000E+00
L0    81000  0.2720000000E+03  -.3005027005E+06  0.8083667548E+05
L1 0.2999826816E+03  0.2999826816E+03  -.3813393760E+12  0.1000000000E+01
L2 0.1000000000E+01  0.1184202920E+03  0.1184202920E+03  0.1184202920E+03
L3 0.1278359866E+07  0.1296393044E+03  0.5332092280E+02  0.8262021518E+02
L4 0.8852681413E+02  0.1053297998E+05  0.1047213038E+05  0.1027548796E+05
L5 0.3128059832E+05  0.9340238292E+04  0.9981553172E+04  0.9515343687E+04
L6 0.2883713515E+05  -.3813393760E+06  0.3462985268E+05  -.5176763586E+06
L7 0.0000000000E+00  0.4747247275E+04  0.1302936951E+05  0.2026439982E+05
L8 0.5724339778E+04  0.5794177351E+05  0.0000000000E+00  0.0000000000E+00
L9 0.0000000000E+00  0.0000000000E+00  0.0000000000E+00  0.1045902010E+01  0.0000000000E+00
L0    82000  0.2740000000E+03  -.3008459407E+06  0.8074407843E+05
L1 0.2996390565E+03  0.2996390565E+03  -.3815900191E+12  0.1000000000E+01
L2 0.1000000000E+01  0.1184684666E+03  0.1184684666E+03  0.1184684666E+03
L3 0.1279927798E+07  0.1170472890E+03  0.4226379474E+02  -.8149060639E+02
L4 0.2594015910E+02  0.1059786878E+05  0.1041992405E+05  0.1045932777E+05
L5 0.3147712060E+05  0.9519658639E+04  0.1003060062E+05  0.1120999871E+05
L6 0.3076025797E+05  -.3815900191E+06  0.3471390114E+05  -.5179554777E+06
L7 0.0000000000E+00  0.4770187869E+04  0.1284087663E+05  0.2030059364E+05
L8 0.5764000293E+04  0.5797589900E+05  0.0000000000E+00  0.0000000000E+00
L9 0.0000000000E+00  0.0000000000E+00  0.0000000000E+00  0.1044620763E+01  0.0000000000E+00
L0    83000  0.2760000000E+03  -.3008114631E+06  0.8068435370E+05
L1 0.2994174197E+03  0.2994174197E+03  -.3814958168E+12  0.1000000000E+01
L2 0.1000000000E+01  0.1184282764E+03  0.1184282764E+03  0.1184282764E+03
L3 0.1278619489E+07  0.1718111062E+03  0.6748661228E+02  -.7133959999E+00
L4 0.7952810749E+02  0.1049155421E+05  0.1033922470E+05  0.1057326334E+05
L5 0.3140404225E+05  0.8910491360E+04  0.9718190482E+04  0.1057982825E+05
L6 0.2920851009E+05  -.3814958168E+06  0.3515245335E+05  -.5182540153E+06
L7 0.0000000000E+00  0.4718495988E+04  0.1314054031E+05  0.2018839044E+05
L8 0.5758481484E+04  0.5779983691E+05  0.0000000000E+00  0.0000000000E+00
L9 0.0000000000E+00  0.0000000000E+00  0.0000000000E+00  0.1045689640E+01  0.0000000000E+00
L0    84000  0.2780000000E+03  -.3004396793E+06  0.8103523510E+05
L1 0.3007195309E+03  0.3007195309E+03  -.3814749144E+12  0.1000000000E+01
L2 0.1000000000E+01  0.1184407651E+03  0.1184407651E+03  0.1184407651E+03
L3 0.1279040570E+07  -.1072053009E+03  0.6063474991E+02  -.1496202750E+03
L4 -.6539694199E+02  0.1038409489E+05  0.1060413765E+05  0.1054506890E+05
L5 0.3153330144E+05  0.1137095856E+05  0.1004597279E+05  0.1192237778E+05
L6 0.3333930913E+05  -.3814749144E+06  0.3491084147E+05  -.5179578850E+06
L7 0.0000000000E+00  0.4678999339E+04  0.1310501206E+05  0.2021323742E+05
L8 0.5747838210E+04  0.5782704202E+05  0.0000000000E+00  0.0000000000E+00
L9 0.0000000000E+00  0.0000000000E+00  0.0000000000E+00  0.1045345381E+01  0.0000000000E+00
L0    85000  0.2800000000E+03  -.3004545936E+06  0.8095643195E+05
L1 0.3004270946E+03  0.3004270946E+03  -.3814110256E+12  0.1000000000E+01
L2 0.1000000000E+01  0.1184875426E+03  0.1184875426E+03  0.1184875426E+03
L3 0.1280551230E+07  0.9980674700E+02  -.6625997936E+02  -.8817897255E+02
L4 -.1821073497E+02  0.1058397275E+05  0.1051358971E+05  0.1049216931E+05
L5 0.3158973177E+05  0.9664130316E+04  0.1112425725E+05  0.1130484744E+05
L6 0.3209323500E+05  -.3814110256E+06  0.3509958831E+05  -.5180779247E+06
L7 0.0000000000E+00  0.4757210833E+04  0.1295212139E+05  0.2017819457E+05
L8 0.5771636595E+04  0.5790814741E+05  0.0000000000E+00  0.0000000000E+00
L9 0.0000000000E+00  0.0000000000E+00  0.0000000000E+00  0.1044112193E+01  0.0000000000E+00
L0    86000  0.2820000000E+03  -.3006243274E+06  0.8078336727E+05
L1 0.2997848563E+03  0.2997848563E+03  -.3814076947E+12  0.1000000000E+01
L2 0.1000000000E+01  0.1185075127E+03  0.1185075127E+03  0.1185075127E+03
L3 0.1281195425E+07  -.1071120110E+03  0.4839018561E+02  0.9312910472E+02
L4 0.1146909312E+02  0.1048130432E+05  0.1040149796E+05  0.1029410757E+05
L5 0.3117690985E+05  0.1146897039E+05  0.9955298292E+04  0.9435376079E+04
L6 0.3085964476E+05  -.3814076947E+06  0.3481128080E+05  -.5179511230E+06
L7 0.0000000000E+00  0.4797214136E+04  0.1301619670E+05  0.2022078330E+05
L8 0.5773165945E+04  0.5792478744E+05  0.0000000000E+00  0.0000000000E+00
L9 0.0000000000E+00  0.0000000000E+00  0.0000000000E+00  0.1043587205E+01  0.0000000000E+00
L0    87000  0.2840000000E+03  -.3004627837E+06  0.8072470747E+05
L1 0.2995671714E+03  0.2995671714E+03  -.3811874911E+12  0.1000000000E+01
L2 0.1000000000E+01  0.1184867008E+03  0.1184867008E+03  0.1184867008E+03
L3 0.1280525116E+07  -.1407720443E+03  0.1061668298E+03  -.5105073144E+02
L4 -.2855198198E+02  0.1046253320E+05  0.1043593432E+05  0.1040346790E+05
L5 0.3130193542E+05  0.1175989498E+05  0.9457495828E+04  0.1087395384E+05
L6 0.3209134464E+05  -.3811874911E+06  0.3452731563E+05  -.5171467645E+06
L7 0.0000000000E+00  0.4746311331E+04  0.1291708579E+05  0.2018391124E+05
L8 0.5780491733E+04  0.5780415764E+05  0.0000000000E+00  0.0000000000E+00
L9 0.0000000000E+00  0.0000000000E+00  0.0000000000E+00  0.1044133485E+01  0.0000000000E+00
L0    88000  0.2860000000E+03  -.3003656960E+06  0.8116397707E+05
L1 0.3011972888E+03  0.3011972888E+03  -.3815296730E+12  0.1000000000E+01
L2 0.1000000000E+01  0.1184576961E+03  0.1184576961E+03  0.1184576961E+03
L3 0.1279589666E+07  -.1325572729E+03  -.3287359515E+02  -.4403905993E+02
L4 -.6982330932E+02  0.1035068964E+05  0.1060397910E+05  0.1057268919E+05
L5 0.3152735793E+05  0.1157145126E+05  0.1090672237E+05  0.1097825874E+05
L6 0.3345643237E+05  -.3815296730E+06  0.3474627499E+05  -.5178376806E+06
L7 0.0000000000E+00  0.4738809402E+04  0.1311764313E+05  0.2017900765E+05
L8 0.5752206116E+04  0.5777406630E+05  0.0000000000E+00  0.0000000000E+00
L9 0.0000000000E+00  0.0000000000E+00  0.0000000000E+00  0.1044896804E+01  0.0000000000E+00
L0    89000  0.2880000000E+03  -.3007059576E+06  0.8065182742E+05
L1 0.2992967156E+03  0.2992967156E+03  -.3813577850E+12  0.1000000000E+01
L2 0.1000000000E+01  0.1184893366E+03  0.1184893366E+03  0.1184893366E+03
L3 0.1280597539E+07  0.2968862181E+03  -.8828780186E+02  0.4810970634E+02
L4 0.8556937419E+02  0.1044303330E+05  0.1049027397E+05  0.1037834669E+05
L5 0.3131165396E+05  0.7706761213E+04  0.1130398452E+05  0.9934940303E+04
L6 0.2894568604E+05  -.3813577850E+06  0.3479561771E+05  -.5177257660E+06
L7 0.0000000000E+00  0.4719537531E+04  0.1296029069E+05  0.2019090534E+05
L8 0.5799972245E+04  0.5790165751E+05  0.0000000000E+00  0.0000000000E+00
L9 0.0000000000E+00  0.0000000000E+00  0.0000000000E+00  0.1044074436E+01  0.0000000000E+00
L0    90000  0.2900000000E+03  -.3003440083E+06  0.8121620597E+05
L1 0.3013911088E+03  0.3013911088E+03  -.3815602143E+12  0.1000000000E+01
L2 0.1000000000E+01  0.1184720818E+03  0.1184720818E+03  0.1184720818E+03
L3 0.1280045005E+07  -.1027903596E+03  0.2540314334E+03  -.7418476137E+02
L4 0.2568543749E+02  0.1060494541E+05  0.1039626153E+05  0.1038822026E+05
L5 0.3138942721E+05  0.1155191102E+05  0.8055973681E+04  0.1107165417E+05
L6 0.3067953887E+05  -.3815602143E+06  0.3486895915E+05  -.5179210531E+06
L7 0.0000000000E+00  0.4601730462E+04  0.1308493301E+05  0.2018233345E+05
L8 0.5748623170E+04  0.5787425955E+05  0.0000000000E+00  0.0000000000E+00
L9 0.0000000000E+00  0.0000000000E+00  0.0000000000E+00  0.1044525113E+01  0.0000000000E+00
L0    91000  0.2920000000E+03  -.3006991449E+06  0.8080207119E+05
L1 0.2998542661E+03  0.2998542661E+03  -.3815012161E+12  0.1000000000E+01
L2 0.1000000000E+01  0.1184521893E+03  0.1184521893E+03  0.1184521893E+03
L3 0.1279406463E+07  -.1997836931E+03  0.1090647571E+03  0.6303618307E+01
L4 -.2813843923E+02  0.1052704584E+05  0.1037607689E+05  0.1058877273E+05
L5 0.3149189546E+05  0.1236665328E+05  0.9371809044E+04  0.1053072903E+05
L6 0.3226919136E+05  -.3815012161E+06  0.3479262715E+05  -.5180912056E+06
L7 0.0000000000E+00  0.4817851127E+04  0.1306133078E+05  0.2022150676E+05
L8 0.5734334387E+04  0.5796233934E+05  0.0000000000E+00  0.0000000000E+00
L9 0.0000000000E+00  0.0000000000E+00  0.0000000000E+00  0.1045046427E+01  0.0000000000E+00
L0    92000  0.2940000000E+03  -.3007540181E+06  0.8073797015E+05
L1 0.2996163889E+03  0.2996163889E+03  -.3814919883E+12  0.1000000000E+01
L2 0.1000000000E+01  0.1184484414E+03  0.1184484414E+03  0.1184484414E+03
L3 0.1279283360E+07  0.2400153988E+03  -.2175891509E+03  -.6309547190E+02
L4 -.1355640800E+02  0.1057515484E+05  0.1032516459E+05  0.1059921231E+05
L5 0.3149953174E+05  0.8365306661E+04  0.1232853184E+05  0.1118013926E+05
L6 0.3187397776E+05  -.3814919883E+06  0.3492236311E+05  -.5180784080E+06
L7 0.0000000000E+00  0.4753203712E+04  0.1316659849E+05  0.2019979288E+05
L8 0.5748191690E+04  0.5779626982E+05  0.0000000000E+00  0.0000000000E+00
L9 0.0000000000E+00  0.0000000000E+00  0.0000000000E+00  0.1045146990E+01  0.0000000000E+00
L0    93000  0.2960000000E+03  -.3007206965E+06  0.8106644895E+05
L1 0.3008353647E+03  0.3008353647E+03  -.3817871454E+12  0.1000000000E+01
L2 0.1000000000E+01  0.1184600787E+03  0.1184600787E+03  0.1184600787E+03
L3 0.1279646665E+07  -.1804735114E+03  0.1536597834E+03  0.3486707882E+03
L4 0.1072856867E+03  0.1053606588E+05  0.1035447607E+05  0.1061167747E+05
L5 0.3150221941E+05  0.1219817723E+05  0.8939311763E+04  0.7400515493E+04
L6 0.2853800449E+05  -.3817871454E+06  0.3507973621E+05  -.5182813896E+06
L7 0.0000000000E+00  0.4898217142E+04  0.1294123508E+05  0.2008801743E+05
L8 0.5726268279E+04  0.5776077004E+05  0.0000000000E+00  0.0000000000E+00
L9 0.0000000000E+00  0.0000000000E+00  0.0000000000E+00  0.1044850262E+01  0.0000000000E+00
L0    94000  0.2980000000E+03  -.3010403741E+06  0.8088567264E+05
L1 0.3001645088E+03  0.3001645088E+03  -.3819260468E+12  0.1000000000E+01
L2 0.1000000000E+01  0.1184240962E+03  0.1184240962E+03  0.1184240962E+03
L3 0.1278496987E+07  -.1573905115E+03  -.1289966966E+03  0.1858484496E+03
L4 -.3351291949E+02  0.1043763824E+05  0.1046596783E+05  0.1034459398E+05
L5 0.3124820005E+05  0.1188585922E+05  0.1165292454E+05  0.8634518688E+04
L6 0.3217330244E+05  -.3819260468E+06  0.3529710047E+05  -.5187926919E+06
L7 0.0000000000E+00  0.4805581257E+04  0.1299303374E+05  0.2023309201E+05
L8 0.5720115673E+04  0.5781772197E+05  0.0000000000E+00  0.0000000000E+00
L9 0.0000000000E+00  0.0000000000E+00  0.0000000000E+00  0.1045789835E+01  0.0000000000E+00
L0    95000  0.3000000000E+03  -.3010743684E+06  0.8082911178E+05
L1 0.2999546130E+03  0.2999546130E+03  -.3819034802E+12  0.1000000000E+01
L2 0.1000000000E+01  0.1184582298E+03  0.1184582298E+03  0.1184582298E+03
L3 0.1279602435E+07  -.8185484054E+02  0.1206952863E+03  -.1293018423E+03
L4 -.3015379885E+02  0.1035404843E+05  0.1050466186E+05  0.1056829903E+05
L5 0.3142700933E+05  0.1110788292E+05  0.9393129924E+04  0.1175909225E+05
L6 0.3226010509E+05  -.3819034802E+06  0.3498882641E+05  -.5182386815E+06
L7 0.0000000000E+00  0.4665708899E+04  0.1294787500E+05  0.2019410746E+05
L8 0.5714133877E+04  0.5782454972E+05  0.0000000000E+00  0.0000000000E+00
L9 0.0000000000E+00  0.0000000000E+00  0.0000000000E+00  0.1044886378E+01  0.0000000000E+00
L0    96000  0.3020000000E+03  -.3001424839E+06  0.8098865111E+05
L1 0.3005466590E+03  0.3005466590E+03  -.3811311351E+12  0.1000000000E+01
L2 0.1000000000E+01  0.1184612393E+03  0.1184612393E+03  0.1184612393E+03
L3 0.1279689207E+07  0.6999147066E+02  0.2831582627E+02  0.9395490699E+02
L4 0.6408740131E+02  0.1047003274E+05  0.1034951105E+05  0.1051762327E+05
L5 0.3133716706E+05  0.9825409130E+04  0.1008872142E+05  0.9652295670E+04
L6 0.2956642622E+05  -.3811311351E+06  0.3436623171E+05  -.5170651380E+06
L7 0.0000000000E+00  0.4766778524E+04  0.1306701322E+05  0.2013464282E+05
L8 0.5777640390E+04  0.5782169625E+05  0.0000000000E+00  0.0000000000E+00
L9 0.0000000000E+00  0.0000000000E+00  0.0000000000E+00  0.1044815527E+01  0.0000000000E+00
L0    97000  0.3040000000E+03  -.3007993735E+06  0.8052397669E+05
L1 0.2988222650E+03  0.2988222650E+03  -.3813233502E+12  0.1000000000E+01
L2 0.1000000000E+01  0.1184309225E+03  0.1184309225E+03  0.1184309225E+03
L3 0.1278726560E+07  -.3019712047E+02  0.1600568265E+03  -.4531886501E+03
L4 -.1077763147E+03  0.1038666988E+05  0.1042013299E+05  0.1048669658E+05
L5 0.3129349944E+05  0.1066457708E+05  0.8947113589E+04  0.1465743824E+05
L6 0.3426912890E+05  -.3813233502E+06  0.3469613307E+05  -.5174603041E+06
L7 0.0000000000E+00  0.4795968134E+04  0.1299085483E+05  0.2016248956E+05
L8 0.5695134538E+04  0.5779637370E+05  0.0000000000E+00  0.0000000000E+00
L9 0.0000000000E+00  0.0000000000E+00  0.0000000000E+00  0.1045602081E+01  0.0000000000E+00
L0    98000  0.3060000000E+03  -.3002943179E+06  0.8118741909E+05
L1 0.3012842815E+03  0.3012842815E+03  -.3814817370E+12  0.1000000000E+01
L2 0.1000000000E+01  0.1184308909E+03  0.1184308909E+03  0.1184308909E+03
L3 0.1278702978E+07  0.2239024163E+03  -.3741712445E+02  0.8349452200E+02
L4 0.8999327127E+02  0.1059386288E+05  0.1046644649E+05  0.1046968247E+05
L5 0.3152999184E+05  0.8533303966E+04  0.1081079377E+05  0.9701287981E+04
L6 0.2904538572E+05  -.3814817370E+06  0.3447522416E+05  -.5175788517E+06
L7 0.0000000000E+00  0.4829781641E+04  0.1297775142E+05  0.2022494767E+05
L8 0.5754945745E+04  0.5783446402E+05  0.0000000000E+00  0.0000000000E+00
L9 0.0000000000E+00  0.0000000000E+00  0.0000000000E+00  0.1045621365E+01  0.0000000000E+00
L0    99000  0.3080000000E+03  -.3008465314E+06  0.8093384500E+05
L1 0.3003432751E+03  0.3003432751E+03  -.3817803764E+12  0.1000000000E+01
L2 0.1000000000E+01  0.1184116936E+03  0.1184116936E+03  0.1184116936E+03
L3 0.1278095265E+07  0.4709748673E+02  -.1124853560E+03  -.3321561134E+02
L4 -.3286782687E+02  0.1048833516E+05  0.1049192906E+05  0.1047844905E+05
L5 0.3145871327E+05  0.1005510614E+05  0.1152663226E+05  0.1078398481E+05
L6 0.3236572322E+05  -.3817803764E+06  0.3465175533E+05  -.5180254615E+06
L7 0.0000000000E+00  0.4784630274E+04  0.1289411507E+05  0.2021519087E+05
L8 0.5812396545E+04  0.5788699700E+05  0.0000000000E+00  0.0000000000E+00
L9 0.0000000000E+00  0.0000000000E+00  0.0000000000E+00  0.1046118540E+01  0.0000000000E+00
L0   100000  0.3100000000E+03  -.3004912842E+06  0.8067446248E+05
L1 0.2993807137E+03  0.2993807137E+03  -.3811657466E+12  0.1000000000E+01
L2 0.1000000000E+01  0.1184410168E+03  0.1184410168E+03  0.1184410168E+03
L3 0.1279038517E+07  0.2955153301E+03  0.1280513193E+03  -.3513469802E+03
L4 0.2407322307E+02  0.1044698426E+05  0.1046549248E+05  0.1042856055E+05
L5 0.3134103728E+05  0.7726662855E+04  0.9286735545E+04  0.1366283171E+05
L6 0.3067623011E+05  -.3811657466E+06  0.3488453878E+05  -.5177038609E+06
L7 0.0000000000E+00  0.4745090728E+04  0.1309678924E+05  0.2020259291E+05
L8 0.5765944373E+04  0.5784315820E+05  0.0000000000E+00  0.0000000000E+00
L9 0.0000000000E+00  0.0000000000E+00  0.0000000000E+00  0.1045347060E+01  0.0000000000E+00
