L0  Nsteps           time(ps)         Etot             EKinetic        
L1  Temp             T_solute         T_solv           Pres_scal_solu  
L2  Pres_scal_solv   BoxX             BoxY             BoxZ            
L3  volume           pres_X           pres_Y           pres_Z          
L4  Pressure         EKCoM_x          EKCoM_y          EKCoM_z         
L5  EKComTot         VIRIAL_x         VIRIAL_y         VIRIAL_z        
L6  VIRIAL_tot       E_pot            E_vdw            E_el            
L7  E_hbon           E_bon            E_angle          E_dih           
L8  E_14vdw          E_14el           E_const          E_pol           
L9  AV_permMoment    AV_indMoment     AV_totMoment     Density          dV/dlambda      
L0     1000  0.1120000000E+03  -.3223644257E+06  0.8624124451E+05
L1 0.2996206530E+03  0.2996206530E+03  -.4086056702E+12  0.1000000000E+01
L2 0.1000000000E+01  0.1213395004E+03  0.1213395004E+03  0.1213395004E+03
L3 0.1375261346E+07  -.6701631886E+02  0.1652835762E+03  -.1335267148E+03
L4 -.1175315248E+02  0.1134967060E+05  0.1139025923E+05  0.1130063192E+05
L5 0.3404056175E+05  0.1201298952E+05  0.9754303612E+04  0.1262226220E+05
L6 0.3438955533E+05  -.4086056702E+06  0.3896692058E+05  -.5509844599E+06
L7 0.0000000000E+00  0.4930923378E+04  0.1308485139E+05  0.2066135392E+05
L8 0.5858811194E+04  0.5887592924E+05  0.0000000000E+00  0.0000000000E+00
L9 0.0000000000E+00  0.0000000000E+00  0.0000000000E+00  0.1039075786E+01  0.0000000000E+00
L0     2000  0.1140000000E+03  -.3228096047E+06  0.8625027021E+05
L1 0.2996520102E+03  0.2996520102E+03  -.4090598749E+12  0.1000000000E+01
L2 0.1000000000E+01  0.1213161773E+03  0.1213161773E+03  0.1213161773E+03
L3 0.1374467519E+07  0.7637202182E+02  -.1707641854E+03  0.8230536052E+02
L4 -.4028934346E+01  0.1135287790E+05  0.1128865723E+05  0.1128825206E+05
L5 0.3392978719E+05  0.1059739376E+05  0.1297788360E+05  0.1047407440E+05
L6 0.3404935176E+05  -.4090598749E+06  0.3870117897E+05  -.5507495293E+06
L7 0.0000000000E+00  0.4730167264E+04  0.1303821707E+05  0.2065905040E+05
L8 0.5846803291E+04  0.5871423747E+05  0.0000000000E+00  0.0000000000E+00
L9 0.0000000000E+00  0.0000000000E+00  0.0000000000E+00  0.1039675906E+01  0.0000000000E+00
L0     3000  0.1160000000E+03  -.3228108508E+06  0.8636753226E+05
L1 0.3000594038E+03  0.3000594038E+03  -.4091783831E+12  0.1000000000E+01
L2 0.1000000000E+01  0.1213131443E+03  0.1213131443E+03  0.1213131443E+03
L3 0.1374375993E+07  -.2901753641E+03  0.1261236025E+03  -.1308497336E+03
L4 -.9830049838E+02  0.1128402262E+05  0.1136613368E+05  0.1140685796E+05
L5 0.3405701426E+05  0.1415429214E+05  0.1011858211E+05  0.1270115806E+05
L6 0.3697403230E+05  -.4091783831E+06  0.3849059529E+05  -.5508448156E+06
L7 0.0000000000E+00  0.4718423440E+04  0.1325527132E+05  0.2053918588E+05
L8 0.5853222029E+04  0.5880973458E+05  0.0000000000E+00  0.0000000000E+00
L9 0.0000000000E+00  0.0000000000E+00  0.0000000000E+00  0.1039745143E+01  0.0000000000E+00
L0     4000  0.1180000000E+03  -.3228383705E+06  0.8640933202E+05
L1 0.3002046252E+03  0.3002046252E+03  -.4092477025E+12  0.1000000000E+01
L2 0.1000000000E+01  0.1212912535E+03  0.1212912535E+03  0.1212912535E+03
L3 0.1373605983E+07  0.2798932866E+03  -.4667903501E+02  0.1116410457E+03
L4 0.1149517658E+03  0.1139779359E+05  0.1134373888E+05  0.1138517984E+05
L5 0.3412671232E+05  0.8630780359E+04  0.1180520585E+05  0.1028150117E+05
L6 0.3071748739E+05  -.4092477025E+06  0.3921168630E+05  -.5516065103E+06
L7 0.0000000000E+00  0.4841628207E+04  0.1309625646E+05  0.2060955886E+05
L8 0.5812165953E+04  0.5878751201E+05  0.0000000000E+00  0.0000000000E+00
L9 0.0000000000E+00  0.0000000000E+00  0.0000000000E+00  0.1040327999E+01  0.0000000000E+00
L0     5000  0.1200000000E+03  -.3229480063E+06  0.8610748220E+05
L1 0.2991559339E+03  0.2991559339E+03  -.4090554885E+12  0.1000000000E+01
L2 0.1000000000E+01  0.1212960295E+03  0.1212960295E+03  0.1212960295E+03
L3 0.1373785016E+07  0.2175655855E+03  -.6272914486E+02  -.2203244979E+03
L4 -.2182935242E+02  0.1126764764E+05  0.1121580608E+05  0.1138076287E+05
L5 0.3386421659E+05  0.9116523099E+04  0.1183602459E+05  0.1355916546E+05
L6 0.3451171315E+05  -.4090554885E+06  0.3857231282E+05  -.5509647925E+06
L7 0.0000000000E+00  0.4774238895E+04  0.1319896150E+05  0.2061046113E+05
L8 0.5860747462E+04  0.5889258223E+05  0.0000000000E+00  0.0000000000E+00
L9 0.0000000000E+00  0.0000000000E+00  0.0000000000E+00  0.1040192423E+01  0.0000000000E+00
L0     6000  0.1220000000E+03  -.3228242058E+06  0.8648104812E+05
L1 0.3004537823E+03  0.3004537823E+03  -.4093052539E+12  0.1000000000E+01
L2 0.1000000000E+01  0.1212560450E+03  0.1212560450E+03  0.1212560450E+03
L3 0.1372428502E+07  0.4418995855E+02  -.7934626491E+02  -.7004745633E+02
L4 -.3506792090E+02  0.1131476489E+05  0.1141515740E+05  0.1131358773E+05
L5 0.3404351001E+05  0.1087827931E+05  0.1219889881E+05  0.1200548031E+05
L6 0.3508265843E+05  -.4093052539E+06  0.3899831464E+05  -.5516023429E+06
L7 0.0000000000E+00  0.4811530613E+04  0.1322599288E+05  0.2059474362E+05
L8 0.5867063105E+04  0.5879944415E+05  0.0000000000E+00  0.0000000000E+00
L9 0.0000000000E+00  0.0000000000E+00  0.0000000000E+00  0.1041220553E+01  0.0000000000E+00
L0     7000  0.1240000000E+03  -.3228786059E+06  0.8612871143E+05
L1 0.2992296888E+03  0.2992296888E+03  -.4090073173E+12  0.1000000000E+01
L2 0.1000000000E+01  0.1212465239E+03  0.1212465239E+03  0.1212465239E+03
L3 0.1372081742E+07  0.3256536443E+03  0.3090195433E+03  -.1639505760E+03
L4 0.1569075372E+03  0.1135238486E+05  0.1139967965E+05  0.1138146258E+05
L5 0.3413352709E+05  0.8136559114E+04  0.8348115447E+04  0.1300047251E+05
L6 0.2948514707E+05  -.4090073173E+06  0.3858581634E+05  -.5508523249E+06
L7 0.0000000000E+00  0.4805189638E+04  0.1321853601E+05  0.2057911958E+05
L8 0.5836329127E+04  0.5882001694E+05  0.0000000000E+00  0.0000000000E+00
L9 0.0000000000E+00  0.0000000000E+00  0.0000000000E+00  0.1041483696E+01  0.0000000000E+00
L0     8000  0.1260000000E+03  -.3226078964E+06  0.8622549169E+05
L1 0.2995659243E+03  0.2995659243E+03  -.4088333881E+12  0.1000000000E+01
L2 0.1000000000E+01  0.1213254844E+03  0.1213254844E+03  0.1213254844E+03
L3 0.1374783660E+07  0.3241026540E+03  -.2878396059E+03  -.4290020466E+02
L4 -.2212385507E+01  0.1140108499E+05  0.1137629002E+05  0.1125434987E+05
L5 0.3403172488E+05  0.8194272778E+04  0.1422429991E+05  0.1167882310E+05
L6 0.3409739579E+05  -.4088333881E+06  0.3872862904E+05  -.5505964458E+06
L7 0.0000000000E+00  0.4817575269E+04  0.1305449136E+05  0.2056651624E+05
L8 0.5864054279E+04  0.5873179145E+05  0.0000000000E+00  0.0000000000E+00
L9 0.0000000000E+00  0.0000000000E+00  0.0000000000E+00  0.1039436826E+01  0.0000000000E+00
L0     9000  0.1280000000E+03  -.3231871345E+06  0.8637001714E+05
L1 0.3000680368E+03  0.3000680368E+03  -.4095571516E+12  0.1000000000E+01
L2 0.1000000000E+01  0.1212845142E+03  0.1212845142E+03  0.1212845142E+03
L3 0.1373402291E+07  -.2286086838E+03  -.3422717073E+02  -.1087972248E+02
L4 -.9123852568E+02  0.1144424901E+05  0.1124024702E+05  0.1127384020E+05
L5 0.3395833623E+05  0.1370392968E+05  0.1157856521E+05  0.1138138073E+05
L6 0.3666387562E+05  -.4095571516E+06  0.3889910490E+05  -.5517433875E+06
L7 0.0000000000E+00  0.4856115649E+04  0.1319053121E+05  0.2069103736E+05
L8 0.5833565456E+04  0.5871588134E+05  0.0000000000E+00  0.0000000000E+00
L9 0.0000000000E+00  0.0000000000E+00  0.0000000000E+00  0.1040482292E+01  0.0000000000E+00
L0    10000  0.1300000000E+03  -.3232588702E+06  0.8637010952E+05
L1 0.3000683577E+03  0.3000683577E+03  -.4096289797E+12  0.1000000000E+01
L2 0.1000000000E+01  0.1212445478E+03  0.1212445478E+03  0.1212445478E+03
L3 0.1372027083E+07  0.4153911726E+02  0.5492462305E+02  0.6957469302E+02
L4 0.5534614444E+02  0.1151111137E+05  0.1129857556E+05  0.1130996470E+05
L5 0.3411965163E+05  0.1110092944E+05  0.1075621719E+05  0.1062294283E+05
L6 0.3248008946E+05  -.4096289797E+06  0.3881682756E+05  -.5515997046E+06
L7 0.0000000000E+00  0.4890745296E+04  0.1303488520E+05  0.2056466945E+05
L8 0.5862436640E+04  0.5880116076E+05  0.0000000000E+00  0.0000000000E+00
L9 0.0000000000E+00  0.0000000000E+00  0.0000000000E+00  0.1041525187E+01  0.0000000000E+00
L0    11000  0.1320000000E+03  -.3230381432E+06  0.8632527619E+05
L1 0.2999125971E+03  0.2999125971E+03  -.4093634194E+12  0.1000000000E+01
L2 0.1000000000E+01  0.1212670223E+03  0.1212670223E+03  0.1212670223E+03
L3 0.1372808479E+07  0.4555476469E+02  0.2705032239E+02  -.3542979801E+03
L4 -.9389763102E+02  0.1127907297E+05  0.1138729441E+05  0.1140437986E+05
L5 0.3407074725E+05  0.1082898196E+05  0.1112003133E+05  0.1490492119E+05
L6 0.3685393448E+05  -.4093634194E+06  0.3857881456E+05  -.5511303375E+06
L7 0.0000000000E+00  0.4783096116E+04  0.1299050153E+05  0.2062703538E+05
L8 0.5879939968E+04  0.5890753058E+05  0.0000000000E+00  0.0000000000E+00
L9 0.0000000000E+00  0.0000000000E+00  0.0000000000E+00  0.1040932355E+01  0.0000000000E+00
L0    12000  0.1340000000E+03  -.3231539131E+06  0.8604184321E+05
L1 0.2989278899E+03  0.2989278899E+03  -.4091957564E+12  0.1000000000E+01
L2 0.1000000000E+01  0.1212756228E+03  0.1212756228E+03  0.1212756228E+03
L3 0.1373094684E+07  -.1990633103E+03  0.1046578647E+03  -.4276151571E+02
L4 -.4572232046E+02  0.1120367223E+05  0.1146306866E+05  0.1139795115E+05
L5 0.3406469204E+05  0.1317087119E+05  0.1042881054E+05  0.1182053234E+05
L6 0.3542021408E+05  -.4091957564E+06  0.3886272445E+05  -.5510286168E+06
L7 0.0000000000E+00  0.4810948232E+04  0.1309975855E+05  0.2051568530E+05
L8 0.5822169254E+04  0.5872157466E+05  0.0000000000E+00  0.0000000000E+00
L9 0.0000000000E+00  0.0000000000E+00  0.0000000000E+00  0.1040715385E+01  0.0000000000E+00
L0    13000  0.1360000000E+03  -.3236746560E+06  0.8628542225E+05
L1 0.2997741359E+03  0.2997741359E+03  -.4099600783E+12  0.1000000000E+01
L2 0.1000000000E+01  0.1212825526E+03  0.1212825526E+03  0.1212825526E+03
L3 0.1373330003E+07  0.6080238907E+02  -.3598759516E+02  -.1600989756E+03
L4 -.4509472724E+02  0.1123556651E+05  0.1145089547E+05  0.1135318928E+05
L5 0.3403965127E+05  0.1063459742E+05  0.1180659584E+05  0.1293560301E+05
L6 0.3537679628E+05  -.4099600783E+06  0.3863584357E+05  -.5513323267E+06
L7 0.0000000000E+00  0.4697712544E+04  0.1298205565E+05  0.2053351414E+05
L8 0.5856491364E+04  0.5866663117E+05  0.0000000000E+00  0.0000000000E+00
L9 0.0000000000E+00  0.0000000000E+00  0.0000000000E+00  0.1040537060E+01  0.0000000000E+00
L0    14000  0.1380000000E+03  -.3220976053E+06  0.8674024838E+05
L1 0.3013542998E+03  0.3013542998E+03  -.4088378537E+12  0.1000000000E+01
L2 0.1000000000E+01  0.1213166504E+03  0.1213166504E+03  0.1213166504E+03
L3 0.1374494672E+07  -.2937170640E+03  -.6748182928E+02  0.7820039020E+02
L4 -.9433283435E+02  0.1149032025E+05  0.1130053230E+05  0.1138841282E+05
L5 0.3417926537E+05  0.1439587337E+05  0.1196808643E+05  0.1061482689E+05
L6 0.3697878669E+05  -.4088378537E+06  0.3827180098E+05  -.5505944016E+06
L7 0.0000000000E+00  0.4872500228E+04  0.1330768117E+05  0.2061237517E+05
L8 0.5833522248E+04  0.5885866818E+05  0.0000000000E+00  0.0000000000E+00
L9 0.0000000000E+00  0.0000000000E+00  0.0000000000E+00  0.1039655368E+01  0.0000000000E+00
L0    15000  0.1400000000E+03  -.3220036038E+06  0.8659899885E+05
L1 0.3008635686E+03  0.3008635686E+03  -.4086026026E+12  0.1000000000E+01
L2 0.1000000000E+01  0.1212553807E+03  0.1212553807E+03  0.1212553807E+03
L3 0.1372399962E+07  0.5560345409E+02  -.7131260255E+02  0.5714738645E+02
L4 0.1381274600E+02  0.1140758446E+05  0.1144217158E+05  0.1139287709E+05
L5 0.3424263313E+05  0.1085837369E+05  0.1214654598E+05  0.1082841646E+05
L6 0.3383333613E+05  -.4086026026E+06  0.3806372130E+05  -.5495736156E+06
L7 0.0000000000E+00  0.4875375788E+04  0.1297364249E+05  0.2048725811E+05
L8 0.5843744393E+04  0.5872727091E+05  0.0000000000E+00  0.0000000000E+00
L9 0.0000000000E+00  0.0000000000E+00  0.0000000000E+00  0.1041242206E+01  0.0000000000E+00
L0    16000  0.1420000000E+03  -.3231427452E+06  0.8644460242E+05
L1 0.3003271621E+03  0.3003271621E+03  -.4095873476E+12  0.1000000000E+01
L2 0.1000000000E+01  0.1212564885E+03  0.1212564885E+03  0.1212564885E+03
L3 0.1372426156E+07  0.8535625425E+02  0.1413403993E+03  0.9463134830E+02
L4 0.1071093340E+03  0.1116008701E+05  0.1139555889E+05  0.1134581915E+05
L5 0.3390146504E+05  0.1031698346E+05  0.9999473823E+04  0.1041110117E+05
L6 0.3072755846E+05  -.4095873476E+06  0.3941586325E+05  -.5518353856E+06
L7 0.0000000000E+00  0.4750587124E+04  0.1293080647E+05  0.2050309359E+05
L8 0.5853713882E+04  0.5879397364E+05  0.0000000000E+00  0.0000000000E+00
L9 0.0000000000E+00  0.0000000000E+00  0.0000000000E+00  0.1041222333E+01  0.0000000000E+00
L0    17000  0.1440000000E+03  -.3233460376E+06  0.8595902445E+05
L1 0.2986401597E+03  0.2986401597E+03  -.4093050621E+12  0.1000000000E+01
L2 0.1000000000E+01  0.1212272007E+03  0.1212272007E+03  0.1212272007E+03
L3 0.1371450658E+07  -.1797238497E+03  0.3524015503E+03  -.3107123238E+03
L4 -.4601154104E+02  0.1147177997E+05  0.1140091944E+05  0.1133502076E+05
L5 0.3420772017E+05  0.1324573448E+05  0.7922559042E+04  0.1440188991E+05
L6 0.3557018343E+05  -.4093050621E+06  0.3844316480E+05  -.5506712553E+06
L7 0.0000000000E+00  0.4820379267E+04  0.1310538317E+05  0.2045756974E+05
L8 0.5842908945E+04  0.5869678728E+05  0.0000000000E+00  0.0000000000E+00
L9 0.0000000000E+00  0.0000000000E+00  0.0000000000E+00  0.1041962943E+01  0.0000000000E+00
L0    18000  0.1460000000E+03  -.3230391112E+06  0.8630247045E+05
L1 0.2998333651E+03  0.2998333651E+03  -.4093415816E+12  0.1000000000E+01
L2 0.1000000000E+01  0.1212496209E+03  0.1212496209E+03  0.1212496209E+03
L3 0.1372200575E+07  0.2190023453E+03  0.7712267391E+02  -.1609251023E+03
L4 0.4506663898E+02  0.1143611931E+05  0.1137688429E+05  0.1143226255E+05
L5 0.3424526615E+05  0.9273286527E+04  0.1061523287E+05  0.1302153360E+05
L6 0.3291005299E+05  -.4093415816E+06  0.3886731012E+05  -.5513432803E+06
L7 0.0000000000E+00  0.4826630526E+04  0.1326868277E+05  0.2056096366E+05
L8 0.5821452952E+04  0.5865665867E+05  0.0000000000E+00  0.0000000000E+00
L9 0.0000000000E+00  0.0000000000E+00  0.0000000000E+00  0.1041393503E+01  0.0000000000E+00
L0    19000  0.1480000000E+03  -.3228500166E+06  0.8636819547E+05
L1 0.3000617080E+03  0.3000617080E+03  -.4092182121E+12  0.1000000000E+01
L2 0.1000000000E+01  0.1212485172E+03  0.1212485172E+03  0.1212485172E+03
L3 0.1372160838E+07  0.2790699287E+02  0.2282560599E+03  -.6548697156E+02
L4 0.6355869372E+02  0.1131145493E+05  0.1143677011E+05  0.1124745304E+05
L5 0.3399567808E+05  0.1103585784E+05  0.9182614377E+04  0.1189417336E+05
L6 0.3211264557E+05  -.4092182121E+06  0.3845193958E+05  -.5506041068E+06
L7 0.0000000000E+00  0.4791805831E+04  0.1308968476E+05  0.2056293297E+05
L8 0.5834433265E+04  0.5865509829E+05  0.0000000000E+00  0.0000000000E+00
L9 0.0000000000E+00  0.0000000000E+00  0.0000000000E+00  0.1041423662E+01  0.0000000000E+00
L0    20000  0.1500000000E+03  -.3240258686E+06  0.8618628868E+05
L1 0.2994297246E+03  0.2994297246E+03  -.4102121573E+12  0.1000000000E+01
L2 0.1000000000E+01  0.1212681102E+03  0.1212681102E+03  0.1212681102E+03
L3 0.1372834384E+07  -.1517193622E+03  0.4863172604E+01  0.1356171360E+03
L4 -.3746351217E+01  0.1132921247E+05  0.1139093766E+05  0.1142768931E+05
L5 0.3414783944E+05  0.1282826115E+05  0.1134288755E+05  0.1008773714E+05
L6 0.3425888584E+05  -.4102121573E+06  0.3885787025E+05  -.5519576107E+06
L7 0.0000000000E+00  0.4851387498E+04  0.1297083227E+05  0.2051100930E+05
L8 0.5783199060E+04  0.5877115505E+05  0.0000000000E+00  0.0000000000E+00
L9 0.0000000000E+00  0.0000000000E+00  0.0000000000E+00  0.1040912713E+01  0.0000000000E+00
L0    21000  0.1520000000E+03  -.3230920716E+06  0.8637250413E+05
L1 0.3000766772E+03  0.3000766772E+03  -.4094645758E+12  0.1000000000E+01
L2 0.1000000000E+01  0.1212346367E+03  0.1212346367E+03  0.1212346367E+03
L3 0.1371724189E+07  -.4820713819E+02  -.2541566012E+03  -.3541035939E+03
L4 -.2188224444E+03  0.1134172801E+05  0.1125244388E+05  0.1129579604E+05
L5 0.3388996793E+05  0.1181764886E+05  0.1376158317E+05  0.1479165346E+05
L6 0.4037088549E+05  -.4094645758E+06  0.3814573417E+05  -.5506977244E+06
L7 0.0000000000E+00  0.4842419410E+04  0.1316909923E+05  0.2047360479E+05
L8 0.5859013199E+04  0.5874327786E+05  0.0000000000E+00  0.0000000000E+00
L9 0.0000000000E+00  0.0000000000E+00  0.0000000000E+00  0.1041755168E+01  0.0000000000E+00
L0    22000  0.1540000000E+03  -.3230961307E+06  0.8630281859E+05
L1 0.2998345746E+03  0.2998345746E+03  -.4093989492E+12  0.1000000000E+01
L2 0.1000000000E+01  0.1212309406E+03  0.1212309406E+03  0.1212309406E+03
L3 0.1371586666E+07  -.9894046784E+02  -.1140598482E+03  -.1475304593E+03
L4 -.1201769251E+03  0.1132249400E+05  0.1140070644E+05  0.1132596650E+05
L5 0.3404916695E+05  0.1229917738E+05  0.1252663964E+05  0.1278230231E+05
L6 0.3760811932E+05  -.4093989492E+06  0.3823319583E+05  -.5506768071E+06
L7 0.0000000000E+00  0.4948060539E+04  0.1308433356E+05  0.2057476674E+05
L8 0.5820874463E+04  0.5861662678E+05  0.0000000000E+00  0.0000000000E+00
L9 0.0000000000E+00  0.0000000000E+00  0.0000000000E+00  0.1041859621E+01  0.0000000000E+00
L0    23000  0.1560000000E+03  -.3225599029E+06  0.8656622135E+05
L1 0.3007496925E+03  0.3007496925E+03  -.4091261243E+12  0.1000000000E+01
L2 0.1000000000E+01  0.1212402565E+03  0.1212402565E+03  0.1212402565E+03
L3 0.1371888325E+07  0.1044400402E+02  0.7914461393E+02  -.9319544016E+02
L4 -.1202274072E+01  0.1142612174E+05  0.1126768628E+05  0.1132074697E+05
L5 0.3401455499E+05  0.1132300187E+05  0.1048624436E+05  0.1224092107E+05
L6 0.3405016729E+05  -.4091261243E+06  0.3842161980E+05  -.5507305047E+06
L7 0.0000000000E+00  0.4877814029E+04  0.1321418402E+05  0.2054208526E+05
L8 0.5804132290E+04  0.5874454501E+05  0.0000000000E+00  0.0000000000E+00
L9 0.0000000000E+00  0.0000000000E+00  0.0000000000E+00  0.1041630530E+01  0.0000000000E+00
L0    24000  0.1580000000E+03  -.3233791381E+06  0.8619460345E+05
L1 0.2994586119E+03  0.2994586119E+03  -.4095737415E+12  0.1000000000E+01
L2 0.1000000000E+01  0.1212735336E+03  0.1212735336E+03  0.1212735336E+03
L3 0.1373022813E+07  0.1862845842E+02  -.2344410542E+02  -.1100110420E+03
L4 -.3827556301E+02  0.1142286173E+05  0.1131941332E+05  0.1138094931E+05
L5 0.3412322435E+05  0.1123877976E+05  0.1155108236E+05  0.1246805210E+05
L6 0.3525791422E+05  -.4095737415E+06  0.3881304076E+05  -.5515718170E+06
L7 0.0000000000E+00  0.4820218432E+04  0.1326011310E+05  0.2048783202E+05
L8 0.5820173756E+04  0.5879669745E+05  0.0000000000E+00  0.0000000000E+00
L9 0.0000000000E+00  0.0000000000E+00  0.0000000000E+00  0.1040769862E+01  0.0000000000E+00
L0    25000  0.1600000000E+03  -.3231814790E+06  0.8620587946E+05
L1 0.2994977872E+03  0.2994977872E+03  -.4093873585E+12  0.1000000000E+01
L2 0.1000000000E+01  0.1212414141E+03  0.1212414141E+03  0.1212414141E+03
L3 0.1371925176E+07  0.3998082600E+02  0.1271216295E+03  -.1107224940E+03
L4 0.1879332048E+02  0.1115839650E+05  0.1133362018E+05  0.1124024533E+05
L5 0.3373226200E+05  0.1076363138E+05  0.1007843889E+05  0.1233350383E+05
L6 0.3317557410E+05  -.4093873585E+06  0.3843628420E+05  -.5509872523E+06
L7 0.0000000000E+00  0.4832485489E+04  0.1328102961E+05  0.2050192539E+05
L8 0.5821232643E+04  0.5872693644E+05  0.0000000000E+00  0.0000000000E+00
L9 0.0000000000E+00  0.0000000000E+00  0.0000000000E+00  0.1041602552E+01  0.0000000000E+00
L0    26000  0.1620000000E+03  -.3237811548E+06  0.8605680008E+05
L1 0.2989798533E+03  0.2989798533E+03  -.4098379549E+12  0.1000000000E+01
L2 0.1000000000E+01  0.1212316014E+03  0.1212316014E+03  0.1212316014E+03
L3 0.1371583378E+07  0.1292283344E+03  0.2029332952E+03  -.6216397205E+02
L4 0.8999921917E+02  0.1131564027E+05  0.1140246847E+05  0.1139572808E+05
L5 0.3411383682E+05  0.1003997556E+05  0.9399232545E+04  0.1200937357E+05
L6 0.3144858168E+05  -.4098379549E+06  0.3900518721E+05  -.5520657676E+06
L7 0.0000000000E+00  0.4884028035E+04  0.1319236904E+05  0.2059661440E+05
L8 0.5805793833E+04  0.5874382025E+05  0.0000000000E+00  0.0000000000E+00
L9 0.0000000000E+00  0.0000000000E+00  0.0000000000E+00  0.1041862119E+01  0.0000000000E+00
L0    27000  0.1640000000E+03  -.3231751987E+06  0.8666002994E+05
L1 0.3010756037E+03  0.3010756037E+03  -.4098352286E+12  0.1000000000E+01
L2 0.1000000000E+01  0.1212309336E+03  0.1212309336E+03  0.1212309336E+03
L3 0.1371558977E+07  0.3517503731E+03  0.3319474864E+02  -.7238718800E+02
L4 0.1041859779E+03  0.1144169980E+05  0.1138589845E+05  0.1129593616E+05
L5 0.3412353441E+05  0.7969492593E+04  0.1105822560E+05  0.1201048641E+05
L6 0.3103820460E+05  -.4098352286E+06  0.3901604692E+05  -.5517803907E+06
L7 0.0000000000E+00  0.4781386333E+04  0.1319753426E+05  0.2048590205E+05
L8 0.5833377797E+04  0.5863091476E+05  0.0000000000E+00  0.0000000000E+00
L9 0.0000000000E+00  0.0000000000E+00  0.0000000000E+00  0.1041880654E+01  0.0000000000E+00
L0    28000  0.1660000000E+03  -.3233872629E+06  0.8643242858E+05
L1 0.3002848676E+03  0.3002848676E+03  -.4098196914E+12  0.1000000000E+01
L2 0.1000000000E+01  0.1212310847E+03  0.1212310847E+03  0.1212310847E+03
L3 0.1371583602E+07  -.2869741687E+02  -.2249298435E+02  -.1143068556E+03
L4 -.5516575226E+02  0.1135163563E+05  0.1147996245E+05  0.1141222520E+05
L5 0.3424382327E+05  0.1163491938E+05  0.1170199975E+05  0.1254059419E+05
L6 0.3587751332E+05  -.4098196914E+06  0.3874968819E+05  -.5515822374E+06
L7 0.0000000000E+00  0.4771249924E+04  0.1310499839E+05  0.2050925614E+05
L8 0.5794326121E+04  0.5883302716E+05  0.0000000000E+00  0.0000000000E+00
L9 0.0000000000E+00  0.0000000000E+00  0.0000000000E+00  0.1041861948E+01  0.0000000000E+00
L0    29000  0.1680000000E+03  -.3226681661E+06  0.8642013963E+05
L1 0.3002421731E+03  0.3002421731E+03  -.4090883058E+12  0.1000000000E+01
L2 0.1000000000E+01  0.1212146961E+03  0.1212146961E+03  0.1212146961E+03
L3 0.1371028300E+07  -.2346018322E+03  0.7244548199E+02  -.2479971875E+02
L4 -.6231868965E+02  0.1121900274E+05  0.1156289868E+05  0.1139536618E+05
L5 0.3417726759E+05  0.1353391427E+05  0.1084804969E+05  0.1164007508E+05
L6 0.3602203904E+05  -.4090883058E+06  0.3846803552E+05  -.5507477789E+06
L7 0.0000000000E+00  0.4845515761E+04  0.1323047527E+05  0.2055400226E+05
L8 0.5835044280E+04  0.5872640011E+05  0.0000000000E+00  0.0000000000E+00
L9 0.0000000000E+00  0.0000000000E+00  0.0000000000E+00  0.1042283930E+01  0.0000000000E+00
L0    30000  0.1700000000E+03  -.3233858413E+06  0.8647819231E+05
L1 0.3004438606E+03  0.3004438606E+03  -.4098640337E+12  0.1000000000E+01
L2 0.1000000000E+01  0.1212053276E+03  0.1212053276E+03  0.1212053276E+03
L3 0.1370703886E+07  -.2505199196E+03  0.1748487020E+03  0.4928743770E+02
L4 -.8794593327E+01  0.1142237715E+05  0.1140513310E+05  0.1132590662E+05
L5 0.3415341687E+05  0.1389377399E+05  0.9680238202E+04  0.1083968254E+05
L6 0.3441369473E+05  -.4098640337E+06  0.3872365760E+05  -.5517526785E+06
L7 0.0000000000E+00  0.4815135435E+04  0.1317448618E+05  0.2057442134E+05
L8 0.5845124880E+04  0.5875581942E+05  0.0000000000E+00  0.0000000000E+00
L9 0.0000000000E+00  0.0000000000E+00  0.0000000000E+00  0.1042530614E+01  0.0000000000E+00
L0    31000  0.1720000000E+03  -.3227058792E+06  0.8638507150E+05
L1 0.3001203389E+03  0.3001203389E+03  -.4090909507E+12  0.1000000000E+01
L2 0.1000000000E+01  0.1212313441E+03  0.1212313441E+03  0.1212313441E+03
L3 0.1371590277E+07  -.6882195173E+02  -.1957907969E+03  0.1513291483E+03
L4 -.3776120014E+02  0.1130478478E+05  0.1117292206E+05  0.1135110331E+05
L5 0.3382881014E+05  0.1198415728E+05  0.1310566124E+05  0.9857265091E+04
L6 0.3494708361E+05  -.4090909507E+06  0.3882128486E+05  -.5511225357E+06
L7 0.0000000000E+00  0.4879494677E+04  0.1318095704E+05  0.2053590259E+05
L8 0.5842097294E+04  0.5877184853E+05  0.0000000000E+00  0.0000000000E+00
L9 0.0000000000E+00  0.0000000000E+00  0.0000000000E+00  0.1041856878E+01  0.0000000000E+00
L0    32000  0.1740000000E+03  -.3232538397E+06  0.8633436819E+05
L1 0.2999441847E+03  0.2999441847E+03  -.4095882079E+12  0.1000000000E+01
L2 0.1000000000E+01  0.1212146691E+03  0.1212146691E+03  0.1212146691E+03
L3 0.1371010028E+07  0.2040759509E+02  0.5384507290E+02  0.1645898950E+03
L4 0.7961418766E+02  0.1134812641E+05  0.1133192109E+05  0.1148311506E+05
L5 0.3416316256E+05  0.1114675907E+05  0.1080061697E+05  0.9859061382E+04
L6 0.3180643743E+05  -.4095882079E+06  0.3890325183E+05  -.5516399110E+06
L7 0.0000000000E+00  0.4826727058E+04  0.1319157292E+05  0.2055347854E+05
L8 0.5836543641E+04  0.5874012918E+05  0.0000000000E+00  0.0000000000E+00
L9 0.0000000000E+00  0.0000000000E+00  0.0000000000E+00  0.1042297821E+01  0.0000000000E+00
L0    33000  0.1760000000E+03  -.3236202118E+06  0.8606491915E+05
L1 0.2990080607E+03  0.2990080607E+03  -.4096851309E+12  0.1000000000E+01
L2 0.1000000000E+01  0.1211725013E+03  0.1211725013E+03  0.1211725013E+03
L3 0.1369588590E+07  -.1076264167E+03  0.1366162106E+03  -.8594442306E+01
L4 0.6798450546E+01  0.1128190469E+05  0.1132164193E+05  0.1144440168E+05
L5 0.3404794831E+05  0.1234278305E+05  0.9975009890E+04  0.1152911748E+05
L6 0.3384691042E+05  -.4096851309E+06  0.3870651960E+05  -.5514497132E+06
L7 0.0000000000E+00  0.4783235599E+04  0.1305919410E+05  0.2050995841E+05
L8 0.5836565856E+04  0.5886910873E+05  0.0000000000E+00  0.0000000000E+00
L9 0.0000000000E+00  0.0000000000E+00  0.0000000000E+00  0.1043379577E+01  0.0000000000E+00
L0    34000  0.1780000000E+03  -.3230500748E+06  0.8630360289E+05
L1 0.2998372994E+03  0.2998372994E+03  -.4093536777E+12  0.1000000000E+01
L2 0.1000000000E+01  0.1212251375E+03  0.1212251375E+03  0.1212251375E+03
L3 0.1371371270E+07  -.1757371071E+03  -.9377712131E+02  0.3611624888E+03
L4 0.3054942013E+02  0.1137813082E+05  0.1132860135E+05  0.1133452761E+05
L5 0.3404125979E+05  0.1311263400E+05  0.1225416976E+05  0.7769899204E+04
L6 0.3313670297E+05  -.4093536777E+06  0.3855164989E+05  -.5512236225E+06
L7 0.0000000000E+00  0.4789806284E+04  0.1315771954E+05  0.2059363068E+05
L8 0.5860250437E+04  0.5891688797E+05  0.0000000000E+00  0.0000000000E+00
L9 0.0000000000E+00  0.0000000000E+00  0.0000000000E+00  0.1042023262E+01  0.0000000000E+00
L0    35000  0.1800000000E+03  -.3237077474E+06  0.8607800233E+05
L1 0.2990535145E+03  0.2990535145E+03  -.4097857498E+12  0.1000000000E+01
L2 0.1000000000E+01  0.1212385733E+03  0.1212385733E+03  0.1212385733E+03
L3 0.1371846047E+07  -.5374739184E+02  -.2371513459E+03  -.7695647158E+02
L4 -.1226184031E+03  0.1128079900E+05  0.1136097084E+05  0.1133492676E+05
L5 0.3397669660E+05  0.1181146266E+05  0.1370243519E+05  0.1209474044E+05
L6 0.3760863828E+05  -.4097857498E+06  0.3871701393E+05  -.5518288573E+06
L7 0.0000000000E+00  0.4900042884E+04  0.1314324506E+05  0.2056797508E+05
L8 0.5852836618E+04  0.5886199394E+05  0.0000000000E+00  0.0000000000E+00
L9 0.0000000000E+00  0.0000000000E+00  0.0000000000E+00  0.1041662632E+01  0.0000000000E+00
L0    36000  0.1820000000E+03  -.3231558725E+06  0.8642489374E+05
L1 0.3002586899E+03  0.3002586899E+03  -.4095807662E+12  0.1000000000E+01
L2 0.1000000000E+01  0.1212450072E+03  0.1212450072E+03  0.1212450072E+03
L3 0.1372032403E+07  0.1212812211E+03  0.6791206646E+01  0.2898808356E+03
L4 0.1393177545E+03  0.1150482325E+05  0.1128942803E+05  0.1133578163E+05
L5 0.3413003292E+05  0.1030721575E+05  0.1122236736E+05  0.8473314869E+04
L6 0.3000289798E+05  -.4095807662E+06  0.3880984627E+05  -.5514363064E+06
L7 0.0000000000E+00  0.4722296442E+04  0.1314183091E+05  0.2045769322E+05
L8 0.5875538062E+04  0.5884833525E+05  0.0000000000E+00  0.0000000000E+00
L9 0.0000000000E+00  0.0000000000E+00  0.0000000000E+00  0.1041521148E+01  0.0000000000E+00
L0    37000  0.1840000000E+03  -.3233599918E+06  0.8609220336E+05
L1 0.2991028519E+03  0.2991028519E+03  -.4094521952E+12  0.1000000000E+01
L2 0.1000000000E+01  0.1212304029E+03  0.1212304029E+03  0.1212304029E+03
L3 0.1371554180E+07  0.8530168904E+02  -.2824574784E+02  -.6855219924E+02
L4 -.3832086010E+01  0.1116568440E+05  0.1140106815E+05  0.1133646921E+05
L5 0.3390322177E+05  0.1032365515E+05  0.1167988732E+05  0.1201316105E+05
L6 0.3401670352E+05  -.4094521952E+06  0.3861464283E+05  -.5510181638E+06
L7 0.0000000000E+00  0.4799454789E+04  0.1313658878E+05  0.2050718080E+05
L8 0.5843420212E+04  0.5866468127E+05  0.0000000000E+00  0.0000000000E+00
L9 0.0000000000E+00  0.0000000000E+00  0.0000000000E+00  0.1041884298E+01  0.0000000000E+00
L0    38000  0.1860000000E+03  -.3233247988E+06  0.8604237544E+05
L1 0.2989297390E+03  0.2989297390E+03  -.4093671742E+12  0.1000000000E+01
L2 0.1000000000E+01  0.1212519229E+03  0.1212519229E+03  0.1212519229E+03
L3 0.1372271485E+07  0.3174452904E+03  0.1868935538E+02  -.2333349800E+02
L4 0.1042670493E+03  0.1147171296E+05  0.1150934931E+05  0.1112213511E+05
L5 0.3410319738E+05  0.8336511109E+04  0.1132476663E+05  0.1135258498E+05
L6 0.3101386272E+05  -.4093671742E+06  0.3870252032E+05  -.5511751345E+06
L7 0.0000000000E+00  0.4834731294E+04  0.1316657922E+05  0.2053149339E+05
L8 0.5838937195E+04  0.5873369880E+05  0.0000000000E+00  0.0000000000E+00
L9 0.0000000000E+00  0.0000000000E+00  0.0000000000E+00  0.1041339691E+01  0.0000000000E+00
L0    39000  0.1880000000E+03  -.3231063128E+06  0.8618043325E+05
L1 0.2994093815E+03  0.2994093815E+03  -.4092867461E+12  0.1000000000E+01
L2 0.1000000000E+01  0.1212559541E+03  0.1212559541E+03  0.1212559541E+03
L3 0.1372419665E+07  -.8798895636E+02  0.1004862507E+03  0.2321106773E+02
L4 0.1190278734E+02  0.1143713453E+05  0.1123773787E+05  0.1128530706E+05
L5 0.3396017946E+05  0.1230623839E+05  0.1024519299E+05  0.1105604160E+05
L6 0.3360747298E+05  -.4092867461E+06  0.3896712389E+05  -.5515578759E+06
L7 0.0000000000E+00  0.4907015319E+04  0.1316944160E+05  0.2050252160E+05
L8 0.5842001743E+04  0.5888302572E+05  0.0000000000E+00  0.0000000000E+00
L9 0.0000000000E+00  0.0000000000E+00  0.0000000000E+00  0.1041227257E+01  0.0000000000E+00
L0    40000  0.1900000000E+03  -.3226362539E+06  0.8614597596E+05
L1 0.2992896695E+03  0.2992896695E+03  -.4087822299E+12  0.1000000000E+01
L2 0.1000000000E+01  0.1212175610E+03  0.1212175610E+03  0.1212175610E+03
L3 0.1371109876E+07  0.1374262115E+03  0.1200398560E+03  -.6077172218E+02
L4 0.6556478179E+02  0.1127722772E+05  0.1134497770E+05  0.1121089367E+05
L5 0.3383309909E+05  0.9921106810E+04  0.1016042522E+05  0.1181058860E+05
L6 0.3189212063E+05  -.4087822299E+06  0.3921631409E+05  -.5513056461E+06
L7 0.0000000000E+00  0.4952410889E+04  0.1330115221E+05  0.2051223893E+05
L8 0.5806175820E+04  0.5873512427E+05  0.0000000000E+00  0.0000000000E+00
L9 0.0000000000E+00  0.0000000000E+00  0.0000000000E+00  0.1042221917E+01  0.0000000000E+00
L0    41000  0.1920000000E+03  -.3231764570E+06  0.8648597411E+05
L1 0.3004708963E+03  0.3004708963E+03  -.4096624311E+12  0.1000000000E+01
L2 0.1000000000E+01  0.1212042362E+03  0.1212042362E+03  0.1212042362E+03
L3 0.1370666284E+07  -.2360018091E+03  -.1052476813E+03  0.3289904232E+03
L4 -.4086355746E+01  0.1135001217E+05  0.1129818674E+05  0.1126271382E+05
L5 0.3391091273E+05  0.1367812295E+05  0.1233643413E+05  0.8017288902E+04
L6 0.3403184599E+05  -.4096624311E+06  0.3909954437E+05  -.5518288856E+06
L7 0.0000000000E+00  0.4859603591E+04  0.1323035843E+05  0.2047417003E+05
L8 0.5862623997E+04  0.5864015412E+05  0.0000000000E+00  0.0000000000E+00
L9 0.0000000000E+00  0.0000000000E+00  0.0000000000E+00  0.1042559214E+01  0.0000000000E+00
L0    42000  0.1940000000E+03  -.3231890379E+06  0.8624875455E+05
L1 0.2996467445E+03  0.2996467445E+03  -.4094377924E+12  0.1000000000E+01
L2 0.1000000000E+01  0.1212428164E+03  0.1212428164E+03  0.1212428164E+03
L3 0.1371966609E+07  0.3052028561E+03  0.4662718344E+02  -.1441531235E+03
L4 0.6922563867E+02  0.1142369437E+05  0.1129900814E+05  0.1127586355E+05
L5 0.3399856606E+05  0.8410072800E+04  0.1083860391E+05  0.1269925443E+05
L6 0.3194793114E+05  -.4094377924E+06  0.3888465924E+05  -.5515437752E+06
L7 0.0000000000E+00  0.4815139948E+04  0.1325237902E+05  0.2051524076E+05
L8 0.5781864936E+04  0.5885669883E+05  0.0000000000E+00  0.0000000000E+00
L9 0.0000000000E+00  0.0000000000E+00  0.0000000000E+00  0.1041571096E+01  0.0000000000E+00
L0    43000  0.1960000000E+03  -.3237431923E+06  0.8624187506E+05
L1 0.2996228436E+03  0.2996228436E+03  -.4099850674E+12  0.1000000000E+01
L2 0.1000000000E+01  0.1212051371E+03  0.1212051371E+03  0.1212051371E+03
L3 0.1370686653E+07  0.2113889637E+03  0.2765417260E+02  -.1202136864E+01
L4 0.7928033314E+02  0.1143572130E+05  0.1135031961E+05  0.1136053346E+05
L5 0.3414657436E+05  0.9350380336E+04  0.1107751265E+05  0.1137239248E+05
L6 0.3180028547E+05  -.4099850674E+06  0.3896255445E+05  -.5518926237E+06
L7 0.0000000000E+00  0.4777268523E+04  0.1304954943E+05  0.2048133617E+05
L8 0.5824454938E+04  0.5881239282E+05  0.0000000000E+00  0.0000000000E+00
L9 0.0000000000E+00  0.0000000000E+00  0.0000000000E+00  0.1042543721E+01  0.0000000000E+00
L0    44000  0.1980000000E+03  -.3232812840E+06  0.8621860875E+05
L1 0.2995420115E+03  0.2995420115E+03  -.4094998928E+12  0.1000000000E+01
L2 0.1000000000E+01  0.1212449258E+03  0.1212449258E+03  0.1212449258E+03
L3 0.1372041420E+07  0.3897758808E+02  0.6461910663E+02  0.2562149875E+02
L4 0.4307273115E+02  0.1121159540E+05  0.1130743095E+05  0.1116718537E+05
L5 0.3368621173E+05  0.1082670351E+05  0.1066933682E+05  0.1091418082E+05
L6 0.3241022115E+05  -.4094998928E+06  0.3906573579E+05  -.5517934523E+06
L7 0.0000000000E+00  0.4928041291E+04  0.1314008936E+05  0.2052329489E+05
L8 0.5816485751E+04  0.5881991241E+05  0.0000000000E+00  0.0000000000E+00
L9 0.0000000000E+00  0.0000000000E+00  0.0000000000E+00  0.1041514304E+01  0.0000000000E+00
L0    45000  0.2000000000E+03  -.3232613955E+06  0.8676217360E+05
L1 0.3014304728E+03  0.3014304728E+03  -.4100235691E+12  0.1000000000E+01
L2 0.1000000000E+01  0.1212312464E+03  0.1212312464E+03  0.1212312464E+03
L3 0.1371581435E+07  0.2464736011E+03  -.7414124291E+02  -.1501219649E+03
L4 0.7403464449E+01  0.1140849266E+05  0.1130990278E+05  0.1135502717E+05
L5 0.3407342261E+05  0.8975456358E+04  0.1204177968E+05  0.1283693918E+05
L6 0.3385417522E+05  -.4100235691E+06  0.3879127255E+05  -.5516368023E+06
L7 0.0000000000E+00  0.4789133729E+04  0.1313646811E+05  0.2047165896E+05
L8 0.5796015042E+04  0.5862868487E+05  0.0000000000E+00  0.0000000000E+00
L9 0.0000000000E+00  0.0000000000E+00  0.0000000000E+00  0.1041863594E+01  0.0000000000E+00
L0    46000  0.2020000000E+03  -.3234908857E+06  0.8602012589E+05
L1 0.2988524393E+03  0.2988524393E+03  -.4095110116E+12  0.1000000000E+01
L2 0.1000000000E+01  0.1212270250E+03  0.1212270250E+03  0.1212270250E+03
L3 0.1371447307E+07  -.1745445166E+03  0.2724599022E+02  -.5474067413E+02
L4 -.6734640017E+02  0.1133244717E+05  0.1126027481E+05  0.1141666527E+05
L5 0.3400938725E+05  0.1305527515E+05  0.1099134540E+05  0.1195697880E+05
L6 0.3600359935E+05  -.4095110116E+06  0.3891596917E+05  -.5514165979E+06
L7 0.0000000000E+00  0.4815863832E+04  0.1309702265E+05  0.2053297824E+05
L8 0.5823222754E+04  0.5872052968E+05  0.0000000000E+00  0.0000000000E+00
L9 0.0000000000E+00  0.0000000000E+00  0.0000000000E+00  0.1041965489E+01  0.0000000000E+00
L0    47000  0.2040000000E+03  -.3234582462E+06  0.8621652479E+05
L1 0.2995347713E+03  0.2995347713E+03  -.4096747710E+12  0.1000000000E+01
L2 0.1000000000E+01  0.1211491451E+03  0.1211491451E+03  0.1211491451E+03
L3 0.1368785306E+07  -.4755001671E+02  0.1944031291E+02  0.3302821543E+03
L4 0.1007241502E+03  0.1141039229E+05  0.1141591401E+05  0.1137916719E+05
L5 0.3420547349E+05  0.1187882001E+05  0.1122440238E+05  0.8125470819E+04
L6 0.3122869320E+05  -.4096747710E+06  0.3854121899E+05  -.5513208564E+06
L7 0.0000000000E+00  0.4804390246E+04  0.1326061776E+05  0.2056140130E+05
L8 0.5756993624E+04  0.5872146343E+05  0.0000000000E+00  0.0000000000E+00
L9 0.0000000000E+00  0.0000000000E+00  0.0000000000E+00  0.1043991894E+01  0.0000000000E+00
L0    48000  0.2060000000E+03  -.3234577208E+06  0.8617730749E+05
L1 0.2993985220E+03  0.2993985220E+03  -.4096350283E+12  0.1000000000E+01
L2 0.1000000000E+01  0.1212427340E+03  0.1212427340E+03  0.1212427340E+03
L3 0.1371979783E+07  -.5863413750E+02  -.1434148262E+03  0.1817105057E+02
L4 -.6129263773E+02  0.1129233498E+05  0.1124432343E+05  0.1134605652E+05
L5 0.3388271493E+05  0.1187130334E+05  0.1266043784E+05  0.1116663096E+05
L6 0.3569837214E+05  -.4096350283E+06  0.3884891540E+05  -.5513639200E+06
L7 0.0000000000E+00  0.4782171983E+04  0.1300009390E+05  0.2046504974E+05
L8 0.5791686136E+04  0.5884097463E+05  0.0000000000E+00  0.0000000000E+00
L9 0.0000000000E+00  0.0000000000E+00  0.0000000000E+00  0.1041561094E+01  0.0000000000E+00
L0    49000  0.2080000000E+03  -.3232390743E+06  0.8678865179E+05
L1 0.3015224637E+03  0.3015224637E+03  -.4100277261E+12  0.1000000000E+01
L2 0.1000000000E+01  0.1211775670E+03  0.1211775670E+03  0.1211775670E+03
L3 0.1369763336E+07  -.1032471481E+03  0.1990688843E+03  -.1482878379E+03
L4 -.1748870056E+02  0.1138786868E+05  0.1151054040E+05  0.1140841542E+05
L5 0.3430682450E+05  0.1240571024E+05  0.9548059221E+04  0.1287028171E+05
L6 0.3482405117E+05  -.4100277261E+06  0.3884489169E+05  -.5518118483E+06
L7 0.0000000000E+00  0.4752184149E+04  0.1306430360E+05  0.2053020062E+05
L8 0.5875277352E+04  0.5871726479E+05  0.0000000000E+00  0.0000000000E+00
L9 0.0000000000E+00  0.0000000000E+00  0.0000000000E+00  0.1043246469E+01  0.0000000000E+00
L0    50000  0.2100000000E+03  -.3233869342E+06  0.8632910483E+05
L1 0.2999258986E+03  0.2999258986E+03  -.4097160391E+12  0.1000000000E+01
L2 0.1000000000E+01  0.1212260121E+03  0.1212260121E+03  0.1212260121E+03
L3 0.1371401897E+07  0.1363395864E+03  0.3842027774E+02  -.1062909693E+03
L4 0.2282296496E+02  0.1143678716E+05  0.1133818089E+05  0.1131191393E+05
L5 0.3408688199E+05  0.1009110252E+05  0.1095896910E+05  0.1236101588E+05
L6 0.3341108750E+05  -.4097160391E+06  0.3859906684E+05  -.5511430991E+06
L7 0.0000000000E+00  0.4786691821E+04  0.1298091911E+05  0.2056529302E+05
L8 0.5794853084E+04  0.5870023620E+05  0.0000000000E+00  0.0000000000E+00
L9 0.0000000000E+00  0.0000000000E+00  0.0000000000E+00  0.1041999990E+01  0.0000000000E+00
L0    51000  0.2120000000E+03  -.3231130584E+06  0.8658048142E+05
L1 0.3007992350E+03  0.3007992350E+03  -.4096935399E+12  0.1000000000E+01
L2 0.1000000000E+01  0.1212063765E+03  0.1212063765E+03  0.1212063765E+03
L3 0.1370741424E+07  0.1039872477E+03  0.1335426928E+03  -.3117758569E+03
L4 -.2474863878E+02  0.1135187957E+05  0.1145602910E+05  0.1147632625E+05
L5 0.3428423492E+05  0.1032600987E+05  0.1013858485E+05  0.1455210150E+05
L6 0.3501669623E+05  -.4096935399E+06  0.3857493209E+05  -.5512924688E+06
L7 0.0000000000E+00  0.4815301618E+04  0.1303051352E+05  0.2050716478E+05
L8 0.5854054139E+04  0.5881696277E+05  0.0000000000E+00  0.0000000000E+00
L9 0.0000000000E+00  0.0000000000E+00  0.0000000000E+00  0.1042502064E+01  0.0000000000E+00
L0    52000  0.2140000000E+03  -.3230749301E+06  0.8634687038E+05
L1 0.2999876200E+03  0.2999876200E+03  -.4094218005E+12  0.1000000000E+01
L2 0.1000000000E+01  0.1212306588E+03  0.1212306588E+03  0.1212306588E+03
L3 0.1371575650E+07  0.1128382789E+02  -.2847270885E+03  -.5148367120E+02
L4 -.1083089773E+03  0.1145530989E+05  0.1134089900E+05  0.1135990074E+05
L5 0.3415610962E+05  0.1134392332E+05  0.1415153843E+05  0.1186811383E+05
L6 0.3736357558E+05  -.4094218005E+06  0.3842407405E+05  -.5508551841E+06
L7 0.0000000000E+00  0.4807260753E+04  0.1314262417E+05  0.2051395550E+05
L8 0.5787552750E+04  0.5875791639E+05  0.0000000000E+00  0.0000000000E+00
L9 0.0000000000E+00  0.0000000000E+00  0.0000000000E+00  0.1041867989E+01  0.0000000000E+00
L0    53000  0.2160000000E+03  -.3233401570E+06  0.8627466507E+05
L1 0.2997367632E+03  0.2997367632E+03  -.4096148221E+12  0.1000000000E+01
L2 0.1000000000E+01  0.1212274077E+03  0.1212274077E+03  0.1212274077E+03
L3 0.1371421727E+07  0.3321492605E+02  0.3204302206E+03  0.3900612846E+03
L4 0.2479021438E+03  0.1122363531E+05  0.1148754574E+05  0.1144823587E+05
L5 0.3415941692E+05  0.1089579610E+05  0.8324823336E+04  0.7598238330E+04
L6 0.2681885776E+05  -.4096148221E+06  0.3863307095E+05  -.5513242515E+06
L7 0.0000000000E+00  0.4817364272E+04  0.1322938412E+05  0.2053097136E+05
L8 0.5811098660E+04  0.5868754002E+05  0.0000000000E+00  0.0000000000E+00
L9 0.0000000000E+00  0.0000000000E+00  0.0000000000E+00  0.1041984924E+01  0.0000000000E+00
L0    54000  0.2180000000E+03  -.3228950157E+06  0.8668561274E+05
L1 0.3011644839E+03  0.3011644839E+03  -.4095806284E+12  0.1000000000E+01
L2 0.1000000000E+01  0.1212608945E+03  0.1212608945E+03  0.1212608945E+03
L3 0.1372599856E+07  -.9003177821E+02  -.2869497408E+03  0.1080891119E+03
L4 -.8963080239E+02  0.1133778148E+05  0.1155770717E+05  0.1147411052E+05
L5 0.3436959917E+05  0.1222717991E+05  0.1439240235E+05  0.1040632881E+05
L6 0.3702591107E+05  -.4095806284E+06  0.3833531521E+05  -.5508833704E+06
L7 0.0000000000E+00  0.4776735046E+04  0.1308046166E+05  0.2047852368E+05
L8 0.5822839445E+04  0.5880886687E+05  0.0000000000E+00  0.0000000000E+00
L9 0.0000000000E+00  0.0000000000E+00  0.0000000000E+00  0.1041090568E+01  0.0000000000E+00
L0    55000  0.2200000000E+03  -.3231942346E+06  0.8635454987E+05
L1 0.3000143002E+03  0.3000143002E+03  -.4095487845E+12  0.1000000000E+01
L2 0.1000000000E+01  0.1212689465E+03  0.1212689465E+03  0.1212689465E+03
L3 0.1372866229E+07  0.6708638343E+02  0.1094821967E+03  -.2720768021E+03
L4 -.3183607397E+02  0.1148280047E+05  0.1122189364E+05  0.1129400371E+05
L5 0.3399869782E+05  0.1081994448E+05  0.1014014015E+05  0.1398229495E+05
L6 0.3494237959E+05  -.4095487845E+06  0.3856071283E+05  -.5511347921E+06
L7 0.0000000000E+00  0.4884874139E+04  0.1315255497E+05  0.2045160044E+05
L8 0.5783229800E+04  0.5875303538E+05  0.0000000000E+00  0.0000000000E+00
L9 0.0000000000E+00  0.0000000000E+00  0.0000000000E+00  0.1040888568E+01  0.0000000000E+00
L0    56000  0.2220000000E+03  -.3238343272E+06  0.8612339194E+05
L1 0.2992112077E+03  0.2992112077E+03  -.4099577191E+12  0.1000000000E+01
L2 0.1000000000E+01  0.1211960051E+03  0.1211960051E+03  0.1211960051E+03
L3 0.1370390785E+07  0.4022617404E+02  -.6692356449E+02  -.7717493633E+02
L4 -.3462410892E+02  0.1128268603E+05  0.1128055325E+05  0.1133268779E+05
L5 0.3389592707E+05  0.1088594261E+05  0.1194060817E+05  0.1209385013E+05
L6 0.3492040090E+05  -.4099577191E+06  0.3907780628E+05  -.5521285514E+06
L7 0.0000000000E+00  0.4860439117E+04  0.1322229978E+05  0.2052744320E+05
L8 0.5825565082E+04  0.5865727876E+05  0.0000000000E+00  0.0000000000E+00
L9 0.0000000000E+00  0.0000000000E+00  0.0000000000E+00  0.1042768807E+01  0.0000000000E+00
L0    57000  0.2240000000E+03  -.3239858998E+06  0.8623513919E+05
L1 0.2995994418E+03  0.2995994418E+03  -.4102210390E+12  0.1000000000E+01
L2 0.1000000000E+01  0.1211919474E+03  0.1211919474E+03  0.1211919474E+03
L3 0.1370230623E+07  0.8042757557E+02  0.9903313507E+02  0.2694789077E+03
L4 0.1496465395E+03  0.1127550152E+05  0.1136938459E+05  0.1130474724E+05
L5 0.3394963335E+05  0.1048235170E+05  0.1039275298E+05  0.8647236503E+04
L6 0.2952234119E+05  -.4102210390E+06  0.3905696804E+05  -.5522846425E+06
L7 0.0000000000E+00  0.4691116155E+04  0.1317100533E+05  0.2046903607E+05
L8 0.5822747271E+04  0.5885273064E+05  0.0000000000E+00  0.0000000000E+00
L9 0.0000000000E+00  0.0000000000E+00  0.0000000000E+00  0.1042890693E+01  0.0000000000E+00
L0    58000  0.2260000000E+03  -.3238274272E+06  0.8604023804E+05
L1 0.2989223132E+03  0.2989223132E+03  -.4098676652E+12  0.1000000000E+01
L2 0.1000000000E+01  0.1211747007E+03  0.1211747007E+03  0.1211747007E+03
L3 0.1369656784E+07  -.7260813237E+01  0.5358286278E+02  0.1308827160E+03
L4 0.5906825517E+02  0.1132975703E+05  0.1128129579E+05  0.1128045144E+05
L5 0.3389150425E+05  0.1140133075E+05  0.1075310083E+05  0.9990270472E+04
L6 0.3214470205E+05  -.4098676652E+06  0.3922209125E+05  -.5522480820E+06
L7 0.0000000000E+00  0.4826823993E+04  0.1308067015E+05  0.2051306182E+05
L8 0.5807334837E+04  0.5893043472E+05  0.0000000000E+00  0.0000000000E+00
L9 0.0000000000E+00  0.0000000000E+00  0.0000000000E+00  0.1043327628E+01  0.0000000000E+00
L0    59000  0.2280000000E+03  -.3235338807E+06  0.8642402976E+05
L1 0.3002556883E+03  0.3002556883E+03  -.4099579105E+12  0.1000000000E+01
L2 0.1000000000E+01  0.1211459114E+03  0.1211459114E+03  0.1211459114E+03
L3 0.1368683287E+07  0.8841261221E+02  0.1441269889E+03  -.1167956958E+03
L4 0.3858130176E+02  0.1144455468E+05  0.1135579762E+05  0.1134843634E+05
L5 0.3414878864E+05  0.1057364370E+05  0.9936070571E+04  0.1249893571E+05
L6 0.3300864997E+05  -.4099579105E+06  0.3924635989E+05  -.5524750075E+06
L7 0.0000000000E+00  0.4869468731E+04  0.1319938148E+05  0.2057101749E+05
L8 0.5832291219E+04  0.5879857817E+05  0.0000000000E+00  0.0000000000E+00
L9 0.0000000000E+00  0.0000000000E+00  0.0000000000E+00  0.1044069711E+01  0.0000000000E+00
L0    60000  0.2300000000E+03  -.3235052670E+06  0.8633484512E+05
L1 0.2999458416E+03  0.2999458416E+03  -.4098401121E+12  0.1000000000E+01
L2 0.1000000000E+01  0.1211927147E+03  0.1211927147E+03  0.1211927147E+03
L3 0.1370268790E+07  0.4309156394E+02  -.5237441831E+02  0.1602202345E+03
L4 0.5031246003E+02  0.1135649910E+05  0.1132903443E+05  0.1137463662E+05
L5 0.3406017015E+05  0.1093153269E+05  0.1184554779E+05  0.9794554314E+04
L6 0.3257163479E+05  -.4098401121E+06  0.3903380000E+05  -.5520947788E+06
L7 0.0000000000E+00  0.4900041893E+04  0.1315210286E+05  0.2054773279E+05
L8 0.5841401031E+04  0.5877958814E+05  0.0000000000E+00  0.0000000000E+00
L9 0.0000000000E+00  0.0000000000E+00  0.0000000000E+00  0.1042861645E+01  0.0000000000E+00
L0    61000  0.2320000000E+03  -.3233081271E+06  0.8649668206E+05
L1 0.3005080980E+03  0.3005080980E+03  -.4098048091E+12  0.1000000000E+01
L2 0.1000000000E+01  0.1211904198E+03  0.1211904198E+03  0.1211904198E+03
L3 0.1370201318E+07  0.1243357574E+03  -.7385650493E+02  -.1540439792E+03
L4 -.3452157558E+02  0.1136122290E+05  0.1134856279E+05  0.1142051527E+05
L5 0.3413030096E+05  0.1013509152E+05  0.1207689533E+05  0.1293961292E+05
L6 0.3515159977E+05  -.4098048091E+06  0.3848431963E+05  -.5513273202E+06
L7 0.0000000000E+00  0.4757456838E+04  0.1310455714E+05  0.2048047553E+05
L8 0.5809956772E+04  0.5888574517E+05  0.0000000000E+00  0.0000000000E+00
L9 0.0000000000E+00  0.0000000000E+00  0.0000000000E+00  0.1042912998E+01  0.0000000000E+00
L0    62000  0.2340000000E+03  -.3232856889E+06  0.8633170775E+05
L1 0.2999349417E+03  0.2999349417E+03  -.4096173967E+12  0.1000000000E+01
L2 0.1000000000E+01  0.1212594394E+03  0.1212594394E+03  0.1212594394E+03
L3 0.1372537517E+07  -.1230171124E+03  0.2501859331E+02  0.1458712680E+03
L4 0.1595758295E+02  0.1134176201E+05  0.1127682332E+05  0.1139593865E+05
L5 0.3401452397E+05  0.1255695801E+05  0.1102968295E+05  0.9954983169E+04
L6 0.3354162413E+05  -.4096173967E+06  0.3930157677E+05  -.5519700231E+06
L7 0.0000000000E+00  0.4725535018E+04  0.1318676863E+05  0.2054734694E+05
L8 0.5811141013E+04  0.5878025805E+05  0.0000000000E+00  0.0000000000E+00
L9 0.0000000000E+00  0.0000000000E+00  0.0000000000E+00  0.1041137853E+01  0.0000000000E+00
L0    63000  0.2360000000E+03  -.3239978733E+06  0.8586856966E+05
L1 0.2983259003E+03  0.2983259003E+03  -.4098664430E+12  0.1000000000E+01
L2 0.1000000000E+01  0.1211847463E+03  0.1211847463E+03  0.1211847463E+03
L3 0.1370009203E+07  -.8927174209E+02  0.1049367535E+03  -.1268687242E+03
L4 -.3706790423E+02  0.1125033102E+05  0.1131707163E+05  0.1143266861E+05
L5 0.3400007125E+05  0.1213055678E+05  0.1028238774E+05  0.1268360330E+05
L6 0.3509654781E+05  -.4098664430E+06  0.3879610673E+05  -.5518104557E+06
L7 0.0000000000E+00  0.4865305660E+04  0.1333292533E+05  0.2055248833E+05
L8 0.5789824327E+04  0.5860736239E+05  0.0000000000E+00  0.0000000000E+00
L9 0.0000000000E+00  0.0000000000E+00  0.0000000000E+00  0.1043059245E+01  0.0000000000E+00
L0    64000  0.2380000000E+03  -.3235013257E+06  0.8631169606E+05
L1 0.2998654168E+03  0.2998654168E+03  -.4098130218E+12  0.1000000000E+01
L2 0.1000000000E+01  0.1212308412E+03  0.1212308412E+03  0.1212308412E+03
L3 0.1371559875E+07  0.5312363676E+02  0.9643740322E+02  0.6412106507E+02
L4 0.7122736835E+02  0.1145139578E+05  0.1126957415E+05  0.1137512530E+05
L5 0.3409609524E+05  0.1092700005E+05  0.1031761819E+05  0.1074217140E+05
L6 0.3198678964E+05  -.4098130218E+06  0.3883990178E+05  -.5517182858E+06
L7 0.0000000000E+00  0.4850291842E+04  0.1314430361E+05  0.2048548804E+05
L8 0.5822111533E+04  0.5876316726E+05  0.0000000000E+00  0.0000000000E+00
L9 0.0000000000E+00  0.0000000000E+00  0.0000000000E+00  0.1041879972E+01  0.0000000000E+00
L0    65000  0.2400000000E+03  -.3240100739E+06  0.8601380516E+05
L1 0.2988304797E+03  0.2988304797E+03  -.4100238790E+12  0.1000000000E+01
L2 0.1000000000E+01  0.1212004393E+03  0.1212004393E+03  0.1212004393E+03
L3 0.1370551611E+07  -.5365659588E+02  -.6959048147E+02  -.2359457919E+03
L4 -.1197309564E+03  0.1134588922E+05  0.1139119025E+05  0.1139954192E+05
L5 0.3413662138E+05  0.1187515655E+05  0.1207762903E+05  0.1372690537E+05
L6 0.3767969096E+05  -.4100238790E+06  0.3916303254E+05  -.5522815535E+06
L7 0.0000000000E+00  0.4826830092E+04  0.1318444213E+05  0.2058652072E+05
L8 0.5805650490E+04  0.5869119850E+05  0.0000000000E+00  0.0000000000E+00
L9 0.0000000000E+00  0.0000000000E+00  0.0000000000E+00  0.1042646444E+01  0.0000000000E+00
L0    66000  0.2420000000E+03  -.3228090926E+06  0.8650183333E+05
L1 0.3005259946E+03  0.3005259946E+03  -.4093109259E+12  0.1000000000E+01
L2 0.1000000000E+01  0.1211861853E+03  0.1211861853E+03  0.1211861853E+03
L3 0.1370032951E+07  -.2257282960E+02  -.1977149835E+02  0.5462464128E+03
L4 0.1679673616E+03  0.1145012974E+05  0.1136157312E+05  0.1141207343E+05
L5 0.3422377629E+05  0.1167270331E+05  0.1155652488E+05  0.6025951380E+04
L6 0.2925517957E+05  -.4093109259E+06  0.3863466575E+05  -.5509242438E+06
L7 0.0000000000E+00  0.4724120928E+04  0.1323731207E+05  0.2050126362E+05
L8 0.5821709533E+04  0.5869424591E+05  0.0000000000E+00  0.0000000000E+00
L9 0.0000000000E+00  0.0000000000E+00  0.0000000000E+00  0.1043041164E+01  0.0000000000E+00
L0    67000  0.2440000000E+03  -.3236328023E+06  0.8638404538E+05
L1 0.3001167739E+03  0.3001167739E+03  -.4100168477E+12  0.1000000000E+01
L2 0.1000000000E+01  0.1211846871E+03  0.1211846871E+03  0.1211846871E+03
L3 0.1370015864E+07  -.1041901837E+03  -.1953982043E+02  -.2003472008E+03
L4 -.1080257350E+03  0.1131840086E+05  0.1128247080E+05  0.1143124678E+05
L5 0.3403211845E+05  0.1234572852E+05  0.1147513577E+05  0.1340669411E+05
L6 0.3722755840E+05  -.4100168477E+06  0.3851206719E+05  -.5516981808E+06
L7 0.0000000000E+00  0.4764566700E+04  0.1322208414E+05  0.2056027750E+05
L8 0.5810866045E+04  0.5881147146E+05  0.0000000000E+00  0.0000000000E+00
L9 0.0000000000E+00  0.0000000000E+00  0.0000000000E+00  0.1043054173E+01  0.0000000000E+00
L0    68000  0.2460000000E+03  -.3233026580E+06  0.8648844121E+05
L1 0.3004794675E+03  0.3004794675E+03  -.4097910992E+12  0.1000000000E+01
L2 0.1000000000E+01  0.1212482400E+03  0.1212482400E+03  0.1212482400E+03
L3 0.1372171413E+07  -.3095159199E+01  0.7328804949E+02  -.3693612160E+03
L4 -.9972277525E+02  0.1143545919E+05  0.1146151993E+05  0.1134059161E+05
L5 0.3423757073E+05  0.1146602585E+05  0.1073775404E+05  0.1498826747E+05
L6 0.3719204735E+05  -.4097910992E+06  0.3862418327E+05  -.5514801886E+06
L7 0.0000000000E+00  0.4764533436E+04  0.1295120487E+05  0.2048885577E+05
L8 0.5893715216E+04  0.5896659689E+05  0.0000000000E+00  0.0000000000E+00
L9 0.0000000000E+00  0.0000000000E+00  0.0000000000E+00  0.1041415635E+01  0.0000000000E+00
L0    69000  0.2480000000E+03  -.3231757085E+06  0.8637149746E+05
L1 0.3000731798E+03  0.3000731798E+03  -.4095472060E+12  0.1000000000E+01
L2 0.1000000000E+01  0.1212112275E+03  0.1212112275E+03  0.1212112275E+03
L3 0.1370896411E+07  -.3379270384E+01  0.7918312156E+02  0.8548912772E+02
L4 0.5376432630E+02  0.1126917716E+05  0.1138250422E+05  0.1115716787E+05
L5 0.3380884925E+05  0.1130251858E+05  0.1060124738E+05  0.1031369308E+05
L6 0.3221745904E+05  -.4095472060E+06  0.3897412144E+05  -.5515969736E+06
L7 0.0000000000E+00  0.4797529206E+04  0.1308060451E+05  0.2060596247E+05
L8 0.5831738459E+04  0.5875981153E+05  0.0000000000E+00  0.0000000000E+00
L9 0.0000000000E+00  0.0000000000E+00  0.0000000000E+00  0.1042384204E+01  0.0000000000E+00
L0    70000  0.2500000000E+03  -.3234247730E+06  0.8639085748E+05
L1 0.3001404406E+03  0.3001404406E+03  -.4098156305E+12  0.1000000000E+01
L2 0.1000000000E+01  0.1212437704E+03  0.1212437704E+03  0.1212437704E+03
L3 0.1372019942E+07  -.3935161126E+02  -.2763861780E+02  -.2388686691E+03
L4 -.1019529660E+03  0.1123138842E+05  0.1128869068E+05  0.1133924353E+05
L5 0.3385932263E+05  0.1161996760E+05  0.1156160940E+05  0.1369796247E+05
L6 0.3687953946E+05  -.4098156305E+06  0.3872417485E+05  -.5513124359E+06
L7 0.0000000000E+00  0.4699405770E+04  0.1306357765E+05  0.2045008737E+05
L8 0.5793707223E+04  0.5876585259E+05  0.0000000000E+00  0.0000000000E+00
L9 0.0000000000E+00  0.0000000000E+00  0.0000000000E+00  0.1041530607E+01  0.0000000000E+00
L0    71000  0.2520000000E+03  -.3232362893E+06  0.8615521836E+05
L1 0.2993217796E+03  0.2993217796E+03  -.4093915076E+12  0.1000000000E+01
L2 0.1000000000E+01  0.1212121136E+03  0.1212121136E+03  0.1212121136E+03
L3 0.1370940305E+07  -.1333592583E+03  0.3403562434E+02  -.7859555781E+02
L4 -.5930639726E+02  0.1134480346E+05  0.1127662094E+05  0.1130601974E+05
L5 0.3392744414E+05  0.1266062895E+05  0.1094079917E+05  0.1208150424E+05
L6 0.3568293236E+05  -.4093915076E+06  0.3848682724E+05  -.5510321233E+06
L7 0.0000000000E+00  0.4803248937E+04  0.1315804973E+05  0.2058836714E+05
L8 0.5806564398E+04  0.5879755821E+05  0.0000000000E+00  0.0000000000E+00
L9 0.0000000000E+00  0.0000000000E+00  0.0000000000E+00  0.1042350829E+01  0.0000000000E+00
L0    72000  0.2540000000E+03  -.3233616962E+06  0.8670154190E+05
L1 0.3012198252E+03  0.3012198252E+03  -.4100632381E+12  0.1000000000E+01
L2 0.1000000000E+01  0.1212337434E+03  0.1212337434E+03  0.1212337434E+03
L3 0.1371665558E+07  -.9538623499E+01  -.3618301317E+02  0.8337168302E+02
L4 0.1255001545E+02  0.1141034664E+05  0.1141230846E+05  0.1139931557E+05
L5 0.3422197067E+05  0.1150451186E+05  0.1176950689E+05  0.1057627095E+05
L6 0.3385028970E+05  -.4100632381E+06  0.3901605723E+05  -.5521820159E+06
L7 0.0000000000E+00  0.4878262612E+04  0.1313764998E+05  0.2057789676E+05
L8 0.5829374475E+04  0.5867953676E+05  0.0000000000E+00  0.0000000000E+00
L9 0.0000000000E+00  0.0000000000E+00  0.0000000000E+00  0.1041799698E+01  0.0000000000E+00
L0    73000  0.2560000000E+03  -.3233918605E+06  0.8626252412E+05
L1 0.2996945829E+03  0.2996945829E+03  -.4096543846E+12  0.1000000000E+01
L2 0.1000000000E+01  0.1212458675E+03  0.1212458675E+03  0.1212458675E+03
L3 0.1372085340E+07  -.3278138459E+03  0.1489116997E+03  0.1514211160E+02
L4 -.5458667820E+02  0.1164012238E+05  0.1118429014E+05  0.1119677204E+05
L5 0.3402118456E+05  0.1487728858E+05  0.9713785072E+04  0.1104724349E+05
L6 0.3563831714E+05  -.4096543846E+06  0.3870909508E+05  -.5514772761E+06
L7 0.0000000000E+00  0.4809265026E+04  0.1332170960E+05  0.2049293781E+05
L8 0.5789987510E+04  0.5869989649E+05  0.0000000000E+00  0.0000000000E+00
L9 0.0000000000E+00  0.0000000000E+00  0.0000000000E+00  0.1041480965E+01  0.0000000000E+00
L0    74000  0.2580000000E+03  -.3229558513E+06  0.8614692184E+05
L1 0.2992929557E+03  0.2992929557E+03  -.4091027731E+12  0.1000000000E+01
L2 0.1000000000E+01  0.1212395950E+03  0.1212395950E+03  0.1212395950E+03
L3 0.1371873162E+07  -.2141893442E+03  0.6661716907E+02  -.3483293642E+02
L4 -.6080170384E+02  0.1140184893E+05  0.1118293934E+05  0.1134185172E+05
L5 0.3392663998E+05  0.1351664454E+05  0.1052519561E+05  0.1168577425E+05
L6 0.3572761440E+05  -.4091027731E+06  0.3845914580E+05  -.5509181842E+06
L7 0.0000000000E+00  0.4811787184E+04  0.1342576255E+05  0.2050725547E+05
L8 0.5848919756E+04  0.5876254036E+05  0.0000000000E+00  0.0000000000E+00
L9 0.0000000000E+00  0.0000000000E+00  0.0000000000E+00  0.1041642044E+01  0.0000000000E+00
L0    75000  0.2600000000E+03  -.3235684446E+06  0.8639989582E+05
L1 0.3001718418E+03  0.3001718418E+03  -.4099683404E+12  0.1000000000E+01
L2 0.1000000000E+01  0.1212077298E+03  0.1212077298E+03  0.1212077298E+03
L3 0.1370777499E+07  -.9898456965E+02  0.1134761167E+03  0.1526481844E+03
L4 0.5571324383E+02  0.1133513058E+05  0.1145142241E+05  0.1134804820E+05
L5 0.3413460119E+05  0.1231167285E+05  0.1033191232E+05  0.9842082116E+04
L6 0.3248566729E+05  -.4099683404E+06  0.3879443859E+05  -.5517230807E+06
L7 0.0000000000E+00  0.4856169859E+04  0.1310326381E+05  0.2050619621E+05
L8 0.5822324594E+04  0.5867234728E+05  0.0000000000E+00  0.0000000000E+00
L9 0.0000000000E+00  0.0000000000E+00  0.0000000000E+00  0.1042474629E+01  0.0000000000E+00
L0    76000  0.2620000000E+03  -.3231042377E+06  0.8655644032E+05
L1 0.3007157111E+03  0.3007157111E+03  -.4096606780E+12  0.1000000000E+01
L2 0.1000000000E+01  0.1212560531E+03  0.1212560531E+03  0.1212560531E+03
L3 0.1372425644E+07  -.7264586099E+01  -.8121938187E+02  0.6006145437E+02
L4 -.9474171200E+01  0.1118987055E+05  0.1139714637E+05  0.1158187043E+05
L5 0.3416888734E+05  0.1126162622E+05  0.1219938779E+05  0.1098861565E+05
L6 0.3444962966E+05  -.4096606780E+06  0.3844536039E+05  -.5510232612E+06
L7 0.0000000000E+00  0.4844023162E+04  0.1314275133E+05  0.2051613634E+05
L8 0.5775841649E+04  0.5863847030E+05  0.0000000000E+00  0.0000000000E+00
L9 0.0000000000E+00  0.0000000000E+00  0.0000000000E+00  0.1041222721E+01  0.0000000000E+00
L0    77000  0.2640000000E+03  -.3231263293E+06  0.8615826946E+05
L1 0.2993323798E+03  0.2993323798E+03  -.4092845988E+12  0.1000000000E+01
L2 0.1000000000E+01  0.1212050348E+03  0.1212050348E+03  0.1212050348E+03
L3 0.1370698171E+07  -.1269309192E+03  0.8309874164E+02  -.8608399517E+02
L4 -.4330539092E+02  0.1136860620E+05  0.1139525725E+05  0.1144720447E+05
L5 0.3421106792E+05  0.1262078354E+05  0.1057548567E+05  0.1229642567E+05
L6 0.3549269487E+05  -.4092845988E+06  0.3861928504E+05  -.5509406797E+06
L7 0.0000000000E+00  0.4779953906E+04  0.1316096978E+05  0.2057885886E+05
L8 0.5793960704E+04  0.5872305260E+05  0.0000000000E+00  0.0000000000E+00
L9 0.0000000000E+00  0.0000000000E+00  0.0000000000E+00  0.1042534960E+01  0.0000000000E+00
L0    78000  0.2660000000E+03  -.3236816875E+06  0.8608483913E+05
L1 0.2990772670E+03  0.2990772670E+03  -.4097665267E+12  0.1000000000E+01
L2 0.1000000000E+01  0.1211933756E+03  0.1211933756E+03  0.1211933756E+03
L3 0.1370296698E+07  -.1076657123E+02  0.2348614698E+02  0.3453445933E+01
L4 0.5391007227E+01  0.1137324633E+05  0.1134925471E+05  0.1132858117E+05
L5 0.3405108221E+05  0.1147942777E+05  0.1111763102E+05  0.1129452280E+05
L6 0.3389158159E+05  -.4097665267E+06  0.3897662498E+05  -.5518880136E+06
L7 0.0000000000E+00  0.4825282647E+04  0.1315308374E+05  0.2063966912E+05
L8 0.5849147051E+04  0.5867767944E+05  0.0000000000E+00  0.0000000000E+00
L9 0.0000000000E+00  0.0000000000E+00  0.0000000000E+00  0.1042840405E+01  0.0000000000E+00
L0    79000  0.2680000000E+03  -.3236864627E+06  0.8630061578E+05
L1 0.2998269216E+03  0.2998269216E+03  -.4099870785E+12  0.1000000000E+01
L2 0.1000000000E+01  0.1211899051E+03  0.1211899051E+03  0.1211899051E+03
L3 0.1370192696E+07  -.1116681718E+03  -.2925841093E+03  0.8384920253E+02
L4 -.1068010262E+03  0.1128491756E+05  0.1136843724E+05  0.1144000139E+05
L5 0.3409335619E+05  0.1238612119E+05  0.1425372387E+05  0.1061313152E+05
L6 0.3725297659E+05  -.4099870785E+06  0.3902201698E+05  -.5519989414E+06
L7 0.0000000000E+00  0.4840349531E+04  0.1303272509E+05  0.2053159420E+05
L8 0.5859863643E+04  0.5872531342E+05  0.0000000000E+00  0.0000000000E+00
L9 0.0000000000E+00  0.0000000000E+00  0.0000000000E+00  0.1042919560E+01  0.0000000000E+00
L0    80000  0.2700000000E+03  -.3236128771E+06  0.8653870479E+05
L1 0.3006540940E+03  0.3006540940E+03  -.4101515819E+12  0.1000000000E+01
L2 0.1000000000E+01  0.1212148027E+03  0.1212148027E+03  0.1212148027E+03
L3 0.1371032452E+07  0.1294069148E+03  -.1210198331E+03  -.2084981443E+03
L4 -.6670368755E+02  0.1139106282E+05  0.1147456266E+05  0.1147088196E+05
L5 0.3433650744E+05  0.1011414838E+05  0.1266871811E+05  0.1352822404E+05
L6 0.3631109053E+05  -.4101515819E+06  0.3858761031E+05  -.5515151062E+06
L7 0.0000000000E+00  0.4707814502E+04  0.1309005148E+05  0.2057806827E+05
L8 0.5805929932E+04  0.5859404984E+05  0.0000000000E+00  0.0000000000E+00
L9 0.0000000000E+00  0.0000000000E+00  0.0000000000E+00  0.1042280773E+01  0.0000000000E+00
L0    81000  0.2720000000E+03  -.3230255873E+06  0.8654011601E+05
L1 0.3006589969E+03  0.3006589969E+03  -.4095657034E+12  0.1000000000E+01
L2 0.1000000000E+01  0.1212346422E+03  0.1212346422E+03  0.1212346422E+03
L3 0.1371699932E+07  0.3827508373E+02  0.1031446748E+03  -.1985580390E+03
L4 -.1904609346E+02  0.1127586277E+05  0.1142595510E+05  0.1135019115E+05
L5 0.3405200902E+05  0.1089800196E+05  0.1040768613E+05  0.1331040373E+05
L6 0.3461609182E+05  -.4095657034E+06  0.3890943632E+05  -.5513875322E+06
L7 0.0000000000E+00  0.4854871419E+04  0.1320633252E+05  0.2059906538E+05
L8 0.5756656254E+04  0.5849546690E+05  0.0000000000E+00  0.0000000000E+00
L9 0.0000000000E+00  0.0000000000E+00  0.0000000000E+00  0.1041773591E+01  0.0000000000E+00
L0    82000  0.2740000000E+03  -.3235496191E+06  0.8652015691E+05
L1 0.3005896547E+03  0.3005896547E+03  -.4100697760E+12  0.1000000000E+01
L2 0.1000000000E+01  0.1212106803E+03  0.1212106803E+03  0.1212106803E+03
L3 0.1370884890E+07  -.1329004871E+02  -.1226569155E+03  0.1244179767E+03
L4 -.3842995828E+01  0.1136504784E+05  0.1143133477E+05  0.1124610889E+05
L5 0.3404249150E+05  0.1149617243E+05  0.1264151376E+05  0.1001855461E+05
L6 0.3415624080E+05  -.4100697760E+06  0.3859497383E+05  -.5513419337E+06
L7 0.0000000000E+00  0.4786161723E+04  0.1308353776E+05  0.2045960116E+05
L8 0.5786497102E+04  0.5856138613E+05  0.0000000000E+00  0.0000000000E+00
L9 0.0000000000E+00  0.0000000000E+00  0.0000000000E+00  0.1042392964E+01  0.0000000000E+00
L0    83000  0.2760000000E+03  -.3235356189E+06  0.8648692362E+05
L1 0.3004741951E+03  0.3004741951E+03  -.4100225425E+12  0.1000000000E+01
L2 0.1000000000E+01  0.1211625045E+03  0.1211625045E+03  0.1211625045E+03
L3 0.1369248046E+07  -.9509129784E+02  0.2357994645E+03  -.8109279199E+02
L4 0.1987179157E+02  0.1137459706E+05  0.1144825173E+05  0.1155785222E+05
L5 0.3438070101E+05  0.1231168314E+05  0.9124543879E+04  0.1235698871E+05
L6 0.3379321573E+05  -.4100225425E+06  0.3874492194E+05  -.5517304140E+06
L7 0.0000000000E+00  0.4903564198E+04  0.1313917205E+05  0.2047275309E+05
L8 0.5817630983E+04  0.5862982923E+05  0.0000000000E+00  0.0000000000E+00
L9 0.0000000000E+00  0.0000000000E+00  0.0000000000E+00  0.1043639074E+01  0.0000000000E+00
L0    84000  0.2780000000E+03  -.3230359374E+06  0.8660762906E+05
L1 0.3008935518E+03  0.3008935518E+03  -.4096435664E+12  0.1000000000E+01
L2 0.1000000000E+01  0.1212389548E+03  0.1212389548E+03  0.1212389548E+03
L3 0.1371834614E+07  0.1676900000E+03  0.8819625908E+02  -.2596841052E+02
L4 0.7663928285E+02  0.1138126376E+05  0.1139743268E+05  0.1124556910E+05
L5 0.3402426554E+05  0.9725625318E+04  0.1052665257E+05  0.1150196065E+05
L6 0.3175423854E+05  -.4096435664E+06  0.3913505562E+05  -.5518413776E+06
L7 0.0000000000E+00  0.4743036152E+04  0.1305365629E+05  0.2060899910E+05
L8 0.5857935924E+04  0.5879912814E+05  0.0000000000E+00  0.0000000000E+00
L9 0.0000000000E+00  0.0000000000E+00  0.0000000000E+00  0.1041671313E+01  0.0000000000E+00
L0    85000  0.2800000000E+03  -.3234895021E+06  0.8635941435E+05
L1 0.3000312004E+03  0.3000312004E+03  -.4098489165E+12  0.1000000000E+01
L2 0.1000000000E+01  0.1212084076E+03  0.1212084076E+03  0.1212084076E+03
L3 0.1370813949E+07  -.2140954089E+03  0.8850901481E+02  -.3738385619E+02
L4 -.5432341675E+02  0.1134887808E+05  0.1146821817E+05  0.1130770061E+05
L5 0.3412479686E+05  0.1346111412E+05  0.1059500033E+05  0.1167652463E+05
L6 0.3573263908E+05  -.4098489165E+06  0.3918919122E+05  -.5520970772E+06
L7 0.0000000000E+00  0.4828539983E+04  0.1291088810E+05  0.2056211892E+05
L8 0.5903227688E+04  0.5885419488E+05  0.0000000000E+00  0.0000000000E+00
L9 0.0000000000E+00  0.0000000000E+00  0.0000000000E+00  0.1042446909E+01  0.0000000000E+00
L0    86000  0.2820000000E+03  -.3233839356E+06  0.8645923588E+05
L1 0.3003780019E+03  0.3003780019E+03  -.4098431715E+12  0.1000000000E+01
L2 0.1000000000E+01  0.1212220391E+03  0.1212220391E+03  0.1212220391E+03
L3 0.1371278806E+07  -.1606393905E+03  -.6569522157E+02  0.6880502063E+01
L4 -.7315137000E+02  0.1140011143E+05  0.1138362287E+05  0.1145505375E+05
L5 0.3423878806E+05  0.1298549514E+05  0.1203198274E+05  0.1138714864E+05
L6 0.3640462652E+05  -.4098431715E+06  0.3898611034E+05  -.5519076475E+06
L7 0.0000000000E+00  0.4773012251E+04  0.1308941228E+05  0.2051470476E+05
L8 0.5861593040E+04  0.5883964330E+05  0.0000000000E+00  0.0000000000E+00
L9 0.0000000000E+00  0.0000000000E+00  0.0000000000E+00  0.1042093524E+01  0.0000000000E+00
L0    87000  0.2840000000E+03  -.3234439199E+06  0.8660691887E+05
L1 0.3008910844E+03  0.3008910844E+03  -.4100508388E+12  0.1000000000E+01
L2 0.1000000000E+01  0.1212310335E+03  0.1212310335E+03  0.1212310335E+03
L3 0.1371547028E+07  0.1261545496E+02  0.2068254081E+03  0.4692757389E+03
L4 0.2295722006E+03  0.1144336222E+05  0.1133607538E+05  0.1145292021E+05
L5 0.3423235781E+05  0.1131883331E+05  0.9294472954E+04  0.6820633990E+04
L6 0.2743394025E+05  -.4100508388E+06  0.3899502065E+05  -.5518941700E+06
L7 0.0000000000E+00  0.4739928918E+04  0.1308089706E+05  0.2047287064E+05
L8 0.5818706050E+04  0.5873590784E+05  0.0000000000E+00  0.0000000000E+00
L9 0.0000000000E+00  0.0000000000E+00  0.0000000000E+00  0.1041889731E+01  0.0000000000E+00
L0    88000  0.2860000000E+03  -.3230327258E+06  0.8640216204E+05
L1 0.3001797151E+03  0.3001797151E+03  -.4094348878E+12  0.1000000000E+01
L2 0.1000000000E+01  0.1212587697E+03  0.1212587697E+03  0.1212587697E+03
L3 0.1372528155E+07  -.5074484031E+02  -.1108216370E+03  -.1183597928E+03
L4 -.9330875669E+02  0.1147546583E+05  0.1135179208E+05  0.1140383849E+05
L5 0.3423109640E+05  0.1197673355E+05  0.1244651044E+05  0.1257302027E+05
L6 0.3699626425E+05  -.4094348878E+06  0.3840951747E+05  -.5507593205E+06
L7 0.0000000000E+00  0.4720019726E+04  0.1323731295E+05  0.2049719345E+05
L8 0.5758383475E+04  0.5870200563E+05  0.0000000000E+00  0.0000000000E+00
L9 0.0000000000E+00  0.0000000000E+00  0.0000000000E+00  0.1041144955E+01  0.0000000000E+00
L0    89000  0.2880000000E+03  -.3234824701E+06  0.8635511990E+05
L1 0.3000162806E+03  0.3000162806E+03  -.4098375900E+12  0.1000000000E+01
L2 0.1000000000E+01  0.1212318472E+03  0.1212318472E+03  0.1212318472E+03
L3 0.1371584310E+07  0.1986711771E+03  0.1445208072E+03  0.1085599187E+03
L4 0.1505839677E+03  0.1136989919E+05  0.1117293054E+05  0.1142273813E+05
L5 0.3396556787E+05  0.9408735011E+04  0.9746306737E+04  0.1035109892E+05
L6 0.2950614067E+05  -.4098375900E+06  0.3904706596E+05  -.5517660910E+06
L7 0.0000000000E+00  0.4774435705E+04  0.1301022488E+05  0.2046176600E+05
L8 0.5882027894E+04  0.5875298053E+05  0.0000000000E+00  0.0000000000E+00
L9 0.0000000000E+00  0.0000000000E+00  0.0000000000E+00  0.1041861411E+01  0.0000000000E+00
L0    90000  0.2900000000E+03  -.3238409959E+06  0.8626942372E+05
L1 0.2997185536E+03  0.2997185536E+03  -.4101104196E+12  0.1000000000E+01
L2 0.1000000000E+01  0.1212465511E+03  0.1212465511E+03  0.1212465511E+03
L3 0.1372076286E+07  0.4954790101E+03  -.3320816231E+03  0.4636638954E+03
L4 0.2090204274E+03  0.1132146434E+05  0.1138870422E+05  0.1128051277E+05
L5 0.3399068133E+05  0.6428634644E+04  0.1466799314E+05  0.6701855690E+04
L6 0.2779848347E+05  -.4101104196E+06  0.3894586609E+05  -.5520550768E+06
L7 0.0000000000E+00  0.4733754316E+04  0.1313427821E+05  0.2057927394E+05
L8 0.5846048532E+04  0.5870543606E+05  0.0000000000E+00  0.0000000000E+00
L9 0.0000000000E+00  0.0000000000E+00  0.0000000000E+00  0.1041487838E+01  0.0000000000E+00
L0    91000  0.2920000000E+03  -.3231325855E+06  0.8622445880E+05
L1 0.2995623358E+03  0.2995623358E+03  -.4093570443E+12  0.1000000000E+01
L2 0.1000000000E+01  0.1212184478E+03  0.1212184478E+03  0.1212184478E+03
L3 0.1371161758E+07  0.8190804716E+02  -.1015875976E+03  -.3181142224E+03
L4 -.1125979243E+03  0.1133300108E+05  0.1121320271E+05  0.1136716234E+05
L5 0.3391336613E+05  0.1052470245E+05  0.1221570636E+05  0.1450643009E+05
L6 0.3724683889E+05  -.4093570443E+06  0.3844076750E+05  -.5509306170E+06
L7 0.0000000000E+00  0.4857366950E+04  0.1317676171E+05  0.2057326708E+05
L8 0.5814068097E+04  0.5871134132E+05  0.0000000000E+00  0.0000000000E+00
L9 0.0000000000E+00  0.0000000000E+00  0.0000000000E+00  0.1042182482E+01  0.0000000000E+00
L0    92000  0.2940000000E+03  -.3232603348E+06  0.8631521825E+05
L1 0.2998776537E+03  0.2998776537E+03  -.4095755531E+12  0.1000000000E+01
L2 0.1000000000E+01  0.1212161570E+03  0.1212161570E+03  0.1212161570E+03
L3 0.1371068123E+07  0.1682067520E+02  0.6428843892E+02  -.2892493272E+02
L4 0.1739472713E+02  0.1138987339E+05  0.1120556760E+05  0.1154434688E+05
L5 0.3413978787E+05  0.1122389214E+05  0.1057118904E+05  0.1182976923E+05
L6 0.3362485041E+05  -.4095755531E+06  0.3818561190E+05  -.5507667625E+06
L7 0.0000000000E+00  0.4741409694E+04  0.1311010941E+05  0.2053416422E+05
L8 0.5831325062E+04  0.5878858914E+05  0.0000000000E+00  0.0000000000E+00
L9 0.0000000000E+00  0.0000000000E+00  0.0000000000E+00  0.1042253656E+01  0.0000000000E+00
L0    93000  0.2960000000E+03  -.3243042503E+06  0.8597605061E+05
L1 0.2986993123E+03  0.2986993123E+03  -.4102803009E+12  0.1000000000E+01
L2 0.1000000000E+01  0.1211695175E+03  0.1211695175E+03  0.1211695175E+03
L3 0.1369485473E+07  -.7798134934E+02  0.1710885735E+03  -.2497588182E+02
L4 0.2271044746E+02  0.1144741521E+05  0.1135455689E+05  0.1127123308E+05
L5 0.3407320518E+05  0.1221602295E+05  0.9668256207E+04  0.1151740292E+05
L6 0.3340168208E+05  -.4102803009E+06  0.3896923243E+05  -.5522977098E+06
L7 0.0000000000E+00  0.4743584055E+04  0.1305464634E+05  0.2054505165E+05
L8 0.5865272537E+04  0.5883962187E+05  0.0000000000E+00  0.0000000000E+00
L9 0.0000000000E+00  0.0000000000E+00  0.0000000000E+00  0.1043458140E+01  0.0000000000E+00
L0    94000  0.2980000000E+03  -.3243209518E+06  0.8630190714E+05
L1 0.2998314080E+03  0.2998314080E+03  -.4106228589E+12  0.1000000000E+01
L2 0.1000000000E+01  0.1211940841E+03  0.1211940841E+03  0.1211940841E+03
L3 0.1370327068E+07  0.5379374885E+02  -.2270887856E+03  0.3397921771E+02
L4 -.4643860635E+02  0.1150871526E+05  0.1125298634E+05  0.1126629226E+05
L5 0.3402799387E+05  0.1097818199E+05  0.1349261752E+05  0.1093117701E+05
L6 0.3540197652E+05  -.4106228589E+06  0.3856076213E+05  -.5523270488E+06
L7 0.0000000000E+00  0.4769161880E+04  0.1310483064E+05  0.2048459347E+05
L8 0.5851552025E+04  0.5893328980E+05  0.0000000000E+00  0.0000000000E+00
L9 0.0000000000E+00  0.0000000000E+00  0.0000000000E+00  0.1042817293E+01  0.0000000000E+00
L0    95000  0.3000000000E+03  -.3245174772E+06  0.8620889543E+05
L1 0.2995082653E+03  0.2995082653E+03  -.4107263726E+12  0.1000000000E+01
L2 0.1000000000E+01  0.1211785811E+03  0.1211785811E+03  0.1211785811E+03
L3 0.1369792026E+07  0.2055166564E+03  -.1380661053E+03  0.2000600447E+02
L4 0.2915218517E+02  0.1137908743E+05  0.1125684612E+05  0.1140052114E+05
L5 0.3403645469E+05  0.9352999732E+04  0.1261797199E+05  0.1120329177E+05
L6 0.3317426349E+05  -.4107263726E+06  0.3883752563E+05  -.5526098021E+06
L7 0.0000000000E+00  0.4813708682E+04  0.1306127603E+05  0.2050673772E+05
L8 0.5870732946E+04  0.5879344843E+05  0.0000000000E+00  0.0000000000E+00
L9 0.0000000000E+00  0.0000000000E+00  0.0000000000E+00  0.1043224618E+01  0.0000000000E+00
L0    96000  0.3020000000E+03  -.3234194913E+06  0.8649290014E+05
L1 0.3004949588E+03  0.3004949588E+03  -.4099123914E+12  0.1000000000E+01
L2 0.1000000000E+01  0.1211474883E+03  0.1211474883E+03  0.1211474883E+03
L3 0.1368742875E+07  -.1774806060E+03  0.1197857781E+03  0.2257955545E+02
L4 -.1170509081E+02  0.1130541686E+05  0.1140186659E+05  0.1134760830E+05
L5 0.3405489175E+05  0.1305377079E+05  0.1022186196E+05  0.1112517806E+05
L6 0.3440081081E+05  -.4099123914E+06  0.3877751837E+05  -.5517466654E+06
L7 0.0000000000E+00  0.4777829429E+04  0.1308963651E+05  0.2056998401E+05
L8 0.5878497025E+04  0.5874080863E+05  0.0000000000E+00  0.0000000000E+00
L9 0.0000000000E+00  0.0000000000E+00  0.0000000000E+00  0.1044024258E+01  0.0000000000E+00
L0    97000  0.3040000000E+03  -.3236318770E+06  0.8634702170E+05
L1 0.2999881457E+03  0.2999881457E+03  -.4099788986E+12  0.1000000000E+01
L2 0.1000000000E+01  0.1211631254E+03  0.1211631254E+03  0.1211631254E+03
L3 0.1369262250E+07  -.1206802595E+03  0.1910571571E+03  0.1574104404E+03
L4 0.7592911264E+02  0.1122536161E+05  0.1137882680E+05  0.1118919307E+05
L5 0.3379338147E+05  0.1241462884E+05  0.9496016665E+04  0.9637961088E+04
L6 0.3154860659E+05  -.4099788986E+06  0.3862323919E+05  -.5514734114E+06
L7 0.0000000000E+00  0.4799629058E+04  0.1300256778E+05  0.2055707318E+05
L8 0.5792604712E+04  0.5871939888E+05  0.0000000000E+00  0.0000000000E+00
L9 0.0000000000E+00  0.0000000000E+00  0.0000000000E+00  0.1043628248E+01  0.0000000000E+00
L0    98000  0.3060000000E+03  -.3231664251E+06  0.8617803834E+05
L1 0.2994010611E+03  0.2994010611E+03  -.4093444635E+12  0.1000000000E+01
L2 0.1000000000E+01  0.1211687369E+03  0.1211687369E+03  0.1211687369E+03
L3 0.1369452061E+07  -.1209799422E+03  -.6757259791E+02  0.4272288945E+03
L4 0.7955878481E+02  0.1134955201E+05  0.1123734296E+05  0.1139518130E+05
L5 0.3398207626E+05  0.1254193778E+05  0.1190334265E+05  0.7184386950E+04
L6 0.3162966739E+05  -.4093444635E+06  0.3865399313E+05  -.5510908900E+06
L7 0.0000000000E+00  0.4744683271E+04  0.1309819331E+05  0.2051407451E+05
L8 0.5845704409E+04  0.5888977794E+05  0.0000000000E+00  0.0000000000E+00
L9 0.0000000000E+00  0.0000000000E+00  0.0000000000E+00  0.1043483598E+01  0.0000000000E+00
L0    99000  0.3080000000E+03  -.3231426662E+06  0.8629532437E+05
L1 0.2998085381E+03  0.2998085381E+03  -.4094379906E+12  0.1000000000E+01
L2 0.1000000000E+01  0.1212158254E+03  0.1212158254E+03  0.1212158254E+03
L3 0.1371073203E+07  -.2972991545E+03  -.9541436760E+01  -.4157596940E+02
L4 -.1161388536E+03  0.1116078599E+05  0.1135963802E+05  0.1149971981E+05
L5 0.3402014382E+05  0.1409445354E+05  0.1145379034E+05  0.1190998021E+05
L6 0.3745822410E+05  -.4094379906E+06  0.3822402738E+05  -.5506246117E+06
L7 0.0000000000E+00  0.4779575377E+04  0.1305090125E+05  0.2055224064E+05
L8 0.5825017220E+04  0.5875485919E+05  0.0000000000E+00  0.0000000000E+00
L9 0.0000000000E+00  0.0000000000E+00  0.0000000000E+00  0.1042249794E+01  0.0000000000E+00
L0   100000  0.3100000000E+03  -.3235541891E+06  0.8642658940E+05
L1 0.3002645810E+03  0.3002645810E+03  -.4099807785E+12  0.1000000000E+01
L2 0.1000000000E+01  0.1212089778E+03  0.1212089778E+03  0.1212089778E+03
L3 0.1370830368E+07  0.8623854299E+01  -.6901413428E+02  -.3070203908E+02
L4 -.3036410636E+02  0.1154891434E+05  0.1138075931E+05  0.1117762847E+05
L5 0.3410730212E+05  0.1146383156E+05  0.1206165148E+05  0.1148053422E+05
L6 0.3500601725E+05  -.4099807785E+06  0.3859621975E+05  -.5515850971E+06
L7 0.0000000000E+00  0.4802089559E+04  0.1310720581E+05  0.2048263398E+05
L8 0.5829872663E+04  0.5878629681E+05  0.0000000000E+00  0.0000000000E+00
L9 0.0000000000E+00  0.0000000000E+00  0.0000000000E+00  0.1042434423E+01  0.0000000000E+00
