L0  Nsteps           time(ps)         Etot             EKinetic        
L1  Temp             T_solute         T_solv           Pres_scal_solu  
L2  Pres_scal_solv   BoxX             BoxY             BoxZ            
L3  volume           pres_X           pres_Y           pres_Z          
L4  Pressure         EKCoM_x          EKCoM_y          EKCoM_z         
L5  EKComTot         VIRIAL_x         VIRIAL_y         VIRIAL_z        
L6  VIRIAL_tot       E_pot            E_vdw            E_el            
L7  E_hbon           E_bon            E_angle          E_dih           
L8  E_14vdw          E_14el           E_const          E_pol           
L9  AV_permMoment    AV_indMoment     AV_totMoment     Density          dV/dlambda      
L0     1000  0.1120000000E+03  -.3119867716E+06  0.8338384984E+05
L1 0.2999610226E+03  0.2999610226E+03  -.3953706214E+12  0.1000000000E+01
L2 0.1000000000E+01  0.1198878700E+03  0.1198878700E+03  0.1198878700E+03
L3 0.1326489877E+07  0.2133162184E+03  -.6557829600E+02  -.1503004443E+03
L4 -.8541739579E+00  0.1082004153E+05  0.1086776512E+05  0.1096075941E+05
L5 0.3264856606E+05  0.8783541618E+04  0.1149383188E+05  0.1239565660E+05
L6 0.3267303010E+05  -.3953706214E+06  0.3697152821E+05  -.5338437262E+06
L7 0.0000000000E+00  0.4788704295E+04  0.1305306522E+05  0.2042691754E+05
L8 0.5753751577E+04  0.5747913794E+05  0.0000000000E+00  0.0000000000E+00
L9 0.0000000000E+00  0.0000000000E+00  0.0000000000E+00  0.1040108826E+01  0.0000000000E+00
L0     2000  0.1140000000E+03  -.3111899803E+06  0.8391085948E+05
L1 0.3018568616E+03  0.3018568616E+03  -.3951008398E+12  0.1000000000E+01
L2 0.1000000000E+01  0.1197730242E+03  0.1197730242E+03  0.1197730242E+03
L3 0.1322711222E+07  -.3088272061E+02  -.2425820979E+03  -.4868201631E+03
L4 -.2534283272E+03  0.1088712651E+05  0.1098597318E+05  0.1080239138E+05
L5 0.3267549108E+05  0.1118111964E+05  0.1329527323E+05  0.1543675574E+05
L6 0.3991314861E+05  -.3951008398E+06  0.3675926443E+05  -.5332710700E+06
L7 0.0000000000E+00  0.4959372707E+04  0.1299772932E+05  0.2039897615E+05
L8 0.5699103008E+04  0.5735578459E+05  0.0000000000E+00  0.0000000000E+00
L9 0.0000000000E+00  0.0000000000E+00  0.0000000000E+00  0.1043080156E+01  0.0000000000E+00
L0     3000  0.1160000000E+03  -.3123262601E+06  0.8290412380E+05
L1 0.2982352794E+03  0.2982352794E+03  -.3952303839E+12  0.1000000000E+01
L2 0.1000000000E+01  0.1198330359E+03  0.1198330359E+03  0.1198330359E+03
L3 0.1324673002E+07  0.4869008248E+02  0.1532617839E+03  -.2657695388E+03
L4 -.2127255746E+02  0.1085861391E+05  0.1078467064E+05  0.1100729004E+05
L5 0.3265057459E+05  0.1039441323E+05  0.9323506043E+04  0.1354107917E+05
L6 0.3325899844E+05  -.3952303839E+06  0.3660823811E+05  -.5332023534E+06
L7 0.0000000000E+00  0.4768717989E+04  0.1293059784E+05  0.2029613954E+05
L8 0.5795120613E+04  0.5757315533E+05  0.0000000000E+00  0.0000000000E+00
L9 0.0000000000E+00  0.0000000000E+00  0.0000000000E+00  0.1041535402E+01  0.0000000000E+00
L0     4000  0.1180000000E+03  -.3110817081E+06  0.8390474643E+05
L1 0.3018348708E+03  0.3018348708E+03  -.3949864546E+12  0.1000000000E+01
L2 0.1000000000E+01  0.1197739792E+03  0.1197739792E+03  0.1197739792E+03
L3 0.1322706291E+07  0.8484438793E+02  0.1052050192E+03  -.2044135303E+02
L4 0.5653601803E+02  0.1096320377E+05  0.1094736985E+05  0.1093840521E+05
L5 0.3284897883E+05  0.1015551672E+05  0.9945857157E+04  0.1113299930E+05
L6 0.3123437317E+05  -.3949864546E+06  0.3679478725E+05  -.5330849790E+06
L7 0.0000000000E+00  0.4753999766E+04  0.1302065235E+05  0.2031073003E+05
L8 0.5738412553E+04  0.5747994247E+05  0.0000000000E+00  0.0000000000E+00
L9 0.0000000000E+00  0.0000000000E+00  0.0000000000E+00  0.1043084045E+01  0.0000000000E+00
L0     5000  0.1200000000E+03  -.3112274070E+06  0.8330873119E+05
L1 0.2996907944E+03  0.2996907944E+03  -.3945361382E+12  0.1000000000E+01
L2 0.1000000000E+01  0.1197914424E+03  0.1197914424E+03  0.1197914424E+03
L3 0.1323295073E+07  0.7214860694E+02  -.6087480773E+02  -.9940152190E+02
L4 -.2937590757E+02  0.1101346079E+05  0.1080426063E+05  0.1091406526E+05
L5 0.3273178668E+05  0.1032632712E+05  0.1138402414E+05  0.1186075204E+05
L6 0.3357110330E+05  -.3945361382E+06  0.3624856257E+05  -.5321241070E+06
L7 0.0000000000E+00  0.4750768038E+04  0.1299924092E+05  0.2030706735E+05
L8 0.5827260999E+04  0.5745506885E+05  0.0000000000E+00  0.0000000000E+00
L9 0.0000000000E+00  0.0000000000E+00  0.0000000000E+00  0.1042619939E+01  0.0000000000E+00
L0     6000  0.1220000000E+03  -.3109627965E+06  0.8389410899E+05
L1 0.3017966041E+03  0.3017966041E+03  -.3948569055E+12  0.1000000000E+01
L2 0.1000000000E+01  0.1198206151E+03  0.1198206151E+03  0.1198206151E+03
L3 0.1324256053E+07  0.3441429979E+01  0.1042401479E+02  0.5132686001E+02
L4 0.2173076826E+02  0.1096220015E+05  0.1101487487E+05  0.1101397997E+05
L5 0.3299105499E+05  0.1092940063E+05  0.1091552586E+05  0.1052479484E+05
L6 0.3236972133E+05  -.3948569055E+06  0.3700838996E+05  -.5332486967E+06
L7 0.0000000000E+00  0.4852289461E+04  0.1277845598E+05  0.2034988571E+05
L8 0.5823889950E+04  0.5757888013E+05  0.0000000000E+00  0.0000000000E+00
L9 0.0000000000E+00  0.0000000000E+00  0.0000000000E+00  0.1041863335E+01  0.0000000000E+00
L0     7000  0.1240000000E+03  -.3110178681E+06  0.8378418037E+05
L1 0.3014011522E+03  0.3014011522E+03  -.3948020484E+12  0.1000000000E+01
L2 0.1000000000E+01  0.1198371449E+03  0.1198371449E+03  0.1198371449E+03
L3 0.1324819694E+07  0.3064974999E+02  -.8103734483E+02  -.2779820935E+03
L4 -.1094565628E+03  0.1084880115E+05  0.1101744495E+05  0.1087552611E+05
L5 0.3274177221E+05  0.1055656073E+05  0.1179012297E+05  0.1352604056E+05
L6 0.3587272426E+05  -.3948020484E+06  0.3682734645E+05  -.5328933743E+06
L7 0.0000000000E+00  0.4856982553E+04  0.1285615256E+05  0.2039199140E+05
L8 0.5768581491E+04  0.5739027138E+05  0.0000000000E+00  0.0000000000E+00
L9 0.0000000000E+00  0.0000000000E+00  0.0000000000E+00  0.1041420078E+01  0.0000000000E+00
L0     8000  0.1260000000E+03  -.3111974843E+06  0.8359493712E+05
L1 0.3007203778E+03  0.3007203778E+03  -.3947924214E+12  0.1000000000E+01
L2 0.1000000000E+01  0.1198424085E+03  0.1198424085E+03  0.1198424085E+03
L3 0.1324979838E+07  0.1633370234E+02  0.9499903891E+02  -.7341046338E+02
L4 0.1264075929E+02  0.1090250171E+05  0.1087973874E+05  0.1096883600E+05
L5 0.3275107645E+05  0.1074674367E+05  0.9973828723E+04  0.1166887755E+05
L6 0.3238944994E+05  -.3947924214E+06  0.3703945629E+05  -.5332428655E+06
L7 0.0000000000E+00  0.4715533258E+04  0.1296429074E+05  0.2038964050E+05
L8 0.5811670268E+04  0.5752985298E+05  0.0000000000E+00  0.0000000000E+00
L9 0.0000000000E+00  0.0000000000E+00  0.0000000000E+00  0.1041294206E+01  0.0000000000E+00
L0     9000  0.1280000000E+03  -.3112415981E+06  0.8365646569E+05
L1 0.3009417176E+03  0.3009417176E+03  -.3948980638E+12  0.1000000000E+01
L2 0.1000000000E+01  0.1197871847E+03  0.1197871847E+03  0.1197871847E+03
L3 0.1323156395E+07  -.9033743079E+02  -.1250213826E+03  0.6578827850E+02
L4 -.4985684495E+02  0.1095551972E+05  0.1084661630E+05  0.1094601159E+05
L5 0.3274814761E+05  0.1181579114E+05  0.1203717841E+05  0.1031951850E+05
L6 0.3417248805E+05  -.3948980638E+06  0.3692704721E+05  -.5332768877E+06
L7 0.0000000000E+00  0.4877863265E+04  0.1303182144E+05  0.2032362279E+05
L8 0.5721611239E+04  0.5749685796E+05  0.0000000000E+00  0.0000000000E+00
L9 0.0000000000E+00  0.0000000000E+00  0.0000000000E+00  0.1042729214E+01  0.0000000000E+00
L0    10000  0.1300000000E+03  -.3113356557E+06  0.8369258036E+05
L1 0.3010716348E+03  0.3010716348E+03  -.3950282361E+12  0.1000000000E+01
L2 0.1000000000E+01  0.1198309363E+03  0.1198309363E+03  0.1198309363E+03
L3 0.1324618945E+07  -.1333156390E+03  -.1626229406E+02  -.3096500467E+03
L4 -.1530759933E+03  0.1082250984E+05  0.1088375827E+05  0.1082597987E+05
L5 0.3253224798E+05  0.1209346036E+05  0.1103879313E+05  0.1377799576E+05
L6 0.3691024925E+05  -.3950282361E+06  0.3641061117E+05  -.5329382247E+06
L7 0.0000000000E+00  0.4771793622E+04  0.1297493425E+05  0.2041315747E+05
L8 0.5809736292E+04  0.5752975579E+05  0.0000000000E+00  0.0000000000E+00
L9 0.0000000000E+00  0.0000000000E+00  0.0000000000E+00  0.1041577907E+01  0.0000000000E+00
L0    11000  0.1320000000E+03  -.3112365808E+06  0.8324200591E+05
L1 0.2994507601E+03  0.2994507601E+03  -.3944785867E+12  0.1000000000E+01
L2 0.1000000000E+01  0.1198361127E+03  0.1198361127E+03  0.1198361127E+03
L3 0.1324779512E+07  0.1174402298E+03  -.2371724777E+03  -.5769730716E+02
L4 -.5914318502E+02  0.1080285300E+05  0.1092172310E+05  0.1078900632E+05
L5 0.3251358242E+05  0.9683113302E+04  0.1318305586E+05  0.1133912416E+05
L6 0.3420529332E+05  -.3944785867E+06  0.3691874532E+05  -.5327275394E+06
L7 0.0000000000E+00  0.4700685663E+04  0.1307292695E+05  0.2023117559E+05
L8 0.5790635592E+04  0.5753478359E+05  0.0000000000E+00  0.0000000000E+00
L9 0.0000000000E+00  0.0000000000E+00  0.0000000000E+00  0.1041451664E+01  0.0000000000E+00
L0    12000  0.1340000000E+03  -.3112626850E+06  0.8343132034E+05
L1 0.3001317907E+03  0.3001317907E+03  -.3946940053E+12  0.1000000000E+01
L2 0.1000000000E+01  0.1197965805E+03  0.1197965805E+03  0.1197965805E+03
L3 0.1323467361E+07  0.1194594334E+03  -.1014196702E+03  -.1571393524E+03
L4 -.4636652977E+02  0.1092508536E+05  0.1096735928E+05  0.1079771652E+05
L5 0.3269016116E+05  0.9787221595E+04  0.1193339239E+05  0.1229448550E+05
L6 0.3401509948E+05  -.3946940053E+06  0.3713413820E+05  -.5331932000E+06
L7 0.0000000000E+00  0.4813342701E+04  0.1295685555E+05  0.2036773504E+05
L8 0.5739178320E+04  0.5748794486E+05  0.0000000000E+00  0.0000000000E+00
L9 0.0000000000E+00  0.0000000000E+00  0.0000000000E+00  0.1042484211E+01  0.0000000000E+00
L0    13000  0.1360000000E+03  -.3111659996E+06  0.8335299501E+05
L1 0.2998500269E+03  0.2998500269E+03  -.3945189947E+12  0.1000000000E+01
L2 0.1000000000E+01  0.1198018973E+03  0.1198018973E+03  0.1198018973E+03
L3 0.1323636935E+07  0.2676821234E+03  -.3485253094E+03  0.1107024470E+03
L4 0.9953086979E+01  0.1091507293E+05  0.1091524404E+05  0.1094144423E+05
L5 0.3277176119E+05  0.8365045649E+04  0.1423540989E+05  0.9886856585E+04
L6 0.3248731213E+05  -.3945189947E+06  0.3694323806E+05  -.5326855330E+06
L7 0.0000000000E+00  0.4819622066E+04  0.1296419192E+05  0.2022784773E+05
L8 0.5750003296E+04  0.5746163528E+05  0.0000000000E+00  0.0000000000E+00
L9 0.0000000000E+00  0.0000000000E+00  0.0000000000E+00  0.1042350656E+01  0.0000000000E+00
L0    14000  0.1380000000E+03  -.3116794148E+06  0.8324217948E+05
L1 0.2994513845E+03  0.2994513845E+03  -.3949215942E+12  0.1000000000E+01
L2 0.1000000000E+01  0.1197703773E+03  0.1197703773E+03  0.1197703773E+03
L3 0.1322586704E+07  0.3403264141E+03  -.1036972972E+03  -.6042770722E+02
L4 0.5873380323E+02  0.1092780691E+05  0.1090378635E+05  0.1088982740E+05
L5 0.3272142067E+05  0.7688318805E+04  0.1189085684E+05  0.1146502472E+05
L6 0.3104420036E+05  -.3949215942E+06  0.3675712299E+05  -.5329623381E+06
L7 0.0000000000E+00  0.4633669929E+04  0.1300220976E+05  0.2036292985E+05
L8 0.5801140938E+04  0.5748367045E+05  0.0000000000E+00  0.0000000000E+00
L9 0.0000000000E+00  0.0000000000E+00  0.0000000000E+00  0.1043178360E+01  0.0000000000E+00
L0    15000  0.1400000000E+03  -.3112360936E+06  0.8352248589E+05
L1 0.3004597452E+03  0.3004597452E+03  -.3947585795E+12  0.1000000000E+01
L2 0.1000000000E+01  0.1197026398E+03  0.1197026398E+03  0.1197026398E+03
L3 0.1320340862E+07  0.3265970556E+01  -.2733290187E+03  0.5251691336E+03
L4 0.8503536184E+02  0.1089928023E+05  0.1085021930E+05  0.1099915411E+05
L5 0.3274865364E+05  0.1086824500E+05  0.1344755680E+05  0.6008679651E+04
L6 0.3032448146E+05  -.3947585795E+06  0.3696300440E+05  -.5332782029E+06
L7 0.0000000000E+00  0.4872927156E+04  0.1309195291E+05  0.2034217846E+05
L8 0.5750422060E+04  0.5749913838E+05  0.0000000000E+00  0.0000000000E+00
L9 0.0000000000E+00  0.0000000000E+00  0.0000000000E+00  0.1044952760E+01  0.0000000000E+00
L0    16000  0.1420000000E+03  -.3111160815E+06  0.8374519024E+05
L1 0.3012608910E+03  0.3012608910E+03  -.3948612718E+12  0.1000000000E+01
L2 0.1000000000E+01  0.1197348791E+03  0.1197348791E+03  0.1197348791E+03
L3 0.1321423068E+07  -.1313711302E+03  -.1387545864E+03  0.1408342606E+03
L4 -.4309715201E+02  0.1084071948E+05  0.1099889960E+05  0.1095893536E+05
L5 0.3279855444E+05  0.1209011055E+05  0.1231851025E+05  0.9619546191E+04
L6 0.3402816700E+05  -.3948612718E+06  0.3661742327E+05  -.5329320805E+06
L7 0.0000000000E+00  0.4797925864E+04  0.1317587950E+05  0.2034559721E+05
L8 0.5727829389E+04  0.5740615346E+05  0.0000000000E+00  0.0000000000E+00
L9 0.0000000000E+00  0.0000000000E+00  0.0000000000E+00  0.1044096975E+01  0.0000000000E+00
L0    17000  0.1440000000E+03  -.3114303799E+06  0.8352960514E+05
L1 0.3004853556E+03  0.3004853556E+03  -.3949599851E+12  0.1000000000E+01
L2 0.1000000000E+01  0.1197117397E+03  0.1197117397E+03  0.1197117397E+03
L3 0.1320646597E+07  0.5799567167E+02  0.1014411511E+03  -.2124993564E+02
L4 0.4606229571E+02  0.1089989946E+05  0.1082934153E+05  0.1087695560E+05
L5 0.3260619660E+05  0.1034866193E+05  0.9865163207E+04  0.1107893209E+05
L6 0.3129275723E+05  -.3949599851E+06  0.3672292816E+05  -.5329900696E+06
L7 0.0000000000E+00  0.4766805900E+04  0.1305944466E+05  0.2031044372E+05
L8 0.5734345398E+04  0.5743611669E+05  0.0000000000E+00  0.0000000000E+00
L9 0.0000000000E+00  0.0000000000E+00  0.0000000000E+00  0.1044710849E+01  0.0000000000E+00
L0    18000  0.1460000000E+03  -.3126977480E+06  0.8307145391E+05
L1 0.2988372246E+03  0.2988372246E+03  -.3957692019E+12  0.1000000000E+01
L2 0.1000000000E+01  0.1197092864E+03  0.1197092864E+03  0.1197092864E+03
L3 0.1320573296E+07  -.1881819749E+03  0.1362054802E+03  -.1080134445E+02
L4 -.2092594640E+02  0.1079542399E+05  0.1099704181E+05  0.1079388623E+05
L5 0.3258635203E+05  0.1258395763E+05  0.9702507181E+04  0.1089654520E+05
L6 0.3318301001E+05  -.3957692019E+06  0.3715797421E+05  -.5343633656E+06
L7 0.0000000000E+00  0.4729665541E+04  0.1293878615E+05  0.2030603316E+05
L8 0.5798250848E+04  0.5766345377E+05  0.0000000000E+00  0.0000000000E+00
L9 0.0000000000E+00  0.0000000000E+00  0.0000000000E+00  0.1044768838E+01  0.0000000000E+00
L0    19000  0.1480000000E+03  -.3116089648E+06  0.8314174101E+05
L1 0.2990900720E+03  0.2990900720E+03  -.3947507058E+12  0.1000000000E+01
L2 0.1000000000E+01  0.1197501046E+03  0.1197501046E+03  0.1197501046E+03
L3 0.1321900941E+07  0.3193940887E+03  0.2402940498E+03  -.2016587576E+02
L4 0.1798407542E+03  0.1088303768E+05  0.1090439380E+05  0.1080863867E+05
L5 0.3259607015E+05  0.7844375882E+04  0.8618276510E+04  0.1100049343E+05
L6 0.2746314583E+05  -.3947507058E+06  0.3682230934E+05  -.5330385567E+06
L7 0.0000000000E+00  0.4732120930E+04  0.1301369556E+05  0.2043089559E+05
L8 0.5731530786E+04  0.5755729873E+05  0.0000000000E+00  0.0000000000E+00
L9 0.0000000000E+00  0.0000000000E+00  0.0000000000E+00  0.1043719529E+01  0.0000000000E+00
L0    20000  0.1500000000E+03  -.3114719196E+06  0.8350839880E+05
L1 0.3004090690E+03  0.3004090690E+03  -.3949803184E+12  0.1000000000E+01
L2 0.1000000000E+01  0.1197189941E+03  0.1197189941E+03  0.1197189941E+03
L3 0.1320903611E+07  -.3066431448E+03  0.7234473263E+02  -.5807470075E+02
L4 -.9745770432E+02  0.1077426549E+05  0.1085825501E+05  0.1089975557E+05
L5 0.3253227607E+05  0.1368941591E+05  0.1017049864E+05  0.1145185168E+05
L6 0.3531176622E+05  -.3949803184E+06  0.3701791258E+05  -.5334146854E+06
L7 0.0000000000E+00  0.4866405632E+04  0.1301106513E+05  0.2035383017E+05
L8 0.5723762429E+04  0.5746139105E+05  0.0000000000E+00  0.0000000000E+00
L9 0.0000000000E+00  0.0000000000E+00  0.0000000000E+00  0.1044507576E+01  0.0000000000E+00
L0    21000  0.1520000000E+03  -.3124126014E+06  0.8324866954E+05
L1 0.2994747315E+03  0.2994747315E+03  -.3956612710E+12  0.1000000000E+01
L2 0.1000000000E+01  0.1197463213E+03  0.1197463213E+03  0.1197463213E+03
L3 0.1321784487E+07  0.3050645260E+03  -.4116626187E+02  0.5091627848E+02
L4 0.1049381809E+03  0.1083507164E+05  0.1085316588E+05  0.1082423850E+05
L5 0.3251247603E+05  0.7932994589E+04  0.1124478029E+05  0.1033987224E+05
L6 0.2951764712E+05  -.3956612710E+06  0.3686011308E+05  -.5338394459E+06
L7 0.0000000000E+00  0.4768025967E+04  0.1293523069E+05  0.2025857277E+05
L8 0.5756544463E+04  0.5759968795E+05  0.0000000000E+00  0.0000000000E+00
L9 0.0000000000E+00  0.0000000000E+00  0.0000000000E+00  0.1043811485E+01  0.0000000000E+00
L0    22000  0.1540000000E+03  -.3121674619E+06  0.8325313402E+05
L1 0.2994907918E+03  0.2994907918E+03  -.3954205960E+12  0.1000000000E+01
L2 0.1000000000E+01  0.1197865796E+03  0.1197865796E+03  0.1197865796E+03
L3 0.1323132009E+07  0.2651585439E+03  -.1548393464E+03  -.1497514481E+03
L4 -.1314408353E+02  0.1102132784E+05  0.1100745050E+05  0.1090931189E+05
L5 0.3293809022E+05  0.8496304592E+04  0.1248193796E+05  0.1233534886E+05
L6 0.3331359142E+05  -.3954205960E+06  0.3702191299E+05  -.5339029434E+06
L7 0.0000000000E+00  0.4860388805E+04  0.1298584475E+05  0.2028008999E+05
L8 0.5741045475E+04  0.5759306545E+05  0.0000000000E+00  0.0000000000E+00
L9 0.0000000000E+00  0.0000000000E+00  0.0000000000E+00  0.1042748432E+01  0.0000000000E+00
L0    23000  0.1560000000E+03  -.3114705252E+06  0.8350725312E+05
L1 0.3004049476E+03  0.3004049476E+03  -.3949777783E+12  0.1000000000E+01
L2 0.1000000000E+01  0.1198082964E+03  0.1198082964E+03  0.1198082964E+03
L3 0.1323858145E+07  0.1180449535E+02  -.1380919460E+03  -.7500079674E+02
L4 -.6709608246E+02  0.1102791452E+05  0.1091440432E+05  0.1083407407E+05
L5 0.3277639290E+05  0.1091544225E+05  0.1223013312E+05  0.1154867554E+05
L6 0.3469425091E+05  -.3949777783E+06  0.3656135718E+05  -.5329581356E+06
L7 0.0000000000E+00  0.4778449949E+04  0.1280807877E+05  0.2034153610E+05
L8 0.5793422025E+04  0.5769751326E+05  0.0000000000E+00  0.0000000000E+00
L9 0.0000000000E+00  0.0000000000E+00  0.0000000000E+00  0.1042176485E+01  0.0000000000E+00
L0    24000  0.1580000000E+03  -.3116093747E+06  0.8325362910E+05
L1 0.2994925728E+03  0.2994925728E+03  -.3948630038E+12  0.1000000000E+01
L2 0.1000000000E+01  0.1197463930E+03  0.1197463930E+03  0.1197463930E+03
L3 0.1321809579E+07  -.2771422535E+03  -.1397122903E+03  0.1536490764E+03
L4 -.8773515579E+02  0.1085679244E+05  0.1088770924E+05  0.1089588075E+05
L5 0.3264038243E+05  0.1349329513E+05  0.1221681668E+05  0.9434190234E+04
L6 0.3514430204E+05  -.3948630038E+06  0.3606932560E+05  -.5322804193E+06
L7 0.0000000000E+00  0.4712472806E+04  0.1307087060E+05  0.2033291310E+05
L8 0.5787256742E+04  0.5744457657E+05  0.0000000000E+00  0.0000000000E+00
L9 0.0000000000E+00  0.0000000000E+00  0.0000000000E+00  0.1043791670E+01  0.0000000000E+00
L0    25000  0.1600000000E+03  -.3112662845E+06  0.8374102276E+05
L1 0.3012458992E+03  0.3012458992E+03  -.3950073073E+12  0.1000000000E+01
L2 0.1000000000E+01  0.1198063400E+03  0.1198063400E+03  0.1198063400E+03
L3 0.1323793631E+07  -.9294619328E+01  -.1892148280E+03  -.1133569881E+02
L4 -.6994838205E+02  0.1093942063E+05  0.1090829006E+05  0.1101650186E+05
L5 0.3286421255E+05  0.1102797469E+05  0.1271102566E+05  0.1112450221E+05
L6 0.3486350255E+05  -.3950073073E+06  0.3704006601E+05  -.5334185398E+06
L7 0.0000000000E+00  0.4693964729E+04  0.1300368258E+05  0.2023321958E+05
L8 0.5784725159E+04  0.5765557440E+05  0.0000000000E+00  0.0000000000E+00
L9 0.0000000000E+00  0.0000000000E+00  0.0000000000E+00  0.1042227275E+01  0.0000000000E+00
L0    26000  0.1620000000E+03  -.3117847348E+06  0.8312628648E+05
L1 0.2990344766E+03  0.2990344766E+03  -.3949110212E+12  0.1000000000E+01
L2 0.1000000000E+01  0.1197654244E+03  0.1197654244E+03  0.1197654244E+03
L3 0.1322440502E+07  -.5108703895E+02  -.2710013526E+03  0.4377466801E+02
L4 -.9277124119E+02  0.1104742145E+05  0.1084756115E+05  0.1084605589E+05
L5 0.3274103849E+05  0.1153365335E+05  0.1342687495E+05  0.1042942105E+05
L6 0.3538994935E+05  -.3949110212E+06  0.3642858288E+05  -.5326049864E+06
L7 0.0000000000E+00  0.4716974437E+04  0.1278217445E+05  0.2036290391E+05
L8 0.5793854691E+04  0.5760947484E+05  0.0000000000E+00  0.0000000000E+00
L9 0.0000000000E+00  0.0000000000E+00  0.0000000000E+00  0.1043293688E+01  0.0000000000E+00
L0    27000  0.1640000000E+03  -.3117180875E+06  0.8319034442E+05
L1 0.2992649155E+03  0.2992649155E+03  -.3949084319E+12  0.1000000000E+01
L2 0.1000000000E+01  0.1197581107E+03  0.1197581107E+03  0.1197581107E+03
L3 0.1322199641E+07  0.1932114120E+03  -.4547174892E+03  -.5232271200E+02
L4 -.1046095964E+03  0.1093099479E+05  0.1080855055E+05  0.1085958279E+05
L5 0.3259912813E+05  0.9092398454E+04  0.1513563402E+05  0.1135748478E+05
L6 0.3558551726E+05  -.3949084319E+06  0.3650896477E+05  -.5325647871E+06
L7 0.0000000000E+00  0.4595258547E+04  0.1295327043E+05  0.2029182679E+05
L8 0.5762709306E+04  0.5754432536E+05  0.0000000000E+00  0.0000000000E+00
L9 0.0000000000E+00  0.0000000000E+00  0.0000000000E+00  0.1043483742E+01  0.0000000000E+00
L0    28000  0.1660000000E+03  -.3110396440E+06  0.8363079231E+05
L1 0.3008493615E+03  0.3008493615E+03  -.3946704363E+12  0.1000000000E+01
L2 0.1000000000E+01  0.1197392583E+03  0.1197392583E+03  0.1197392583E+03
L3 0.1321570021E+07  -.9517444496E+02  -.1940073539E+03  0.1100692222E+03
L4 -.5970419219E+02  0.1088565578E+05  0.1096879148E+05  0.1091888753E+05
L5 0.3277333479E+05  0.1179090281E+05  0.1281408285E+05  0.9871969555E+04
L6 0.3447695522E+05  -.3946704363E+06  0.3623439487E+05  -.5323861653E+06
L7 0.0000000000E+00  0.4786467177E+04  0.1309909471E+05  0.2039006890E+05
L8 0.5713880549E+04  0.5749182283E+05  0.0000000000E+00  0.0000000000E+00
L9 0.0000000000E+00  0.0000000000E+00  0.0000000000E+00  0.1043980876E+01  0.0000000000E+00
L0    29000  0.1680000000E+03  -.3113847937E+06  0.8347829411E+05
L1 0.3003007718E+03  0.3003007718E+03  -.3948630878E+12  0.1000000000E+01
L2 0.1000000000E+01  0.1197476879E+03  0.1197476879E+03  0.1197476879E+03
L3 0.1321832032E+07  0.7277607424E+02  0.1240625084E+03  0.5967437332E+02
L4 0.8550431865E+02  0.1089969304E+05  0.1098193232E+05  0.1091142243E+05
L5 0.3279304779E+05  0.1020734977E+05  0.9801683949E+04  0.1034372005E+05
L6 0.3035275376E+05  -.3948630878E+06  0.3671565889E+05  -.5329923840E+06
L7 0.0000000000E+00  0.4787312955E+04  0.1307563075E+05  0.2029247225E+05
L8 0.5739291581E+04  0.5751892979E+05  0.0000000000E+00  0.0000000000E+00
L9 0.0000000000E+00  0.0000000000E+00  0.0000000000E+00  0.1043773940E+01  0.0000000000E+00
L0    30000  0.1700000000E+03  -.3114800013E+06  0.8340440763E+05
L1 0.3000349762E+03  0.3000349762E+03  -.3948844089E+12  0.1000000000E+01
L2 0.1000000000E+01  0.1197334919E+03  0.1197334919E+03  0.1197334919E+03
L3 0.1321377128E+07  0.2059615444E+03  -.2438665608E+03  -.9113232094E+02
L4 -.4301244577E+02  0.1087168061E+05  0.1100707818E+05  0.1091680265E+05
L5 0.3279556144E+05  0.8912973475E+04  0.1332626438E+05  0.1178347671E+05
L6 0.3402271457E+05  -.3948844089E+06  0.3676191203E+05  -.5328367463E+06
L7 0.0000000000E+00  0.4742023503E+04  0.1286569007E+05  0.2030415118E+05
L8 0.5759504470E+04  0.5751905619E+05  0.0000000000E+00  0.0000000000E+00
L9 0.0000000000E+00  0.0000000000E+00  0.0000000000E+00  0.1044133275E+01  0.0000000000E+00
L0    31000  0.1720000000E+03  -.3117347666E+06  0.8346148705E+05
L1 0.3002403109E+03  0.3002403109E+03  -.3951962537E+12  0.1000000000E+01
L2 0.1000000000E+01  0.1197753665E+03  0.1197753665E+03  0.1197753665E+03
L3 0.1322746673E+07  0.3618358162E+03  -.1669820597E+03  0.1165883676E+03
L4 0.1038140414E+03  0.1083048228E+05  0.1098375251E+05  0.1080198124E+05
L5 0.3261621602E+05  0.7385834578E+04  0.1257340821E+05  0.9692069410E+04
L6 0.2965131220E+05  -.3951962537E+06  0.3680220425E+05  -.5331555088E+06
L7 0.0000000000E+00  0.4661935848E+04  0.1289885176E+05  0.2028454283E+05
L8 0.5758962146E+04  0.5755275832E+05  0.0000000000E+00  0.0000000000E+00
L9 0.0000000000E+00  0.0000000000E+00  0.0000000000E+00  0.1043052201E+01  0.0000000000E+00
L0    32000  0.1740000000E+03  -.3116642562E+06  0.8325731874E+05
L1 0.2995058457E+03  0.2995058457E+03  -.3949215749E+12  0.1000000000E+01
L2 0.1000000000E+01  0.1197350758E+03  0.1197350758E+03  0.1197350758E+03
L3 0.1321421309E+07  0.7413539595E+02  -.2753215756E+03  0.2824232835E+03
L4 0.2707903462E+02  0.1096461462E+05  0.1102810023E+05  0.1079462255E+05
L5 0.3278733740E+05  0.1025955880E+05  0.1364651313E+05  0.8108669709E+04
L6 0.3201474164E+05  -.3949215749E+06  0.3673103912E+05  -.5329408421E+06
L7 0.0000000000E+00  0.4720822168E+04  0.1303084604E+05  0.2037180747E+05
L8 0.5795692381E+04  0.5736905998E+05  0.0000000000E+00  0.0000000000E+00
L9 0.0000000000E+00  0.0000000000E+00  0.0000000000E+00  0.1044098365E+01  0.0000000000E+00
L0    33000  0.1760000000E+03  -.3118500223E+06  0.8342674753E+05
L1 0.3001153407E+03  0.3001153407E+03  -.3952767698E+12  0.1000000000E+01
L2 0.1000000000E+01  0.1197448330E+03  0.1197448330E+03  0.1197448330E+03
L3 0.1321740130E+07  0.6036490220E+02  0.8700156471E+02  0.4205157216E+02
L4 0.6313934635E+02  0.1085311230E+05  0.1099567937E+05  0.1093487501E+05
L5 0.3278366669E+05  0.1027888061E+05  0.1016806177E+05  0.1053485208E+05
L6 0.3098179445E+05  -.3952767698E+06  0.3646265756E+05  -.5328641297E+06
L7 0.0000000000E+00  0.4667756385E+04  0.1292387150E+05  0.2031942386E+05
L8 0.5764998378E+04  0.5744865219E+05  0.0000000000E+00  0.0000000000E+00
L9 0.0000000000E+00  0.0000000000E+00  0.0000000000E+00  0.1043846515E+01  0.0000000000E+00
L0    34000  0.1780000000E+03  -.3118482656E+06  0.8312550449E+05
L1 0.2990316635E+03  0.2990316635E+03  -.3949737701E+12  0.1000000000E+01
L2 0.1000000000E+01  0.1198107096E+03  0.1198107096E+03  0.1198107096E+03
L3 0.1323931035E+07  0.8002096820E+02  0.9778318426E+02  -.1984918640E+03
L4 -.6895903834E+01  0.1074464758E+05  0.1079502130E+05  0.1090126846E+05
L5 0.3244093733E+05  0.9982172336E+04  0.9863299795E+04  0.1279258688E+05
L6 0.3263805901E+05  -.3949737701E+06  0.3682905461E+05  -.5330208163E+06
L7 0.0000000000E+00  0.4769107366E+04  0.1289090903E+05  0.2038848547E+05
L8 0.5729776856E+04  0.5743971293E+05  0.0000000000E+00  0.0000000000E+00
L9 0.0000000000E+00  0.0000000000E+00  0.0000000000E+00  0.1042119107E+01  0.0000000000E+00
L0    35000  0.1800000000E+03  -.3114262130E+06  0.8343693366E+05
L1 0.3001519837E+03  0.3001519837E+03  -.3948631467E+12  0.1000000000E+01
L2 0.1000000000E+01  0.1197720267E+03  0.1197720267E+03  0.1197720267E+03
L3 0.1322636085E+07  0.1349953186E+03  -.7247379488E+02  0.2474129311E+03
L4 0.1033114849E+03  0.1103592170E+05  0.1091097602E+05  0.1078740002E+05
L5 0.3273429774E+05  0.9750884631E+04  0.1160086300E+05  0.8432245851E+04
L6 0.2978399348E+05  -.3948631467E+06  0.3643786892E+05  -.5327149767E+06
L7 0.0000000000E+00  0.4752080293E+04  0.1304666538E+05  0.2029502935E+05
L8 0.5813689248E+04  0.5750649680E+05  0.0000000000E+00  0.0000000000E+00
L9 0.0000000000E+00  0.0000000000E+00  0.0000000000E+00  0.1043139412E+01  0.0000000000E+00
L0    36000  0.1820000000E+03  -.3117520558E+06  0.8347728651E+05
L1 0.3002971471E+03  0.3002971471E+03  -.3952293423E+12  0.1000000000E+01
L2 0.1000000000E+01  0.1197528708E+03  0.1197528708E+03  0.1197528708E+03
L3 0.1321996276E+07  0.7355281808E+02  0.2637409853E+03  0.1074186059E+03
L4 0.1482374698E+03  0.1085982783E+05  0.1084510153E+05  0.1083126672E+05
L5 0.3253619608E+05  0.1016000818E+05  0.8335733062E+04  0.9809230416E+04
L6 0.2830497166E+05  -.3952293423E+06  0.3691096219E+05  -.5331217424E+06
L7 0.0000000000E+00  0.4697158154E+04  0.1282261738E+05  0.2026334444E+05
L8 0.5784469166E+04  0.5741384871E+05  0.0000000000E+00  0.0000000000E+00
L9 0.0000000000E+00  0.0000000000E+00  0.0000000000E+00  0.1043644262E+01  0.0000000000E+00
L0    37000  0.1840000000E+03  -.3115171476E+06  0.8344348755E+05
L1 0.3001755604E+03  0.3001755604E+03  -.3949606352E+12  0.1000000000E+01
L2 0.1000000000E+01  0.1197482639E+03  0.1197482639E+03  0.1197482639E+03
L3 0.1321861151E+07  -.6553945612E+02  0.5640394611E+01  0.6085685728E+02
L4 0.3192652567E+00  0.1099583773E+05  0.1098414202E+05  0.1084001223E+05
L5 0.3281999197E+05  0.1161935036E+05  0.1093048186E+05  0.1026104772E+05
L6 0.3281087994E+05  -.3949606352E+06  0.3671108841E+05  -.5328493415E+06
L7 0.0000000000E+00  0.4722275150E+04  0.1298921602E+05  0.2030365354E+05
L8 0.5727512689E+04  0.5743496050E+05  0.0000000000E+00  0.0000000000E+00
L9 0.0000000000E+00  0.0000000000E+00  0.0000000000E+00  0.1043750947E+01  0.0000000000E+00
L0    38000  0.1860000000E+03  -.3111673776E+06  0.8371355704E+05
L1 0.3011470953E+03  0.3011470953E+03  -.3948809346E+12  0.1000000000E+01
L2 0.1000000000E+01  0.1197700178E+03  0.1197700178E+03  0.1197700178E+03
L3 0.1322578705E+07  0.1369480518E+02  0.9084243995E+02  -.2784455749E+02
L4 0.2556422922E+02  0.1097323888E+05  0.1092764825E+05  0.1090867244E+05
L5 0.3280955957E+05  0.1084288199E+05  0.1006294539E+05  0.1117371672E+05
L6 0.3207954410E+05  -.3948809346E+06  0.3669032304E+05  -.5327190096E+06
L7 0.0000000000E+00  0.4667743588E+04  0.1289873092E+05  0.2028693314E+05
L8 0.5776767571E+04  0.5751757674E+05  0.0000000000E+00  0.0000000000E+00
L9 0.0000000000E+00  0.0000000000E+00  0.0000000000E+00  0.1043184668E+01  0.0000000000E+00
L0    39000  0.1880000000E+03  -.3113940411E+06  0.8355906868E+05
L1 0.3005913464E+03  0.3005913464E+03  -.3949531098E+12  0.1000000000E+01
L2 0.1000000000E+01  0.1197444628E+03  0.1197444628E+03  0.1197444628E+03
L3 0.1321738305E+07  -.9182131436E+01  -.1714939459E+03  0.1046359480E+03
L4 -.2534670976E+02  0.1094610362E+05  0.1083910926E+05  0.1094385917E+05
L5 0.3272907204E+05  0.1103345013E+05  0.1247047317E+05  0.9948492781E+04
L6 0.3345241607E+05  -.3949531098E+06  0.3624935985E+05  -.5324493425E+06
L7 0.0000000000E+00  0.4801406166E+04  0.1306095751E+05  0.2024267472E+05
L8 0.5736697836E+04  0.5740513664E+05  0.0000000000E+00  0.0000000000E+00
L9 0.0000000000E+00  0.0000000000E+00  0.0000000000E+00  0.1043847956E+01  0.0000000000E+00
L0    40000  0.1900000000E+03  -.3121862091E+06  0.8313463899E+05
L1 0.2990645235E+03  0.2990645235E+03  -.3953208481E+12  0.1000000000E+01
L2 0.1000000000E+01  0.1197727390E+03  0.1197727390E+03  0.1197727390E+03
L3 0.1322666689E+07  0.2342830894E+03  -.8992908428E+02  -.1251814297E+02
L4 0.4394528738E+02  0.1095897258E+05  0.1076439971E+05  0.1088313316E+05
L5 0.3260650544E+05  0.8728751383E+04  0.1162046555E+05  0.1100229766E+05
L6 0.3135151459E+05  -.3953208481E+06  0.3692340023E+05  -.5335120657E+06
L7 0.0000000000E+00  0.4723565148E+04  0.1297779176E+05  0.2028141038E+05
L8 0.5787824023E+04  0.5749722609E+05  0.0000000000E+00  0.0000000000E+00
L9 0.0000000000E+00  0.0000000000E+00  0.0000000000E+00  0.1043115276E+01  0.0000000000E+00
L0    41000  0.1920000000E+03  -.3115355924E+06  0.8322265731E+05
L1 0.2993811564E+03  0.2993811564E+03  -.3947582497E+12  0.1000000000E+01
L2 0.1000000000E+01  0.1197932233E+03  0.1197932233E+03  0.1197932233E+03
L3 0.1323355412E+07  0.1251420147E+03  -.9905261655E+02  -.1477980205E+03
L4 -.4056954079E+02  0.1091913847E+05  0.1101041865E+05  0.1092336461E+05
L5 0.3285292173E+05  0.9727248348E+04  0.1195382551E+05  0.1233103734E+05
L6 0.3401211120E+05  -.3947582497E+06  0.3650523326E+05  -.5327596011E+06
L7 0.0000000000E+00  0.4832682240E+04  0.1289424601E+05  0.2038344295E+05
L8 0.5789683813E+04  0.5759606314E+05  0.0000000000E+00  0.0000000000E+00
L9 0.0000000000E+00  0.0000000000E+00  0.0000000000E+00  0.1042572400E+01  0.0000000000E+00
L0    42000  0.1940000000E+03  -.3112066100E+06  0.8400081879E+05
L1 0.3021804768E+03  0.3021804768E+03  -.3952074288E+12  0.1000000000E+01
L2 0.1000000000E+01  0.1198153320E+03  0.1198153320E+03  0.1198153320E+03
L3 0.1324072449E+07  0.2728664580E+03  -.3098336476E+02  0.3783467164E+02
L4 0.9323925497E+02  0.1084466894E+05  0.1084500836E+05  0.1096794379E+05
L5 0.3265762108E+05  0.8244398716E+04  0.1114026312E+05  0.1060739977E+05
L6 0.2999206160E+05  -.3952074288E+06  0.3688169905E+05  -.5334582384E+06
L7 0.0000000000E+00  0.4725191445E+04  0.1301512363E+05  0.2039169390E+05
L8 0.5736373550E+04  0.5750072803E+05  0.0000000000E+00  0.0000000000E+00
L9 0.0000000000E+00  0.0000000000E+00  0.0000000000E+00  0.1042007807E+01  0.0000000000E+00
L0    43000  0.1960000000E+03  -.3119645667E+06  0.8332249249E+05
L1 0.2997402986E+03  0.2997402986E+03  -.3952870592E+12  0.1000000000E+01
L2 0.1000000000E+01  0.1197601493E+03  0.1197601493E+03  0.1197601493E+03
L3 0.1322264917E+07  -.2018834899E+03  0.1384743455E+02  -.6869562462E+02
L4 -.8557722666E+02  0.1095738512E+05  0.1078255394E+05  0.1093224218E+05
L5 0.3267218124E+05  0.1287859964E+05  0.1065077549E+05  0.1158598079E+05
L6 0.3511535592E+05  -.3952870592E+06  0.3670301279E+05  -.5332617673E+06
L7 0.0000000000E+00  0.4815986529E+04  0.1287112893E+05  0.2033352493E+05
L8 0.5742586619E+04  0.5750846834E+05  0.0000000000E+00  0.0000000000E+00
L9 0.0000000000E+00  0.0000000000E+00  0.0000000000E+00  0.1043432228E+01  0.0000000000E+00
L0    44000  0.1980000000E+03  -.3112774861E+06  0.8340946244E+05
L1 0.3000531601E+03  0.3000531601E+03  -.3946869486E+12  0.1000000000E+01
L2 0.1000000000E+01  0.1197515468E+03  0.1197515468E+03  0.1197515468E+03
L3 0.1321968388E+07  -.1203579958E+03  0.8051434126E+02  0.7851572821E+02
L4 0.1289069123E+02  0.1095974699E+05  0.1095131682E+05  0.1081523632E+05
L5 0.3272630013E+05  0.1210487120E+05  0.1018527780E+05  0.1006821274E+05
L6 0.3235836174E+05  -.3946869486E+06  0.3644786580E+05  -.5324213625E+06
L7 0.0000000000E+00  0.4737032680E+04  0.1292909698E+05  0.2032668802E+05
L8 0.5749278141E+04  0.5754445234E+05  0.0000000000E+00  0.0000000000E+00
L9 0.0000000000E+00  0.0000000000E+00  0.0000000000E+00  0.1043666278E+01  0.0000000000E+00
L0    45000  0.2000000000E+03  -.3120716156E+06  0.8309632054E+05
L1 0.2989266786E+03  0.2989266786E+03  -.3951679361E+12  0.1000000000E+01
L2 0.1000000000E+01  0.1197556121E+03  0.1197556121E+03  0.1197556121E+03
L3 0.1322114244E+07  -.1478974662E+03  -.4786139716E+02  -.5094565293E+02
L4 -.8223483876E+02  0.1087168744E+05  0.1084695770E+05  0.1089252117E+05
L5 0.3261116632E+05  0.1227898618E+05  0.1130237648E+05  0.1137728778E+05
L6 0.3495865045E+05  -.3951679361E+06  0.3666289239E+05  -.5332475257E+06
L7 0.0000000000E+00  0.4789759478E+04  0.1307436125E+05  0.2031929801E+05
L8 0.5774533736E+04  0.5745874478E+05  0.0000000000E+00  0.0000000000E+00
L9 0.0000000000E+00  0.0000000000E+00  0.0000000000E+00  0.1043551141E+01  0.0000000000E+00
L0    46000  0.2020000000E+03  -.3109541170E+06  0.8369734587E+05
L1 0.3010887780E+03  0.3010887780E+03  -.3946514629E+12  0.1000000000E+01
L2 0.1000000000E+01  0.1197755092E+03  0.1197755092E+03  0.1197755092E+03
L3 0.1322771018E+07  -.9199654194E+02  -.1529553325E+03  0.5760770417E+02
L4 -.6244805674E+02  0.1089783647E+05  0.1090342370E+05  0.1094203825E+05
L5 0.3274329842E+05  0.1177365223E+05  0.1235957289E+05  0.1039360748E+05
L6 0.3452683259E+05  -.3946514629E+06  0.3677524268E+05  -.5330191172E+06
L7 0.0000000000E+00  0.4779848128E+04  0.1310655726E+05  0.2042552801E+05
L8 0.5755779520E+04  0.5752469871E+05  0.0000000000E+00  0.0000000000E+00
L9 0.0000000000E+00  0.0000000000E+00  0.0000000000E+00  0.1043033004E+01  0.0000000000E+00
L0    47000  0.2040000000E+03  -.3117196338E+06  0.8318896697E+05
L1 0.2992599604E+03  0.2992599604E+03  -.3949086008E+12  0.1000000000E+01
L2 0.1000000000E+01  0.1197518946E+03  0.1197518946E+03  0.1197518946E+03
L3 0.1321990266E+07  0.2178604547E+03  -.3743704278E+03  -.6838824829E+02
L4 -.7496607378E+02  0.1101211555E+05  0.1090376131E+05  0.1088265977E+05
L5 0.3279853663E+05  0.8939287665E+04  0.1446569945E+05  0.1153333806E+05
L6 0.3493832518E+05  -.3949086008E+06  0.3641388067E+05  -.5326094433E+06
L7 0.0000000000E+00  0.4767243425E+04  0.1292616111E+05  0.2028543892E+05
L8 0.5766836490E+04  0.5754128188E+05  0.0000000000E+00  0.0000000000E+00
L9 0.0000000000E+00  0.0000000000E+00  0.0000000000E+00  0.1043649006E+01  0.0000000000E+00
L0    48000  0.2060000000E+03  -.3119457988E+06  0.8311616259E+05
L1 0.2989980574E+03  0.2989980574E+03  -.3950619614E+12  0.1000000000E+01
L2 0.1000000000E+01  0.1197951715E+03  0.1197951715E+03  0.1197951715E+03
L3 0.1323419136E+07  0.2164407024E+03  -.7289382673E+02  -.2438098396E+03
L4 -.3342098795E+02  0.1074610032E+05  0.1085673808E+05  0.1094937072E+05
L5 0.3255220912E+05  0.8684554818E+04  0.1155103420E+05  0.1327160065E+05
L6 0.3350718968E+05  -.3950619614E+06  0.3651849404E+05  -.5327697543E+06
L7 0.0000000000E+00  0.4753787256E+04  0.1288554326E+05  0.2037527721E+05
L8 0.5736436897E+04  0.5743825421E+05  0.0000000000E+00  0.0000000000E+00
L9 0.0000000000E+00  0.0000000000E+00  0.0000000000E+00  0.1042522199E+01  0.0000000000E+00
L0    49000  0.2080000000E+03  -.3118057454E+06  0.8338245582E+05
L1 0.2999560078E+03  0.2999560078E+03  -.3951882012E+12  0.1000000000E+01
L2 0.1000000000E+01  0.1197938230E+03  0.1197938230E+03  0.1197938230E+03
L3 0.1323391669E+07  -.4480698598E+02  -.2960055835E+03  -.1972085788E+03
L4 -.1793403828E+03  0.1081095325E+05  0.1086190679E+05  0.1088120639E+05
L5 0.3255406643E+05  0.1123772013E+05  0.1368123008E+05  0.1275953157E+05
L6 0.3767848178E+05  -.3951882012E+06  0.3671838340E+05  -.5329089193E+06
L7 0.0000000000E+00  0.4743555157E+04  0.1289315848E+05  0.2025887669E+05
L8 0.5752936269E+04  0.5735380806E+05  0.0000000000E+00  0.0000000000E+00
L9 0.0000000000E+00  0.0000000000E+00  0.0000000000E+00  0.1042543837E+01  0.0000000000E+00
L0    50000  0.2100000000E+03  -.3113950145E+06  0.8335790258E+05
L1 0.2998676812E+03  0.2998676812E+03  -.3947529171E+12  0.1000000000E+01
L2 0.1000000000E+01  0.1197476030E+03  0.1197476030E+03  0.1197476030E+03
L3 0.1321847029E+07  -.2734582709E+02  -.1939148856E+03  0.2471892852E+02
L4 -.6551392806E+02  0.1098675731E+05  0.1073480888E+05  0.1103150707E+05
L5 0.3275307326E+05  0.1124691031E+05  0.1257960734E+05  0.1079634492E+05
L6 0.3462286258E+05  -.3947529171E+06  0.3666962164E+05  -.5325079359E+06
L7 0.0000000000E+00  0.4810862564E+04  0.1292802777E+05  0.2032876933E+05
L8 0.5702930233E+04  0.5731480721E+05  0.0000000000E+00  0.0000000000E+00
L9 0.0000000000E+00  0.0000000000E+00  0.0000000000E+00  0.1043762098E+01  0.0000000000E+00
L0    51000  0.2120000000E+03  -.3108359880E+06  0.8353849716E+05
L1 0.3005173434E+03  0.3005173434E+03  -.3943744851E+12  0.1000000000E+01
L2 0.1000000000E+01  0.1197939215E+03  0.1197939215E+03  0.1197939215E+03
L3 0.1323372917E+07  -.1339183008E+03  0.1298247235E+03  0.2559652638E+02
L4 0.7167649662E+01  0.1090686532E+05  0.1089573692E+05  0.1095759893E+05
L5 0.3276020117E+05  0.1218236030E+05  0.9659230920E+04  0.1071380671E+05
L6 0.3255539792E+05  -.3943744851E+06  0.3632198715E+05  -.5320066230E+06
L7 0.0000000000E+00  0.4745419869E+04  0.1299707553E+05  0.2038324511E+05
L8 0.5757482323E+04  0.5742692790E+05  0.0000000000E+00  0.0000000000E+00
L9 0.0000000000E+00  0.0000000000E+00  0.0000000000E+00  0.1042558609E+01  0.0000000000E+00
L0    52000  0.2140000000E+03  -.3116980144E+06  0.8323973700E+05
L1 0.2994425980E+03  0.2994425980E+03  -.3949377514E+12  0.1000000000E+01
L2 0.1000000000E+01  0.1197371343E+03  0.1197371343E+03  0.1197371343E+03
L3 0.1321497410E+07  -.1089954696E+03  -.1101679917E+03  0.9820502327E+02
L4 -.4031947937E+02  0.1085947320E+05  0.1096968459E+05  0.1087422657E+05
L5 0.3270338435E+05  0.1189612127E+05  0.1201748443E+05  0.9940205655E+04
L6 0.3385381135E+05  -.3949377514E+06  0.3655255679E+05  -.5325661775E+06
L7 0.0000000000E+00  0.4746320023E+04  0.1285745545E+05  0.2035130687E+05
L8 0.5739743697E+04  0.5738104321E+05  0.0000000000E+00  0.0000000000E+00
L9 0.0000000000E+00  0.0000000000E+00  0.0000000000E+00  0.1044038238E+01  0.0000000000E+00
L0    53000  0.2160000000E+03  -.3121251945E+06  0.8396988992E+05
L1 0.3020692148E+03  0.3020692148E+03  -.3960950845E+12  0.1000000000E+01
L2 0.1000000000E+01  0.1197506994E+03  0.1197506994E+03  0.1197506994E+03
L3 0.1321950922E+07  -.2440978865E+02  -.1664772206E+03  -.4003417949E+02
L4 -.7697372958E+02  0.1104627660E+05  0.1093681404E+05  0.1095526954E+05
L5 0.3293836017E+05  0.1127851602E+05  0.1252071028E+05  0.1133616241E+05
L6 0.3513538870E+05  -.3960950845E+06  0.3674148236E+05  -.5339274002E+06
L7 0.0000000000E+00  0.4611575185E+04  0.1283178259E+05  0.2035445796E+05
L8 0.5793959530E+04  0.5749905816E+05  0.0000000000E+00  0.0000000000E+00
L9 0.0000000000E+00  0.0000000000E+00  0.0000000000E+00  0.1043680068E+01  0.0000000000E+00
L0    54000  0.2180000000E+03  -.3116045025E+06  0.8340507158E+05
L1 0.3000373647E+03  0.3000373647E+03  -.3950095741E+12  0.1000000000E+01
L2 0.1000000000E+01  0.1197640219E+03  0.1197640219E+03  0.1197640219E+03
L3 0.1322365015E+07  0.2413122381E+03  0.2785371961E+03  -.5984897274E+02
L4 0.1533334872E+03  0.1086887915E+05  0.1090856767E+05  0.1086770793E+05
L5 0.3264515475E+05  0.8572269007E+04  0.8257681189E+04  0.1143730091E+05
L6 0.2826725111E+05  -.3950095741E+06  0.3673337042E+05  -.5332054859E+06
L7 0.0000000000E+00  0.4833034756E+04  0.1299946171E+05  0.2035035127E+05
L8 0.5772660312E+04  0.5750703339E+05  0.0000000000E+00  0.0000000000E+00
L9 0.0000000000E+00  0.0000000000E+00  0.0000000000E+00  0.1043353244E+01  0.0000000000E+00
L0    55000  0.2200000000E+03  -.3112430142E+06  0.8363154793E+05
L1 0.3008520797E+03  0.3008520797E+03  -.3948745622E+12  0.1000000000E+01
L2 0.1000000000E+01  0.1197358711E+03  0.1197358711E+03  0.1197358711E+03
L3 0.1321453504E+07  -.1196820200E+03  0.5804101121E+02  -.6351201920E+01
L4 -.2266407024E+02  0.1095716603E+05  0.1087779566E+05  0.1084208729E+05
L5 0.3267704898E+05  0.1209541530E+05  0.1032579011E+05  0.1090249111E+05
L6 0.3332369652E+05  -.3948745622E+06  0.3667892075E+05  -.5329211829E+06
L7 0.0000000000E+00  0.4771299690E+04  0.1287296732E+05  0.2028360772E+05
L8 0.5806034861E+04  0.5763379040E+05  0.0000000000E+00  0.0000000000E+00
L9 0.0000000000E+00  0.0000000000E+00  0.0000000000E+00  0.1044072927E+01  0.0000000000E+00
L0    56000  0.2220000000E+03  -.3116055109E+06  0.8333089990E+05
L1 0.2997705430E+03  0.2997705430E+03  -.3949364108E+12  0.1000000000E+01
L2 0.1000000000E+01  0.1197734610E+03  0.1197734610E+03  0.1197734610E+03
L3 0.1322680323E+07  -.1909899288E+01  0.2165471128E+03  0.1786950906E+03
L4 0.1311107680E+03  0.1094050460E+05  0.1082948238E+05  0.1090048776E+05
L5 0.3267047474E+05  0.1095868578E+05  0.8768074788E+04  0.9199410284E+04
L6 0.2892617085E+05  -.3949364108E+06  0.3708755653E+05  -.5332053468E+06
L7 0.0000000000E+00  0.4737715093E+04  0.1307109929E+05  0.2021811413E+05
L8 0.5759365374E+04  0.5739508553E+05  0.0000000000E+00  0.0000000000E+00
L9 0.0000000000E+00  0.0000000000E+00  0.0000000000E+00  0.1043104523E+01  0.0000000000E+00
L0    57000  0.2240000000E+03  -.3113826900E+06  0.8382867303E+05
L1 0.3015612080E+03  0.3015612080E+03  -.3952113631E+12  0.1000000000E+01
L2 0.1000000000E+01  0.1197645794E+03  0.1197645794E+03  0.1197645794E+03
L3 0.1322389904E+07  -.8476465746E+02  0.3579392988E+02  0.3455758088E+03
L4 0.9886836040E+02  0.1102185333E+05  0.1108845363E+05  0.1095021977E+05
L5 0.3306052674E+05  0.1182858836E+05  0.1074779023E+05  0.7661253360E+04
L6 0.3023763195E+05  -.3952113631E+06  0.3686104838E+05  -.5333328532E+06
L7 0.0000000000E+00  0.4765709825E+04  0.1298138675E+05  0.2027904885E+05
L8 0.5739692545E+04  0.5749460375E+05  0.0000000000E+00  0.0000000000E+00
L9 0.0000000000E+00  0.0000000000E+00  0.0000000000E+00  0.1043333607E+01  0.0000000000E+00
L0    58000  0.2260000000E+03  -.3119063669E+06  0.8344025477E+05
L1 0.3001639309E+03  0.3001639309E+03  -.3953466216E+12  0.1000000000E+01
L2 0.1000000000E+01  0.1197420689E+03  0.1197420689E+03  0.1197420689E+03
L3 0.1321658919E+07  0.2618990422E+03  -.2162077272E+03  -.1188053468E+03
L4 -.2437134391E+02  0.1093477944E+05  0.1091950803E+05  0.1093597548E+05
L5 0.3279026295E+05  0.8443572066E+04  0.1297609548E+05  0.1206606269E+05
L6 0.3348573024E+05  -.3953466216E+06  0.3668942883E+05  -.5332176141E+06
L7 0.0000000000E+00  0.4736140081E+04  0.1292640708E+05  0.2026301667E+05
L8 0.5799550692E+04  0.5745644914E+05  0.0000000000E+00  0.0000000000E+00
L9 0.0000000000E+00  0.0000000000E+00  0.0000000000E+00  0.1043910656E+01  0.0000000000E+00
L0    59000  0.2280000000E+03  -.3115742161E+06  0.8352685019E+05
L1 0.3004754451E+03  0.3004754451E+03  -.3951010663E+12  0.1000000000E+01
L2 0.1000000000E+01  0.1197409025E+03  0.1197409025E+03  0.1197409025E+03
L3 0.1321610124E+07  -.1271164086E+03  0.1438142617E+03  0.1690590124E+03
L4 0.6191895517E+02  0.1095365709E+05  0.1092172612E+05  0.1103914981E+05
L5 0.3291453302E+05  0.1216275523E+05  0.9553802358E+04  0.9431104561E+04
L6 0.3114766214E+05  -.3951010663E+06  0.3681691032E+05  -.5332767745E+06
L7 0.0000000000E+00  0.4763047070E+04  0.1295142287E+05  0.2025212085E+05
L8 0.5816610686E+04  0.5757559640E+05  0.0000000000E+00  0.0000000000E+00
L9 0.0000000000E+00  0.0000000000E+00  0.0000000000E+00  0.1043949198E+01  0.0000000000E+00
L0    60000  0.2300000000E+03  -.3116391102E+06  0.8341236165E+05
L1 0.3000635896E+03  0.3000635896E+03  -.3950514718E+12  0.1000000000E+01
L2 0.1000000000E+01  0.1197291153E+03  0.1197291153E+03  0.1197291153E+03
L3 0.1321217274E+07  0.2155388365E+03  -.1750851215E+03  0.2113794307E+03
L4 0.8394438189E+02  0.1090757344E+05  0.1084682086E+05  0.1089419841E+05
L5 0.3264859272E+05  0.8858033637E+04  0.1251168986E+05  0.8884210030E+04
L6 0.3025393352E+05  -.3950514718E+06  0.3671172249E+05  -.5331451299E+06
L7 0.0000000000E+00  0.4755350529E+04  0.1301399563E+05  0.2034543770E+05
L8 0.5718287206E+04  0.5754886456E+05  0.0000000000E+00  0.0000000000E+00
L9 0.0000000000E+00  0.0000000000E+00  0.0000000000E+00  0.1044259605E+01  0.0000000000E+00
L0    61000  0.2320000000E+03  -.3118670947E+06  0.8359100956E+05
L1 0.3007062489E+03  0.3007062489E+03  -.3954581042E+12  0.1000000000E+01
L2 0.1000000000E+01  0.1197140572E+03  0.1197140572E+03  0.1197140572E+03
L3 0.1320712740E+07  0.8549900663E+02  0.2066594568E+03  0.1148601774E+03
L4 0.1356728803E+03  0.1103503344E+05  0.1102275187E+05  0.1093795365E+05
L5 0.3299573896E+05  0.1022234138E+05  0.9058395717E+04  0.9846175421E+04
L6 0.2912691252E+05  -.3954581042E+06  0.3681818713E+05  -.5332735454E+06
L7 0.0000000000E+00  0.4758715592E+04  0.1283476191E+05  0.2026681936E+05
L8 0.5728767993E+04  0.5740818922E+05  0.0000000000E+00  0.0000000000E+00
L9 0.0000000000E+00  0.0000000000E+00  0.0000000000E+00  0.1044658529E+01  0.0000000000E+00
L0    62000  0.2340000000E+03  -.3118051468E+06  0.8353767279E+05
L1 0.3005143778E+03  0.3005143778E+03  -.3953428195E+12  0.1000000000E+01
L2 0.1000000000E+01  0.1197711292E+03  0.1197711292E+03  0.1197711292E+03
L3 0.1322643193E+07  -.3836595259E+03  -.2847398239E+03  0.4153894394E+02
L4 -.2089534686E+03  0.1082528362E+05  0.1099624344E+05  0.1094502956E+05
L5 0.3276655662E+05  0.1447740554E+05  0.1370673146E+05  0.1054961311E+05
L6 0.3873375012E+05  -.3953428195E+06  0.3666761587E+05  -.5333591652E+06
L7 0.0000000000E+00  0.4828789642E+04  0.1288085481E+05  0.2033882061E+05
L8 0.5747131715E+04  0.5755313296E+05  0.0000000000E+00  0.0000000000E+00
L9 0.0000000000E+00  0.0000000000E+00  0.0000000000E+00  0.1043133806E+01  0.0000000000E+00
L0    63000  0.2360000000E+03  -.3118776593E+06  0.8358353049E+05
L1 0.3006793441E+03  0.3006793441E+03  -.3954611898E+12  0.1000000000E+01
L2 0.1000000000E+01  0.1197689144E+03  0.1197689144E+03  0.1197689144E+03
L3 0.1322540320E+07  0.2048515294E+02  0.1654787428E+03  -.6264902639E+02
L4 0.4110495645E+02  0.1082237944E+05  0.1105077521E+05  0.1100215124E+05
L5 0.3287530589E+05  0.1062739287E+05  0.9475676721E+04  0.1159847186E+05
L6 0.3170154145E+05  -.3954611898E+06  0.3709765909E+05  -.5338531948E+06
L7 0.0000000000E+00  0.4730058963E+04  0.1292765484E+05  0.2035217962E+05
L8 0.5726499152E+04  0.5755795329E+05  0.0000000000E+00  0.0000000000E+00
L9 0.0000000000E+00  0.0000000000E+00  0.0000000000E+00  0.1043214946E+01  0.0000000000E+00
L0    64000  0.2380000000E+03  -.3108319993E+06  0.8361047036E+05
L1 0.3007762563E+03  0.3007762563E+03  -.3944424697E+12  0.1000000000E+01
L2 0.1000000000E+01  0.1197921244E+03  0.1197921244E+03  0.1197921244E+03
L3 0.1323293964E+07  0.1787232600E+03  0.2027236827E+03  0.1330194971E+03
L4 0.1714888133E+03  0.1091696627E+05  0.1098339512E+05  0.1092233588E+05
L5 0.3282269726E+05  0.9214831315E+04  0.9052683548E+04  0.9655477081E+04
L6 0.2792299194E+05  -.3944424697E+06  0.3689786373E+05  -.5327868878E+06
L7 0.0000000000E+00  0.4865741273E+04  0.1295674046E+05  0.2038066272E+05
L8 0.5741885232E+04  0.5750152476E+05  0.0000000000E+00  0.0000000000E+00
L9 0.0000000000E+00  0.0000000000E+00  0.0000000000E+00  0.1042620812E+01  0.0000000000E+00
L0    65000  0.2400000000E+03  -.3111201540E+06  0.8364391051E+05
L1 0.3008965522E+03  0.3008965522E+03  -.3947640645E+12  0.1000000000E+01
L2 0.1000000000E+01  0.1197857533E+03  0.1197857533E+03  0.1197857533E+03
L3 0.1323111213E+07  0.1018471067E+03  -.1994673141E+03  -.1092033914E+03
L4 -.6894119963E+02  0.1088484775E+05  0.1087528805E+05  0.1088614657E+05
L5 0.3264628237E+05  0.9915004320E+04  0.1277472407E+05  0.1192604054E+05
L6 0.3461576892E+05  -.3947640645E+06  0.3654252646E+05  -.5326571983E+06
L7 0.0000000000E+00  0.4708668947E+04  0.1292661961E+05  0.2036539247E+05
L8 0.5750333454E+04  0.5759959287E+05  0.0000000000E+00  0.0000000000E+00
L9 0.0000000000E+00  0.0000000000E+00  0.0000000000E+00  0.1042764822E+01  0.0000000000E+00
L0    66000  0.2420000000E+03  -.3125932067E+06  0.8333511723E+05
L1 0.2997857143E+03  0.2997857143E+03  -.3959283240E+12  0.1000000000E+01
L2 0.1000000000E+01  0.1197680711E+03  0.1197680711E+03  0.1197680711E+03
L3 0.1322509558E+07  0.1837447872E+03  -.6174039398E+02  0.7316531247E+02
L4 0.6505656856E+02  0.1083561313E+05  0.1088282441E+05  0.1096774995E+05
L5 0.3268618749E+05  0.9086691185E+04  0.1147048261E+05  0.1027134695E+05
L6 0.3082852075E+05  -.3959283240E+06  0.3715834946E+05  -.5342550758E+06
L7 0.0000000000E+00  0.4730598854E+04  0.1288838972E+05  0.2033185635E+05
L8 0.5738076974E+04  0.5747948047E+05  0.0000000000E+00  0.0000000000E+00
L9 0.0000000000E+00  0.0000000000E+00  0.0000000000E+00  0.1043239211E+01  0.0000000000E+00
L0    67000  0.2440000000E+03  -.3118677064E+06  0.8326724966E+05
L1 0.2995415707E+03  0.2995415707E+03  -.3951349561E+12  0.1000000000E+01
L2 0.1000000000E+01  0.1197482656E+03  0.1197482656E+03  0.1197482656E+03
L3 0.1321854127E+07  -.9133522419E+02  0.2373573635E+03  0.3505372379E+02
L4 0.6035862103E+02  0.1080760623E+05  0.1084414972E+05  0.1077272144E+05
L5 0.3242447739E+05  0.1167652347E+05  0.8586051538E+04  0.1043923800E+05
L6 0.3070181300E+05  -.3951349561E+06  0.3677785713E+05  -.5330995347E+06
L7 0.0000000000E+00  0.4800345201E+04  0.1276908277E+05  0.2034479735E+05
L8 0.5736677763E+04  0.5753581842E+05  0.0000000000E+00  0.0000000000E+00
L9 0.0000000000E+00  0.0000000000E+00  0.0000000000E+00  0.1043756493E+01  0.0000000000E+00
L0    68000  0.2460000000E+03  -.3119676608E+06  0.8311336234E+05
L1 0.2989879840E+03  0.2989879840E+03  -.3950810232E+12  0.1000000000E+01
L2 0.1000000000E+01  0.1197544343E+03  0.1197544343E+03  0.1197544343E+03
L3 0.1322062054E+07  -.8328215154E+02  0.3894120059E+02  0.1329549955E+03
L4 0.2953801486E+02  0.1083572491E+05  0.1096375305E+05  0.1084165836E+05
L5 0.3264113632E+05  0.1162815390E+05  0.1059322784E+05  0.9576592665E+04
L6 0.3179797441E+05  -.3950810232E+06  0.3712378515E+05  -.5335747093E+06
L7 0.0000000000E+00  0.4848067486E+04  0.1301035880E+05  0.2032904012E+05
L8 0.5753289051E+04  0.5742914552E+05  0.0000000000E+00  0.0000000000E+00
L9 0.0000000000E+00  0.0000000000E+00  0.0000000000E+00  0.1043592336E+01  0.0000000000E+00
L0    69000  0.2480000000E+03  -.3119645541E+06  0.8343950449E+05
L1 0.3001612319E+03  0.3001612319E+03  -.3954040586E+12  0.1000000000E+01
L2 0.1000000000E+01  0.1197498944E+03  0.1197498944E+03  0.1197498944E+03
L3 0.1321912427E+07  -.1755698754E+03  0.1813812080E+03  0.6440393055E+02
L4 0.2340508773E+02  0.1098592334E+05  0.1095155266E+05  0.1078854806E+05
L5 0.3272602406E+05  0.1265628021E+05  0.9225907268E+04  0.1017581454E+05
L6 0.3205800202E+05  -.3954040586E+06  0.3676972531E+05  -.5334834501E+06
L7 0.0000000000E+00  0.4672305224E+04  0.1297712413E+05  0.2031185851E+05
L8 0.5739522198E+04  0.5760885612E+05  0.0000000000E+00  0.0000000000E+00
L9 0.0000000000E+00  0.0000000000E+00  0.0000000000E+00  0.1043710460E+01  0.0000000000E+00
L0    70000  0.2500000000E+03  -.3119732449E+06  0.8323980507E+05
L1 0.2994428429E+03  0.2994428429E+03  -.3952130499E+12  0.1000000000E+01
L2 0.1000000000E+01  0.1197441534E+03  0.1197441534E+03  0.1197441534E+03
L3 0.1321731529E+07  0.9212599954E+02  0.3836389323E+02  -.2948120616E+03
L4 -.5477405628E+02  0.1083426785E+05  0.1080957602E+05  0.1088110972E+05
L5 0.3252495359E+05  0.9957908866E+04  0.1044463515E+05  0.1368554278E+05
L6 0.3408808679E+05  -.3952130499E+06  0.3665046191E+05  -.5332893456E+06
L7 0.0000000000E+00  0.4726605152E+04  0.1298826778E+05  0.2034577477E+05
L8 0.5759676727E+04  0.5760550935E+05  0.0000000000E+00  0.0000000000E+00
L9 0.0000000000E+00  0.0000000000E+00  0.0000000000E+00  0.1043853308E+01  0.0000000000E+00
L0    71000  0.2520000000E+03  -.3128635016E+06  0.8302463249E+05
L1 0.2986687915E+03  0.2986687915E+03  -.3958881341E+12  0.1000000000E+01
L2 0.1000000000E+01  0.1197159351E+03  0.1197159351E+03  0.1197159351E+03
L3 0.1320782482E+07  -.1756147068E+03  0.3481373119E+03  0.4126391309E+02
L4 0.7126217274E+02  0.1084802862E+05  0.1088784753E+05  0.1095025990E+05
L5 0.3268613604E+05  0.1251738385E+05  0.7578529909E+04  0.1055801411E+05
L6 0.3065392787E+05  -.3958881341E+06  0.3714048212E+05  -.5343031459E+06
L7 0.0000000000E+00  0.4807014169E+04  0.1299554864E+05  0.2028651320E+05
L8 0.5758247257E+04  0.5742720640E+05  0.0000000000E+00  0.0000000000E+00
L9 0.0000000000E+00  0.0000000000E+00  0.0000000000E+00  0.1044603367E+01  0.0000000000E+00
L0    72000  0.2540000000E+03  -.3121718334E+06  0.8319155058E+05
L1 0.2992692545E+03  0.2992692545E+03  -.3953633840E+12  0.1000000000E+01
L2 0.1000000000E+01  0.1197727270E+03  0.1197727270E+03  0.1197727270E+03
L3 0.1322676198E+07  -.1426525052E+03  0.2141161734E+02  0.1099542436E+01
L4 -.4004711515E+02  0.1097458485E+05  0.1093308912E+05  0.1088494815E+05
L5 0.3279262212E+05  0.1233255281E+05  0.1072926311E+05  0.1087448115E+05
L6 0.3393629707E+05  -.3953633840E+06  0.3659341578E+05  -.5332553655E+06
L7 0.0000000000E+00  0.4818137199E+04  0.1296303370E+05  0.2031351243E+05
L8 0.5710845474E+04  0.5749303697E+05  0.0000000000E+00  0.0000000000E+00
L9 0.0000000000E+00  0.0000000000E+00  0.0000000000E+00  0.1043107776E+01  0.0000000000E+00
L0    73000  0.2560000000E+03  -.3116053575E+06  0.8325206201E+05
L1 0.2994869354E+03  0.2994869354E+03  -.3948574196E+12  0.1000000000E+01
L2 0.1000000000E+01  0.1197303370E+03  0.1197303370E+03  0.1197303370E+03
L3 0.1321260931E+07  0.2802212952E+03  -.1681916986E+03  0.5801480769E+02
L4 0.5668146809E+02  0.1098412951E+05  0.1094196671E+05  0.1090951213E+05
L5 0.3283560836E+05  0.8319441862E+04  0.1254133960E+05  0.1035783621E+05
L6 0.3121861767E+05  -.3948574196E+06  0.3629968671E+05  -.5324372436E+06
L7 0.0000000000E+00  0.4795675441E+04  0.1301087695E+05  0.2028035559E+05
L8 0.5724953261E+04  0.5746827606E+05  0.0000000000E+00  0.0000000000E+00
L9 0.0000000000E+00  0.0000000000E+00  0.0000000000E+00  0.1044225101E+01  0.0000000000E+00
L0    74000  0.2580000000E+03  -.3117713880E+06  0.8341483880E+05
L1 0.3000725008E+03  0.3000725008E+03  -.3951862268E+12  0.1000000000E+01
L2 0.1000000000E+01  0.1197090744E+03  0.1197090744E+03  0.1197090744E+03
L3 0.1320552212E+07  0.3367205828E+03  -.2099571741E+03  0.1687377796E+03
L4 0.9850039610E+02  0.1098930701E+05  0.1085526570E+05  0.1099740435E+05
L5 0.3284197706E+05  0.7789072373E+04  0.1285072501E+05  0.9393699335E+04
L6 0.3003349672E+05  -.3951862268E+06  0.3675688514E+05  -.5331293013E+06
L7 0.0000000000E+00  0.4808184829E+04  0.1295737668E+05  0.2025829943E+05
L8 0.5710687185E+04  0.5745164119E+05  0.0000000000E+00  0.0000000000E+00
L9 0.0000000000E+00  0.0000000000E+00  0.0000000000E+00  0.1044785519E+01  0.0000000000E+00
L0    75000  0.2600000000E+03  -.3120261475E+06  0.8310405169E+05
L1 0.2989544903E+03  0.2989544903E+03  -.3951301992E+12  0.1000000000E+01
L2 0.1000000000E+01  0.1197608431E+03  0.1197608431E+03  0.1197608431E+03
L3 0.1322280580E+07  0.9704388890E+01  0.1371868525E+03  -.2174537954E+03
L4 -.2352085132E+02  0.1085421201E+05  0.1084278537E+05  0.1086580126E+05
L5 0.3256279864E+05  0.1076185957E+05  0.9537237829E+04  0.1293521435E+05
L6 0.3323431175E+05  -.3951301992E+06  0.3628914710E+05  -.5326746623E+06
L7 0.0000000000E+00  0.4805335384E+04  0.1307205422E+05  0.2026778628E+05
L8 0.5741921675E+04  0.5736821843E+05  0.0000000000E+00  0.0000000000E+00
L9 0.0000000000E+00  0.0000000000E+00  0.0000000000E+00  0.1043419868E+01  0.0000000000E+00
L0    76000  0.2620000000E+03  -.3121737165E+06  0.8310075389E+05
L1 0.2989426269E+03  0.2989426269E+03  -.3952744703E+12  0.1000000000E+01
L2 0.1000000000E+01  0.1197445236E+03  0.1197445236E+03  0.1197445236E+03
L3 0.1321746374E+07  0.7247121620E+02  0.1261413104E+03  -.4287486673E+03
L4 -.7671204691E+02  0.1086572077E+05  0.1092064073E+05  0.1086312294E+05
L5 0.3264948445E+05  0.1017632239E+05  0.9720693782E+04  0.1494168891E+05
L6 0.3483870508E+05  -.3952744703E+06  0.3663050184E+05  -.5332911718E+06
L7 0.0000000000E+00  0.4745854500E+04  0.1293657248E+05  0.2029607846E+05
L8 0.5757305145E+04  0.5765038902E+05  0.0000000000E+00  0.0000000000E+00
L9 0.0000000000E+00  0.0000000000E+00  0.0000000000E+00  0.1043841583E+01  0.0000000000E+00
L0    77000  0.2640000000E+03  -.3121093892E+06  0.8330802537E+05
L1 0.2996882553E+03  0.2996882553E+03  -.3954174146E+12  0.1000000000E+01
L2 0.1000000000E+01  0.1197673791E+03  0.1197673791E+03  0.1197673791E+03
L3 0.1322487935E+07  0.2298466226E+03  -.2214342968E+03  0.1536683203E+03
L4 0.5402688202E+02  0.1090094173E+05  0.1071696789E+05  0.1079854769E+05
L5 0.3241645731E+05  0.8713248491E+04  0.1282459213E+05  0.9335923864E+04
L6 0.3087376449E+05  -.3954174146E+06  0.3666290732E+05  -.5332060960E+06
L7 0.0000000000E+00  0.4716481195E+04  0.1290778432E+05  0.2022742079E+05
L8 0.5752701999E+04  0.5752138581E+05  0.0000000000E+00  0.0000000000E+00
L9 0.0000000000E+00  0.0000000000E+00  0.0000000000E+00  0.1043256268E+01  0.0000000000E+00
L0    78000  0.2660000000E+03  -.3114608460E+06  0.8362729327E+05
L1 0.3008367742E+03  0.3008367742E+03  -.3950881393E+12  0.1000000000E+01
L2 0.1000000000E+01  0.1197736324E+03  0.1197736324E+03  0.1197736324E+03
L3 0.1322717206E+07  0.1333112173E+03  -.3132943135E+03  -.2201029197E+03
L4 -.1333620053E+03  0.1097679477E+05  0.1107240701E+05  0.1102812388E+05
L5 0.3307732566E+05  0.9707711035E+04  0.1405487709E+05  0.1312343919E+05
L6 0.3688602732E+05  -.3950881393E+06  0.3646296444E+05  -.5329204705E+06
L7 0.0000000000E+00  0.4961841952E+04  0.1291269761E+05  0.2026548526E+05
L8 0.5710876808E+04  0.5751846514E+05  0.0000000000E+00  0.0000000000E+00
L9 0.0000000000E+00  0.0000000000E+00  0.0000000000E+00  0.1043075437E+01  0.0000000000E+00
L0    79000  0.2680000000E+03  -.3115899735E+06  0.8362320945E+05
L1 0.3008220833E+03  0.3008220833E+03  -.3952131830E+12  0.1000000000E+01
L2 0.1000000000E+01  0.1196995157E+03  0.1196995157E+03  0.1196995157E+03
L3 0.1320244443E+07  -.3960083098E+02  -.7153314289E+01  0.1246203081E+03
L4 0.2595538762E+02  0.1109083607E+05  0.1089253424E+05  0.1094143103E+05
L5 0.3292480135E+05  0.1146711961E+05  0.1096050440E+05  0.9757300039E+04
L6 0.3218492405E+05  -.3952131830E+06  0.3652598769E+05  -.5331122528E+06
L7 0.0000000000E+00  0.4842654469E+04  0.1295832890E+05  0.2030078772E+05
L8 0.5770259476E+04  0.5750105159E+05  0.0000000000E+00  0.0000000000E+00
L9 0.0000000000E+00  0.0000000000E+00  0.0000000000E+00  0.1045029074E+01  0.0000000000E+00
L0    80000  0.2700000000E+03  -.3117467023E+06  0.8323937196E+05
L1 0.2994412848E+03  0.2994412848E+03  -.3949860742E+12  0.1000000000E+01
L2 0.1000000000E+01  0.1197498335E+03  0.1197498335E+03  0.1197498335E+03
L3 0.1321895148E+07  0.7019656001E+02  0.2552801290E+03  0.1330077112E+03
L4 0.1528281334E+03  0.1088766356E+05  0.1097853144E+05  0.1083274562E+05
L5 0.3269894062E+05  0.1021982819E+05  0.8549849749E+04  0.9567338103E+04
L6 0.2833701604E+05  -.3949860742E+06  0.3646502183E+05  -.5326876935E+06
L7 0.0000000000E+00  0.4680739456E+04  0.1301854458E+05  0.2027691201E+05
L8 0.5789400428E+04  0.5747100093E+05  0.0000000000E+00  0.0000000000E+00
L9 0.0000000000E+00  0.0000000000E+00  0.0000000000E+00  0.1043724103E+01  0.0000000000E+00
L0    81000  0.2720000000E+03  -.3116545957E+06  0.8348676776E+05
L1 0.3003312545E+03  0.3003312545E+03  -.3951413634E+12  0.1000000000E+01
L2 0.1000000000E+01  0.1197219263E+03  0.1197219263E+03  0.1197219263E+03
L3 0.1320988842E+07  0.1635096445E+03  -.1460390338E+03  -.8729752842E+01
L4 0.2913619290E+01  0.1089969879E+05  0.1091797817E+05  0.1086716569E+05
L5 0.3268484266E+05  0.9345168806E+04  0.1230641038E+05  0.1095016179E+05
L6 0.3260174098E+05  -.3951413634E+06  0.3688033247E+05  -.5333639802E+06
L7 0.0000000000E+00  0.4741592881E+04  0.1309533690E+05  0.2031695480E+05
L8 0.5725376400E+04  0.5746302326E+05  0.0000000000E+00  0.0000000000E+00
L9 0.0000000000E+00  0.0000000000E+00  0.0000000000E+00  0.1044440183E+01  0.0000000000E+00
L0    82000  0.2740000000E+03  -.3117664448E+06  0.8348307387E+05
L1 0.3003179663E+03  0.3003179663E+03  -.3952495187E+12  0.1000000000E+01
L2 0.1000000000E+01  0.1197907298E+03  0.1197907298E+03  0.1197907298E+03
L3 0.1323263915E+07  -.1045525942E+03  -.2669554811E+03  0.4750718275E+03
L4 0.3452125073E+02  0.1087947052E+05  0.1093156785E+05  0.1093006188E+05
L5 0.3274110025E+05  0.1187519197E+05  0.1347395621E+05  0.6405647992E+04
L6 0.3175479618E+05  -.3952495187E+06  0.3695591420E+05  -.5333644893E+06
L7 0.0000000000E+00  0.4714712852E+04  0.1306191532E+05  0.2032186736E+05
L8 0.5686375610E+04  0.5737418526E+05  0.0000000000E+00  0.0000000000E+00
L9 0.0000000000E+00  0.0000000000E+00  0.0000000000E+00  0.1042644489E+01  0.0000000000E+00
L0    83000  0.2760000000E+03  -.3121565363E+06  0.8325394858E+05
L1 0.2994937221E+03  0.2994937221E+03  -.3954104849E+12  0.1000000000E+01
L2 0.1000000000E+01  0.1197811904E+03  0.1197811904E+03  0.1197811904E+03
L3 0.1322968892E+07  -.1838002441E+03  -.1011354806E+03  -.1474194357E+03
L4 -.1441183868E+03  0.1097777080E+05  0.1082407389E+05  0.1097369891E+05
L5 0.3277554360E+05  0.1272782821E+05  0.1178703723E+05  0.1237735578E+05
L6 0.3689222122E+05  -.3954104849E+06  0.3680159039E+05  -.5335903043E+06
L7 0.0000000000E+00  0.4747678696E+04  0.1295277723E+05  0.2032659910E+05
L8 0.5808358714E+04  0.5754281531E+05  0.0000000000E+00  0.0000000000E+00
L9 0.0000000000E+00  0.0000000000E+00  0.0000000000E+00  0.1042876999E+01  0.0000000000E+00
L0    84000  0.2780000000E+03  -.3128358983E+06  0.8284797876E+05
L1 0.2980333059E+03  0.2980333059E+03  -.3956838771E+12  0.1000000000E+01
L2 0.1000000000E+01  0.1196955825E+03  0.1196955825E+03  0.1196955825E+03
L3 0.1320112811E+07  -.1555371496E+03  0.2148307466E+03  0.5657523761E+02
L4 0.3862294484E+02  0.1090480657E+05  0.1065048753E+05  0.1086143522E+05
L5 0.3241672932E+05  0.1238255927E+05  0.8609388565E+04  0.1032391598E+05
L6 0.3131586381E+05  -.3956838771E+06  0.3687408255E+05  -.5335277182E+06
L7 0.0000000000E+00  0.4691639301E+04  0.1287169960E+05  0.2024284813E+05
L8 0.5720381906E+04  0.5744318961E+05  0.0000000000E+00  0.0000000000E+00
L9 0.0000000000E+00  0.0000000000E+00  0.0000000000E+00  0.1045133276E+01  0.0000000000E+00
L0    85000  0.2800000000E+03  -.3121628703E+06  0.8335936510E+05
L1 0.2998729424E+03  0.2998729424E+03  -.3955222354E+12  0.1000000000E+01
L2 0.1000000000E+01  0.1196977470E+03  0.1196977470E+03  0.1196977470E+03
L3 0.1320188347E+07  0.8090856825E+02  -.2084703678E+02  -.4399883580E+02
L4 0.5354231889E+01  0.1094041614E+05  0.1079577215E+05  0.1096669053E+05
L5 0.3270287882E+05  0.1017166284E+05  0.1099385041E+05  0.1138474576E+05
L6 0.3255025901E+05  -.3955222354E+06  0.3661644696E+05  -.5331849159E+06
L7 0.0000000000E+00  0.4703402398E+04  0.1289628609E+05  0.2024918979E+05
L8 0.5759132117E+04  0.5743822319E+05  0.0000000000E+00  0.0000000000E+00
L9 0.0000000000E+00  0.0000000000E+00  0.0000000000E+00  0.1045073478E+01  0.0000000000E+00
L0    86000  0.2820000000E+03  -.3116844825E+06  0.8352871837E+05
L1 0.3004821656E+03  0.3004821656E+03  -.3952132009E+12  0.1000000000E+01
L2 0.1000000000E+01  0.1197288424E+03  0.1197288424E+03  0.1197288424E+03
L3 0.1321225205E+07  -.4115410206E+02  -.3019937667E+03  0.1630946608E+03
L4 -.6001773597E+02  0.1088984373E+05  0.1090535531E+05  0.1094812910E+05
L5 0.3274332814E+05  0.1128117681E+05  0.1377700467E+05  0.9397267032E+04
L6 0.3445544851E+05  -.3952132009E+06  0.3647886345E+05  -.5329056446E+06
L7 0.0000000000E+00  0.4756382712E+04  0.1297123523E+05  0.2022356681E+05
L8 0.5810503190E+04  0.5745189233E+05  0.0000000000E+00  0.0000000000E+00
L9 0.0000000000E+00  0.0000000000E+00  0.0000000000E+00  0.1044253336E+01  0.0000000000E+00
L0    87000  0.2840000000E+03  -.3113766718E+06  0.8343239160E+05
L1 0.3001356443E+03  0.3001356443E+03  -.3948090634E+12  0.1000000000E+01
L2 0.1000000000E+01  0.1197494843E+03  0.1197494843E+03  0.1197494843E+03
L3 0.1321902312E+07  0.5266658601E+02  -.1013967479E+03  0.3075032149E+02
L4 -.5993280142E+01  0.1086151220E+05  0.1101945613E+05  0.1083390925E+05
L5 0.3271487758E+05  0.1036045061E+05  0.1198412878E+05  0.1054135555E+05
L6 0.3288593494E+05  -.3948090634E+06  0.3625810599E+05  -.5322739003E+06
L7 0.0000000000E+00  0.4769437313E+04  0.1295090098E+05  0.2022799943E+05
L8 0.5732463212E+04  0.5752593000E+05  0.0000000000E+00  0.0000000000E+00
L9 0.0000000000E+00  0.0000000000E+00  0.0000000000E+00  0.1043718447E+01  0.0000000000E+00
L0    88000  0.2860000000E+03  -.3115939040E+06  0.8375058477E+05
L1 0.3012802971E+03  0.3012802971E+03  -.3953444888E+12  0.1000000000E+01
L2 0.1000000000E+01  0.1197611127E+03  0.1197611127E+03  0.1197611127E+03
L3 0.1322313422E+07  -.3230160582E+03  -.1465517565E+03  -.2092227048E+03
L4 -.2262635065E+03  0.1078668705E+05  0.1106781293E+05  0.1094648507E+05
L5 0.3280098504E+05  0.1386076658E+05  0.1246251682E+05  0.1293761591E+05
L6 0.3926089931E+05  -.3953444888E+06  0.3659974730E+05  -.5332416473E+06
L7 0.0000000000E+00  0.4765092590E+04  0.1306812647E+05  0.2028403646E+05
L8 0.5769980281E+04  0.5741017546E+05  0.0000000000E+00  0.0000000000E+00
L9 0.0000000000E+00  0.0000000000E+00  0.0000000000E+00  0.1043393952E+01  0.0000000000E+00
L0    89000  0.2880000000E+03  -.3109949612E+06  0.8352877717E+05
L1 0.3004823771E+03  0.3004823771E+03  -.3945237384E+12  0.1000000000E+01
L2 0.1000000000E+01  0.1197703998E+03  0.1197703998E+03  0.1197703998E+03
L3 0.1322593128E+07  -.5167474586E+02  0.2242541482E+02  0.6097636451E+02
L4 0.1057567782E+02  0.1087358161E+05  0.1082475923E+05  0.1097911811E+05
L5 0.3267745894E+05  0.1136546390E+05  0.1061129587E+05  0.1039869543E+05
L6 0.3237545521E+05  -.3945237384E+06  0.3668761589E+05  -.5326533498E+06
L7 0.0000000000E+00  0.4848053706E+04  0.1297873374E+05  0.2034372548E+05
L8 0.5779774079E+04  0.5749170846E+05  0.0000000000E+00  0.0000000000E+00
L9 0.0000000000E+00  0.0000000000E+00  0.0000000000E+00  0.1043173292E+01  0.0000000000E+00
L0    90000  0.2900000000E+03  -.3116266777E+06  0.8342744070E+05
L1 0.3001178342E+03  0.3001178342E+03  -.3950541184E+12  0.1000000000E+01
L2 0.1000000000E+01  0.1197367876E+03  0.1197367876E+03  0.1197367876E+03
L3 0.1321494091E+07  -.1182600942E+03  -.2175952639E+03  0.7172401292E+01
L4 -.1095609856E+03  0.1079716609E+05  0.1093770557E+05  0.1091439777E+05
L5 0.3264926943E+05  0.1192192652E+05  0.1300723327E+05  0.1084618175E+05
L6 0.3577534153E+05  -.3950541184E+06  0.3689865891E+05  -.5332674931E+06
L7 0.0000000000E+00  0.4780211260E+04  0.1301001209E+05  0.2021019490E+05
L8 0.5767256884E+04  0.5754704066E+05  0.0000000000E+00  0.0000000000E+00
L9 0.0000000000E+00  0.0000000000E+00  0.0000000000E+00  0.1044040860E+01  0.0000000000E+00
L0    91000  0.2920000000E+03  -.3115780677E+06  0.8353043278E+05
L1 0.3004883329E+03  0.3004883329E+03  -.3951085005E+12  0.1000000000E+01
L2 0.1000000000E+01  0.1196917000E+03  0.1196917000E+03  0.1196917000E+03
L3 0.1319996444E+07  -.2734237520E+02  -.7049597544E+02  -.9427585719E+02
L4 -.6403806928E+02  0.1081174444E+05  0.1107475327E+05  0.1094814899E+05
L5 0.3283464669E+05  0.1107150043E+05  0.1174447388E+05  0.1184378146E+05
L6 0.3465975577E+05  -.3951085005E+06  0.3632946834E+05  -.5326832807E+06
L7 0.0000000000E+00  0.4815942445E+04  0.1290497737E+05  0.2032034077E+05
L8 0.5747581682E+04  0.5745646960E+05  0.0000000000E+00  0.0000000000E+00
L9 0.0000000000E+00  0.0000000000E+00  0.0000000000E+00  0.1045225413E+01  0.0000000000E+00
L0    92000  0.2940000000E+03  -.3122590915E+06  0.8308349231E+05
L1 0.2988805309E+03  0.2988805309E+03  -.3953425838E+12  0.1000000000E+01
L2 0.1000000000E+01  0.1197976250E+03  0.1197976250E+03  0.1197976250E+03
L3 0.1323502952E+07  -.4033779399E+02  -.1216371068E+03  -.1848322546E+01
L4 -.5460774112E+02  0.1069937239E+05  0.1087856658E+05  0.1078800543E+05
L5 0.3236594440E+05  0.1108360448E+05  0.1203720407E+05  0.1080561137E+05
L6 0.3392641992E+05  -.3953425838E+06  0.3712824421E+05  -.5337803584E+06
L7 0.0000000000E+00  0.4790232153E+04  0.1304276872E+05  0.2028210666E+05
L8 0.5753630589E+04  0.5744079228E+05  0.0000000000E+00  0.0000000000E+00
L9 0.0000000000E+00  0.0000000000E+00  0.0000000000E+00  0.1042456178E+01  0.0000000000E+00
L0    93000  0.2960000000E+03  -.3122744480E+06  0.8321105392E+05
L1 0.2993394149E+03  0.2993394149E+03  -.3954855019E+12  0.1000000000E+01
L2 0.1000000000E+01  0.1197479924E+03  0.1197479924E+03  0.1197479924E+03
L3 0.1321862877E+07  -.2016228241E+03  -.4447775009E+01  -.6563770710E+02
L4 -.9056943541E+02  0.1092358677E+05  0.1084594551E+05  0.1074953201E+05
L5 0.3251906429E+05  0.1284173727E+05  0.1088825968E+05  0.1137398017E+05
L6 0.3510397712E+05  -.3954855019E+06  0.3673421984E+05  -.5333808565E+06
L7 0.0000000000E+00  0.4699957664E+04  0.1301939247E+05  0.2019871086E+05
L8 0.5721165661E+04  0.5752190811E+05  0.0000000000E+00  0.0000000000E+00
L9 0.0000000000E+00  0.0000000000E+00  0.0000000000E+00  0.1043749584E+01  0.0000000000E+00
L0    94000  0.2980000000E+03  -.3121616595E+06  0.8316949819E+05
L1 0.2991899243E+03  0.2991899243E+03  -.3953311577E+12  0.1000000000E+01
L2 0.1000000000E+01  0.1197405840E+03  0.1197405840E+03  0.1197405840E+03
L3 0.1321605731E+07  0.4346654624E+02  0.5118478080E+02  -.6547751682E+02
L4 0.9724603406E+01  0.1082251778E+05  0.1096194520E+05  0.1099188751E+05
L5 0.3277635049E+05  0.1040907670E+05  0.1047509053E+05  0.1161469051E+05
L6 0.3249885774E+05  -.3953311577E+06  0.3674376827E+05  -.5332379805E+06
L7 0.0000000000E+00  0.4733798418E+04  0.1278429402E+05  0.2025590262E+05
L8 0.5777747311E+04  0.5761131215E+05  0.0000000000E+00  0.0000000000E+00
L9 0.0000000000E+00  0.0000000000E+00  0.0000000000E+00  0.1043952667E+01  0.0000000000E+00
L0    95000  0.3000000000E+03  -.3120964207E+06  0.8328466488E+05
L1 0.2996042194E+03  0.2996042194E+03  -.3953810856E+12  0.1000000000E+01
L2 0.1000000000E+01  0.1197534144E+03  0.1197534144E+03  0.1197534144E+03
L3 0.1322039787E+07  -.8755193007E+02  0.7101976929E+02  -.1876387555E+03
L4 -.6805697210E+02  0.1083274375E+05  0.1082234494E+05  0.1082315064E+05
L5 0.3247823933E+05  0.1166578562E+05  0.1014660380E+05  0.1260850179E+05
L6 0.3442089121E+05  -.3953810856E+06  0.3696465827E+05  -.5334874584E+06
L7 0.0000000000E+00  0.4724015157E+04  0.1289633044E+05  0.2027894313E+05
L8 0.5749413379E+04  0.5749301245E+05  0.0000000000E+00  0.0000000000E+00
L9 0.0000000000E+00  0.0000000000E+00  0.0000000000E+00  0.1043609914E+01  0.0000000000E+00
L0    96000  0.3020000000E+03  -.3123737744E+06  0.8314660709E+05
L1 0.2991075770E+03  0.2991075770E+03  -.3955203815E+12  0.1000000000E+01
L2 0.1000000000E+01  0.1197190785E+03  0.1197190785E+03  0.1197190785E+03
L3 0.1320901170E+07  -.1611602636E+03  0.1170938338E+03  -.1150728474E+03
L4 -.5304642575E+02  0.1088437902E+05  0.1087323739E+05  0.1083819393E+05
L5 0.3259581034E+05  0.1241647112E+05  0.9760068837E+04  0.1193214971E+05
L6 0.3410868966E+05  -.3955203815E+06  0.3702455812E+05  -.5337272393E+06
L7 0.0000000000E+00  0.4720911288E+04  0.1295474920E+05  0.2029958571E+05
L8 0.5733794957E+04  0.5747325858E+05  0.0000000000E+00  0.0000000000E+00
L9 0.0000000000E+00  0.0000000000E+00  0.0000000000E+00  0.1044509506E+01  0.0000000000E+00
L0    97000  0.3040000000E+03  -.3121428389E+06  0.8337261777E+05
L1 0.2999206169E+03  0.2999206169E+03  -.3955154567E+12  0.1000000000E+01
L2 0.1000000000E+01  0.1197110250E+03  0.1197110250E+03  0.1197110250E+03
L3 0.1320640113E+07  -.3235728481E+03  -.8137689177E+02  0.1058693174E+03
L4 -.9969347415E+02  0.1090354412E+05  0.1089634133E+05  0.1082469218E+05
L5 0.3262457763E+05  0.1397902574E+05  0.1166980900E+05  0.9818429933E+04
L6 0.3546726467E+05  -.3955154567E+06  0.3652656557E+05  -.5333206333E+06
L7 0.0000000000E+00  0.4714589917E+04  0.1299183427E+05  0.2033395700E+05
L8 0.5748367197E+04  0.5748986267E+05  0.0000000000E+00  0.0000000000E+00
L9 0.0000000000E+00  0.0000000000E+00  0.0000000000E+00  0.1044715978E+01  0.0000000000E+00
L0    98000  0.3060000000E+03  -.3119681085E+06  0.8381865711E+05
L1 0.3015251772E+03  0.3015251772E+03  -.3957867656E+12  0.1000000000E+01
L2 0.1000000000E+01  0.1197013007E+03  0.1197013007E+03  0.1197013007E+03
L3 0.1320328862E+07  0.5748248193E+02  -.3575864228E+03  -.2678777411E+03
L4 -.1893272273E+03  0.1085184819E+05  0.1098182639E+05  0.1100688533E+05
L5 0.3284055992E+05  0.1030561988E+05  0.1437979778E+05  0.1355239837E+05
L6 0.3823781603E+05  -.3957867656E+06  0.3668531147E+05  -.5334680254E+06
L7 0.0000000000E+00  0.4711837714E+04  0.1290946655E+05  0.2028159077E+05
L8 0.5730799054E+04  0.5736225418E+05  0.0000000000E+00  0.0000000000E+00
L9 0.0000000000E+00  0.0000000000E+00  0.0000000000E+00  0.1044962257E+01  0.0000000000E+00
L0    99000  0.3080000000E+03  -.3122036060E+06  0.8338160499E+05
L1 0.2999529471E+03  0.2999529471E+03  -.3955852110E+12  0.1000000000E+01
L2 0.1000000000E+01  0.1197382910E+03  0.1197382910E+03  0.1197382910E+03
L3 0.1321521510E+07  0.6252690233E+02  0.1486127801E+03  0.2924194681E+02
L4 0.8012720974E+02  0.1096951524E+05  0.1088814163E+05  0.1079238963E+05
L5 0.3265004650E+05  0.1037481552E+05  0.9474670391E+04  0.1051426651E+05
L6 0.3036375243E+05  -.3955852110E+06  0.3650689360E+05  -.5334368747E+06
L7 0.0000000000E+00  0.4810787280E+04  0.1302982607E+05  0.2028880772E+05
L8 0.5722892297E+04  0.5749245673E+05  0.0000000000E+00  0.0000000000E+00
L9 0.0000000000E+00  0.0000000000E+00  0.0000000000E+00  0.1044019198E+01  0.0000000000E+00
L0   100000  0.3100000000E+03  -.3118152049E+06  0.8347039210E+05
L1 0.3002723455E+03  0.3002723455E+03  -.3952855970E+12  0.1000000000E+01
L2 0.1000000000E+01  0.1197255843E+03  0.1197255843E+03  0.1197255843E+03
L3 0.1321109894E+07  0.3388908663E+03  -.1396760460E+03  -.1895779165E+03
L4 0.3212301251E+01  0.1093021070E+05  0.1095817517E+05  0.1083220027E+05
L5 0.3272058615E+05  0.7707989216E+04  0.1228623444E+05  0.1263473347E+05
L6 0.3262895712E+05  -.3952855970E+06  0.3673208667E+05  -.5335184461E+06
L7 0.0000000000E+00  0.4882951876E+04  0.1299351860E+05  0.2035897903E+05
L8 0.5736358457E+04  0.5752895443E+05  0.0000000000E+00  0.0000000000E+00
L9 0.0000000000E+00  0.0000000000E+00  0.0000000000E+00  0.1044344482E+01  0.0000000000E+00
