L0  Nsteps           time(ps)         Etot             EKinetic        
L1  Temp             T_solute         T_solv           Pres_scal_solu  
L2  Pres_scal_solv   BoxX             BoxY             BoxZ            
L3  volume           pres_X           pres_Y           pres_Z          
L4  Pressure         EKCoM_x          EKCoM_y          EKCoM_z         
L5  EKComTot         VIRIAL_x         VIRIAL_y         VIRIAL_z        
L6  VIRIAL_tot       E_pot            E_vdw            E_el            
L7  E_hbon           E_bon            E_angle          E_dih           
L8  E_14vdw          E_14el           E_const          E_pol           
L9  AV_permMoment    AV_indMoment     AV_totMoment     Density          dV/dlambda      
L0     1000  0.1120000000E+03  -.3147524956E+06  0.8422855618E+05
L1 0.2998774120E+03  0.2998774120E+03  -.3989810518E+12  0.1000000000E+01
L2 0.1000000000E+01  0.1202688037E+03  0.1202688037E+03  0.1202688037E+03
L3 0.1339168127E+07  -.2914079151E+02  -.2252051288E+02  0.2099131712E+03
L4 0.5275062228E+02  0.1100461495E+05  0.1105114954E+05  0.1099471848E+05
L5 0.3305048297E+05  0.1128547698E+05  0.1126820462E+05  0.8971553147E+04
L6 0.3152523475E+05  -.3989810518E+06  0.3727656798E+05  -.5377265748E+06
L7 0.0000000000E+00  0.4831581295E+04  0.1301656771E+05  0.2046158068E+05
L8 0.5739833593E+04  0.5741939179E+05  0.0000000000E+00  0.0000000000E+00
L9 0.0000000000E+00  0.0000000000E+00  0.0000000000E+00  0.1041029885E+01  0.0000000000E+00
L0     2000  0.1140000000E+03  -.3146445443E+06  0.8435890205E+05
L1 0.3003414801E+03  0.3003414801E+03  -.3990034463E+12  0.1000000000E+01
L2 0.1000000000E+01  0.1202953277E+03  0.1202953277E+03  0.1202953277E+03
L3 0.1340068500E+07  -.4613592747E+02  -.3765122286E+03  0.2255338429E+03
L4 -.6570477107E+02  0.1119893464E+05  0.1099740934E+05  0.1113126392E+05
L5 0.3332760789E+05  0.1164389655E+05  0.1462871381E+05  0.8956083429E+04
L6 0.3522869379E+05  -.3990034463E+06  0.3756486712E+05  -.5380588781E+06
L7 0.0000000000E+00  0.4858120959E+04  0.1307796901E+05  0.2037534604E+05
L8 0.5790591364E+04  0.5738853729E+05  0.0000000000E+00  0.0000000000E+00
L9 0.0000000000E+00  0.0000000000E+00  0.0000000000E+00  0.1040330431E+01  0.0000000000E+00
L0     3000  0.1160000000E+03  -.3144359177E+06  0.8465229558E+05
L1 0.3013860438E+03  0.3013860438E+03  -.3990882132E+12  0.1000000000E+01
L2 0.1000000000E+01  0.1202498582E+03  0.1202498582E+03  0.1202498582E+03
L3 0.1338535808E+07  0.3578073080E+03  0.3399864060E+02  -.2447219363E+03
L4 0.4902800411E+02  0.1109175875E+05  0.1116425408E+05  0.1099328926E+05
L5 0.3324930209E+05  0.7644802432E+04  0.1083672631E+05  0.1335083145E+05
L6 0.3183236019E+05  -.3990882132E+06  0.3770009786E+05  -.5382820058E+06
L7 0.0000000000E+00  0.4807966126E+04  0.1302634171E+05  0.2040311089E+05
L8 0.5793902735E+04  0.5746237327E+05  0.0000000000E+00  0.0000000000E+00
L9 0.0000000000E+00  0.0000000000E+00  0.0000000000E+00  0.1041521663E+01  0.0000000000E+00
L0     4000  0.1180000000E+03  -.3154249276E+06  0.8368373089E+05
L1 0.2979376804E+03  0.2979376804E+03  -.3991086585E+12  0.1000000000E+01
L2 0.1000000000E+01  0.1202128943E+03  0.1202128943E+03  0.1202128943E+03
L3 0.1337307312E+07  -.2094991755E+03  0.1936443521E+03  0.2480742327E+02
L4 0.2984199966E+01  0.1095088613E+05  0.1093643834E+05  0.1108222845E+05
L5 0.3296955292E+05  0.1296725562E+05  0.9072666982E+04  0.1084346411E+05
L6 0.3288338671E+05  -.3991086585E+06  0.3739947839E+05  -.5378803449E+06
L7 0.0000000000E+00  0.4782883851E+04  0.1310984597E+05  0.2045492748E+05
L8 0.5735077689E+04  0.5728947303E+05  0.0000000000E+00  0.0000000000E+00
L9 0.0000000000E+00  0.0000000000E+00  0.0000000000E+00  0.1042478440E+01  0.0000000000E+00
L0     5000  0.1200000000E+03  -.3151072469E+06  0.8428678800E+05
L1 0.3000847337E+03  0.3000847337E+03  -.3993940349E+12  0.1000000000E+01
L2 0.1000000000E+01  0.1201818741E+03  0.1201818741E+03  0.1201818741E+03
L3 0.1336259852E+07  0.3419455575E+03  -.1400385783E+03  0.1210696066E+03
L4 0.1076588619E+03  0.1102088111E+05  0.1104548058E+05  0.1106394223E+05
L5 0.3313030392E+05  0.7732330987E+04  0.1239225603E+05  0.9899594689E+04
L6 0.3002418171E+05  -.3993940349E+06  0.3743342454E+05  -.5381360712E+06
L7 0.0000000000E+00  0.4725701810E+04  0.1304975807E+05  0.2038860353E+05
L8 0.5758629431E+04  0.5738591895E+05  0.0000000000E+00  0.0000000000E+00
L9 0.0000000000E+00  0.0000000000E+00  0.0000000000E+00  0.1043295612E+01  0.0000000000E+00
L0     6000  0.1220000000E+03  -.3152186884E+06  0.8421768915E+05
L1 0.2998387223E+03  0.2998387223E+03  -.3994363776E+12  0.1000000000E+01
L2 0.1000000000E+01  0.1202029837E+03  0.1202029837E+03  0.1202029837E+03
L3 0.1336981893E+07  0.6186125694E+02  -.7488316362E+02  -.1114570254E+03
L4 -.4149297735E+02  0.1112278289E+05  0.1098759692E+05  0.1111558567E+05
L5 0.3322596549E+05  0.1052753092E+05  0.1170815051E+05  0.1218806654E+05
L6 0.3442374797E+05  -.3994363776E+06  0.3752213585E+05  -.5385565835E+06
L7 0.0000000000E+00  0.4677133207E+04  0.1303066230E+05  0.2040296769E+05
L8 0.5816500379E+04  0.5767080654E+05  0.0000000000E+00  0.0000000000E+00
L9 0.0000000000E+00  0.0000000000E+00  0.0000000000E+00  0.1042732178E+01  0.0000000000E+00
L0     7000  0.1240000000E+03  -.3146066754E+06  0.8438383566E+05
L1 0.3004302508E+03  0.3004302508E+03  -.3989905111E+12  0.1000000000E+01
L2 0.1000000000E+01  0.1202557700E+03  0.1202557700E+03  0.1202557700E+03
L3 0.1338713208E+07  0.4122852988E+03  0.2471182293E+03  -.9172630453E+01
L4 0.2167436325E+03  0.1104220162E+05  0.1098668864E+05  0.1090478295E+05
L5 0.3293367320E+05  0.7069902192E+04  0.8605746111E+04  0.1099315970E+05
L6 0.2666880800E+05  -.3989905111E+06  0.3797048221E+05  -.5386124392E+06
L7 0.0000000000E+00  0.4813183387E+04  0.1297802210E+05  0.2043874530E+05
L8 0.5827218344E+04  0.5759427674E+05  0.0000000000E+00  0.0000000000E+00
L9 0.0000000000E+00  0.0000000000E+00  0.0000000000E+00  0.1041383646E+01  0.0000000000E+00
L0     8000  0.1260000000E+03  -.3150485559E+06  0.8425695444E+05
L1 0.2999785178E+03  0.2999785178E+03  -.3993055103E+12  0.1000000000E+01
L2 0.1000000000E+01  0.1202422464E+03  0.1202422464E+03  0.1202422464E+03
L3 0.1338296645E+07  -.1384910854E+02  -.3163211489E+02  -.1845745964E+03
L4 -.7668527326E+02  0.1094307296E+05  0.1100015202E+05  0.1108695337E+05
L5 0.3303017835E+05  0.1107646527E+05  0.1130482729E+05  0.1286474516E+05
L6 0.3524603771E+05  -.3993055103E+06  0.3741416210E+05  -.5380893721E+06
L7 0.0000000000E+00  0.4722222885E+04  0.1296653369E+05  0.2037256110E+05
L8 0.5778724472E+04  0.5752965760E+05  0.0000000000E+00  0.0000000000E+00
L9 0.0000000000E+00  0.0000000000E+00  0.0000000000E+00  0.1041707791E+01  0.0000000000E+00
L0     9000  0.1280000000E+03  -.3152135736E+06  0.8423282000E+05
L1 0.2998925924E+03  0.2998925924E+03  -.3994463936E+12  0.1000000000E+01
L2 0.1000000000E+01  0.1201605212E+03  0.1201605212E+03  0.1201605212E+03
L3 0.1335565052E+07  0.3252911580E+02  -.7288989934E+02  -.7285363494E+02
L4 -.3773813949E+02  0.1096934344E+05  0.1111068048E+05  0.1100429338E+05
L5 0.3308431730E+05  0.1065666792E+05  0.1181131088E+05  0.1170457520E+05
L6 0.3417255400E+05  -.3994463936E+06  0.3767187850E+05  -.5386182608E+06
L7 0.0000000000E+00  0.4762979756E+04  0.1308017359E+05  0.2040237317E+05
L8 0.5814161083E+04  0.5744030104E+05  0.0000000000E+00  0.0000000000E+00
L9 0.0000000000E+00  0.0000000000E+00  0.0000000000E+00  0.1043838365E+01  0.0000000000E+00
L0    10000  0.1300000000E+03  -.3155304521E+06  0.8400386238E+05
L1 0.2990774387E+03  0.2990774387E+03  -.3995343145E+12  0.1000000000E+01
L2 0.1000000000E+01  0.1201519532E+03  0.1201519532E+03  0.1201519532E+03
L3 0.1335280330E+07  -.2671965175E+03  0.2371224967E+03  -.1071407040E+03
L4 -.4573824157E+02  0.1101586296E+05  0.1096714349E+05  0.1094731180E+05
L5 0.3293031825E+05  0.1358365486E+05  0.8688366688E+04  0.1197694734E+05
L6 0.3424896889E+05  -.3995343145E+06  0.3709207758E+05  -.5382530362E+06
L7 0.0000000000E+00  0.4749074174E+04  0.1307505880E+05  0.2036642959E+05
L8 0.5819932570E+04  0.5761614898E+05  0.0000000000E+00  0.0000000000E+00
L9 0.0000000000E+00  0.0000000000E+00  0.0000000000E+00  0.1044060944E+01  0.0000000000E+00
L0    11000  0.1320000000E+03  -.3151608726E+06  0.8441222794E+05
L1 0.3005313353E+03  0.3005313353E+03  -.3995731005E+12  0.1000000000E+01
L2 0.1000000000E+01  0.1201587466E+03  0.1201587466E+03  0.1201587466E+03
L3 0.1335501312E+07  -.6502746548E+02  -.7145781677E+01  0.7405369769E+02
L4 0.6268168412E+00  0.1103754896E+05  0.1105113378E+05  0.1116254583E+05
L5 0.3325122856E+05  0.1166257444E+05  0.1111981700E+05  0.1045076277E+05
L6 0.3323315421E+05  -.3995731005E+06  0.3758326078E+05  -.5387835146E+06
L7 0.0000000000E+00  0.4759718973E+04  0.1305534194E+05  0.2039930267E+05
L8 0.5783756992E+04  0.5762903271E+05  0.0000000000E+00  0.0000000000E+00
L9 0.0000000000E+00  0.0000000000E+00  0.0000000000E+00  0.1043888186E+01  0.0000000000E+00
L0    12000  0.1340000000E+03  -.3155198691E+06  0.8423855917E+05
L1 0.2999130255E+03  0.2999130255E+03  -.3997584282E+12  0.1000000000E+01
L2 0.1000000000E+01  0.1202326715E+03  0.1202326715E+03  0.1202326715E+03
L3 0.1337974896E+07  -.5164620230E+02  -.1030344978E+03  -.2336553934E+02
L4 -.5934874650E+02  0.1113240100E+05  0.1111429785E+05  0.1112637771E+05
L5 0.3337307656E+05  0.1162972903E+05  0.1210647039E+05  0.1135137659E+05
L6 0.3508757601E+05  -.3997584282E+06  0.3807557739E+05  -.5394015085E+06
L7 0.0000000000E+00  0.4759543936E+04  0.1301103180E+05  0.2039389482E+05
L8 0.5816018193E+04  0.5758701414E+05  0.0000000000E+00  0.0000000000E+00
L9 0.0000000000E+00  0.0000000000E+00  0.0000000000E+00  0.1041958295E+01  0.0000000000E+00
L0    13000  0.1360000000E+03  -.3151817118E+06  0.8390243946E+05
L1 0.2987163446E+03  0.2987163446E+03  -.3990841513E+12  0.1000000000E+01
L2 0.1000000000E+01  0.1202500118E+03  0.1202500118E+03  0.1202500118E+03
L3 0.1338559666E+07  -.1322989736E+03  0.5383037891E+02  -.2449848981E+03
L4 -.1078178309E+03  0.1099409114E+05  0.1106060536E+05  0.1092647571E+05
L5 0.3298117221E+05  0.1226862327E+05  0.1054201821E+05  0.1328659323E+05
L6 0.3609723471E+05  -.3990841513E+06  0.3736866672E+05  -.5380974913E+06
L7 0.0000000000E+00  0.4808468227E+04  0.1317520966E+05  0.2040332280E+05
L8 0.5795267435E+04  0.5746240517E+05  0.0000000000E+00  0.0000000000E+00
L9 0.0000000000E+00  0.0000000000E+00  0.0000000000E+00  0.1041503100E+01  0.0000000000E+00
L0    14000  0.1380000000E+03  -.3148084440E+06  0.8432228058E+05
L1 0.3002110973E+03  0.3002110973E+03  -.3991307245E+12  0.1000000000E+01
L2 0.1000000000E+01  0.1202669024E+03  0.1202669024E+03  0.1202669024E+03
L3 0.1339093620E+07  0.1149759767E+03  0.2267649570E+03  0.9263746879E+02
L4 0.1447928008E+03  0.1104817776E+05  0.1121882747E+05  0.1099926028E+05
L5 0.3326626551E+05  0.9940088802E+04  0.9033364445E+04  0.1010646024E+05
L6 0.2907991349E+05  -.3991307245E+06  0.3760895288E+05  -.5383815099E+06
L7 0.0000000000E+00  0.4848145290E+04  0.1302316379E+05  0.2039637986E+05
L8 0.5840574209E+04  0.5753356932E+05  0.0000000000E+00  0.0000000000E+00
L9 0.0000000000E+00  0.0000000000E+00  0.0000000000E+00  0.1041087808E+01  0.0000000000E+00
L0    15000  0.1400000000E+03  -.3150984120E+06  0.8434075113E+05
L1 0.3002768577E+03  0.3002768577E+03  -.3994391632E+12  0.1000000000E+01
L2 0.1000000000E+01  0.1202085965E+03  0.1202085965E+03  0.1202085965E+03
L3 0.1337164490E+07  0.7992212578E+02  0.7197118505E+02  -.1581224036E+03
L4 -.2076364247E+01  0.1102367782E+05  0.1101311968E+05  0.1105421354E+05
L5 0.3309101104E+05  0.1025453243E+05  0.1032049164E+05  0.1257593380E+05
L6 0.3315095787E+05  -.3994391632E+06  0.3713480518E+05  -.5379077484E+06
L7 0.0000000000E+00  0.4818381899E+04  0.1290464238E+05  0.2036430245E+05
L8 0.5775607513E+04  0.5747084579E+05  0.0000000000E+00  0.0000000000E+00
L9 0.0000000000E+00  0.0000000000E+00  0.0000000000E+00  0.1042589787E+01  0.0000000000E+00
L0    16000  0.1420000000E+03  -.3146839504E+06  0.8461596400E+05
L1 0.3012566931E+03  0.3012566931E+03  -.3992999144E+12  0.1000000000E+01
L2 0.1000000000E+01  0.1202057877E+03  0.1202057877E+03  0.1202057877E+03
L3 0.1337079010E+07  -.1105983204E+03  0.1646013253E+03  -.2677648730E+03
L4 -.7125395605E+02  0.1104482116E+05  0.1123746682E+05  0.1089683028E+05
L5 0.3317911825E+05  0.1210911655E+05  0.9653496726E+04  0.1347355043E+05
L6 0.3523616370E+05  -.3992999144E+06  0.3696882046E+05  -.5377710053E+06
L7 0.0000000000E+00  0.4840872368E+04  0.1305198570E+05  0.2036803014E+05
L8 0.5747693331E+04  0.5749368893E+05  0.0000000000E+00  0.0000000000E+00
L9 0.0000000000E+00  0.0000000000E+00  0.0000000000E+00  0.1042656441E+01  0.0000000000E+00
L0    17000  0.1440000000E+03  -.3153902093E+06  0.8434973060E+05
L1 0.3003088271E+03  0.3003088271E+03  -.3997399399E+12  0.1000000000E+01
L2 0.1000000000E+01  0.1201814703E+03  0.1201814703E+03  0.1201814703E+03
L3 0.1336269122E+07  -.7835989539E+01  -.9675904770E+02  -.1447404159E+03
L4 -.8311181771E+02  0.1104372807E+05  0.1095555535E+05  0.1107790422E+05
L5 0.3307718763E+05  0.1111908867E+05  0.1188611046E+05  0.1246990772E+05
L6 0.3547510685E+05  -.3997399399E+06  0.3726547404E+05  -.5385827424E+06
L7 0.0000000000E+00  0.4817918635E+04  0.1315295097E+05  0.2036388143E+05
L8 0.5789026240E+04  0.5745355109E+05  0.0000000000E+00  0.0000000000E+00
L9 0.0000000000E+00  0.0000000000E+00  0.0000000000E+00  0.1043288375E+01  0.0000000000E+00
L0    18000  0.1460000000E+03  -.3149486917E+06  0.8408839635E+05
L1 0.2993784035E+03  0.2993784035E+03  -.3990370881E+12  0.1000000000E+01
L2 0.1000000000E+01  0.1201662825E+03  0.1201662825E+03  0.1201662825E+03
L3 0.1335760611E+07  -.3129906873E+03  0.4153115928E+02  0.7160449605E+02
L4 -.6661834399E+02  0.1101023580E+05  0.1100235414E+05  0.1105859207E+05
L5 0.3307118201E+05  0.1401919728E+05  0.1060309095E+05  0.1037021642E+05
L6 0.3499250465E+05  -.3990370881E+06  0.3688997048E+05  -.5373778572E+06
L7 0.0000000000E+00  0.4841829259E+04  0.1304236915E+05  0.2038977783E+05
L8 0.5724498190E+04  0.5745232420E+05  0.0000000000E+00  0.0000000000E+00
L9 0.0000000000E+00  0.0000000000E+00  0.0000000000E+00  0.1043685545E+01  0.0000000000E+00
L0    19000  0.1480000000E+03  -.3153496847E+06  0.8424290965E+05
L1 0.2999285144E+03  0.2999285144E+03  -.3995925944E+12  0.1000000000E+01
L2 0.1000000000E+01  0.1201999126E+03  0.1201999126E+03  0.1201999126E+03
L3 0.1336870193E+07  -.1015187390E+03  -.7311400953E+02  0.2822132817E+03
L4 0.3586017774E+02  0.1109276289E+05  0.1105109443E+05  0.1097681241E+05
L5 0.3312066974E+05  0.1206953227E+05  0.1175456580E+05  0.8261478338E+04
L6 0.3208557640E+05  -.3995925944E+06  0.3761409207E+05  -.5386081451E+06
L7 0.0000000000E+00  0.4712857284E+04  0.1288797197E+05  0.2041378744E+05
L8 0.5802304404E+04  0.5758453756E+05  0.0000000000E+00  0.0000000000E+00
L9 0.0000000000E+00  0.0000000000E+00  0.0000000000E+00  0.1042819302E+01  0.0000000000E+00
L0    20000  0.1500000000E+03  -.3150421205E+06  0.8453998465E+05
L1 0.3009861852E+03  0.3009861852E+03  -.3995821051E+12  0.1000000000E+01
L2 0.1000000000E+01  0.1201753523E+03  0.1201753523E+03  0.1201753523E+03
L3 0.1336071323E+07  -.2188953960E+03  -.1835976616E+03  -.4571525273E+01
L4 -.1356881943E+03  0.1112544890E+05  0.1111624825E+05  0.1106125344E+05
L5 0.3330295059E+05  0.1323030713E+05  0.1288168990E+05  0.1110521239E+05
L6 0.3721720942E+05  -.3995821051E+06  0.3695438635E+05  -.5382253511E+06
L7 0.0000000000E+00  0.4796371181E+04  0.1301059977E+05  0.2043871734E+05
L8 0.5777083761E+04  0.5766608758E+05  0.0000000000E+00  0.0000000000E+00
L9 0.0000000000E+00  0.0000000000E+00  0.0000000000E+00  0.1043442829E+01  0.0000000000E+00
L0    21000  0.1520000000E+03  -.3156597693E+06  0.8394435861E+05
L1 0.2988655885E+03  0.2988655885E+03  -.3996041279E+12  0.1000000000E+01
L2 0.1000000000E+01  0.1201338361E+03  0.1201338361E+03  0.1201338361E+03
L3 0.1334681528E+07  0.1089791460E+03  -.5316187219E+02  -.3222533268E+03
L4 -.8881201766E+02  0.1105232017E+05  0.1100281463E+05  0.1095856331E+05
L5 0.3301369811E+05  0.1000548662E+05  0.1151347775E+05  0.1405406923E+05
L6 0.3557303361E+05  -.3996041279E+06  0.3742132745E+05  -.5383143179E+06
L7 0.0000000000E+00  0.4780786405E+04  0.1280806491E+05  0.2037960856E+05
L8 0.5776775259E+04  0.5754362743E+05  0.0000000000E+00  0.0000000000E+00
L9 0.0000000000E+00  0.0000000000E+00  0.0000000000E+00  0.1044529359E+01  0.0000000000E+00
L0    22000  0.1540000000E+03  -.3158004624E+06  0.8394040622E+05
L1 0.2988515169E+03  0.2988515169E+03  -.3997408686E+12  0.1000000000E+01
L2 0.1000000000E+01  0.1201447821E+03  0.1201447821E+03  0.1201447821E+03
L3 0.1335039748E+07  -.1241899836E+01  -.2087897731E+03  0.1109813292E+03
L4 -.3301678126E+02  0.1093410927E+05  0.1113247605E+05  0.1093179062E+05
L5 0.3299837594E+05  0.1094604193E+05  0.1313861032E+05  0.9865438347E+04
L6 0.3395009060E+05  -.3997408686E+06  0.3704226389E+05  -.5382557962E+06
L7 0.0000000000E+00  0.4736733370E+04  0.1298105986E+05  0.2038322634E+05
L8 0.5795546304E+04  0.5757609777E+05  0.0000000000E+00  0.0000000000E+00
L9 0.0000000000E+00  0.0000000000E+00  0.0000000000E+00  0.1044249089E+01  0.0000000000E+00
L0    23000  0.1560000000E+03  -.3153043911E+06  0.8465257385E+05
L1 0.3013870345E+03  0.3013870345E+03  -.3999569650E+12  0.1000000000E+01
L2 0.1000000000E+01  0.1200932427E+03  0.1200932427E+03  0.1200932427E+03
L3 0.1333334907E+07  -.1847420543E+02  -.2114616071E+03  -.1851889082E+03
L4 -.1383749069E+03  0.1124841611E+05  0.1103129180E+05  0.1106567919E+05
L5 0.3334538710E+05  0.1142569687E+05  0.1306050350E+05  0.1284277483E+05
L6 0.3732897519E+05  -.3999569650E+06  0.3716583900E+05  -.5385611655E+06
L7 0.0000000000E+00  0.4701672065E+04  0.1314680313E+05  0.2032309567E+05
L8 0.5741915175E+04  0.5752487546E+05  0.0000000000E+00  0.0000000000E+00
L9 0.0000000000E+00  0.0000000000E+00  0.0000000000E+00  0.1045584297E+01  0.0000000000E+00
L0    24000  0.1580000000E+03  -.3155542232E+06  0.8433964413E+05
L1 0.3002729164E+03  0.3002729164E+03  -.3998938674E+12  0.1000000000E+01
L2 0.1000000000E+01  0.1200991539E+03  0.1200991539E+03  0.1200991539E+03
L3 0.1333524760E+07  -.1405120116E+03  0.3507326011E+02  -.1319838931E+03
L4 -.7914088152E+02  0.1102242092E+05  0.1096750226E+05  0.1106161955E+05
L5 0.3305154273E+05  0.1237098353E+05  0.1063088701E+05  0.1232833363E+05
L6 0.3533020416E+05  -.3998938674E+06  0.3715350793E+05  -.5386890203E+06
L7 0.0000000000E+00  0.4845855007E+04  0.1312755595E+05  0.2032554449E+05
L8 0.5772480058E+04  0.5757020948E+05  0.0000000000E+00  0.0000000000E+00
L9 0.0000000000E+00  0.0000000000E+00  0.0000000000E+00  0.1045435437E+01  0.0000000000E+00
L0    25000  0.1600000000E+03  -.3146134426E+06  0.8438742311E+05
L1 0.3004430231E+03  0.3004430231E+03  -.3990008657E+12  0.1000000000E+01
L2 0.1000000000E+01  0.1201289590E+03  0.1201289590E+03  0.1201289590E+03
L3 0.1334508120E+07  0.1635645378E+02  -.1710938116E+03  0.1620357741E+03
L4 0.2432805419E+01  0.1107876682E+05  0.1112289876E+05  0.1100968142E+05
L5 0.3321134700E+05  0.1092167016E+05  0.1276618078E+05  0.9453397938E+04
L6 0.3314124887E+05  -.3990008657E+06  0.3782314682E+05  -.5384674491E+06
L7 0.0000000000E+00  0.4756365514E+04  0.1306748094E+05  0.2042915468E+05
L8 0.5787296010E+04  0.5760313942E+05  0.0000000000E+00  0.0000000000E+00
L9 0.0000000000E+00  0.0000000000E+00  0.0000000000E+00  0.1044665087E+01  0.0000000000E+00
L0    26000  0.1620000000E+03  -.3151400437E+06  0.8446111008E+05
L1 0.3007053695E+03  0.3007053695E+03  -.3996011538E+12  0.1000000000E+01
L2 0.1000000000E+01  0.1201236638E+03  0.1201236638E+03  0.1201236638E+03
L3 0.1334330891E+07  0.1157731308E+03  -.2891330961E+03  0.1999435992E+03
L4 0.8861211296E+01  0.1104979943E+05  0.1098416604E+05  0.1099741879E+05
L5 0.3303138426E+05  0.9937996282E+04  0.1376079550E+05  0.9077302089E+04
L6 0.3277609387E+05  -.3996011538E+06  0.3697754241E+05  -.5381299747E+06
L7 0.0000000000E+00  0.4745003542E+04  0.1303948083E+05  0.2043156199E+05
L8 0.5774711127E+04  0.5756052103E+05  0.0000000000E+00  0.0000000000E+00
L9 0.0000000000E+00  0.0000000000E+00  0.0000000000E+00  0.1044803842E+01  0.0000000000E+00
L0    27000  0.1640000000E+03  -.3149535509E+06  0.8443623805E+05
L1 0.3006168180E+03  0.3006168180E+03  -.3993897890E+12  0.1000000000E+01
L2 0.1000000000E+01  0.1201334826E+03  0.1201334826E+03  0.1201334826E+03
L3 0.1334657649E+07  0.6305672433E+02  -.2134010787E+03  0.1887346877E+03
L4 0.1279677780E+02  0.1098247510E+05  0.1112003694E+05  0.1093254878E+05
L5 0.3303506081E+05  0.1037677469E+05  0.1316989160E+05  0.9119630672E+04
L6 0.3266629696E+05  -.3993897890E+06  0.3741072741E+05  -.5383611172E+06
L7 0.0000000000E+00  0.4809998570E+04  0.1316521748E+05  0.2039670291E+05
L8 0.5798673599E+04  0.5739000831E+05  0.0000000000E+00  0.0000000000E+00
L9 0.0000000000E+00  0.0000000000E+00  0.0000000000E+00  0.1044548047E+01  0.0000000000E+00
L0    28000  0.1660000000E+03  -.3144065785E+06  0.8427988189E+05
L1 0.3000601460E+03  0.3000601460E+03  -.3986864604E+12  0.1000000000E+01
L2 0.1000000000E+01  0.1202087057E+03  0.1202087057E+03  0.1202087057E+03
L3 0.1337176698E+07  -.4313588994E+02  0.2069152055E+02  -.1992555237E+03
L4 -.7389996435E+02  0.1110609995E+05  0.1107813050E+05  0.1095551832E+05
L5 0.3313974877E+05  0.1152122997E+05  0.1087899999E+05  0.1287310829E+05
L6 0.3527333826E+05  -.3986864604E+06  0.3701612335E+05  -.5375599322E+06
L7 0.0000000000E+00  0.4927766737E+04  0.1322062883E+05  0.2046418090E+05
L8 0.5781328845E+04  0.5746344317E+05  0.0000000000E+00  0.0000000000E+00
L9 0.0000000000E+00  0.0000000000E+00  0.0000000000E+00  0.1042580268E+01  0.0000000000E+00
L0    29000  0.1680000000E+03  -.3152029118E+06  0.8414574229E+05
L1 0.2995825712E+03  0.2995825712E+03  -.3993486541E+12  0.1000000000E+01
L2 0.1000000000E+01  0.1202231031E+03  0.1202231031E+03  0.1202231031E+03
L3 0.1337661981E+07  -.2034135729E+03  -.8832617579E+02  -.4971618883E+02
L4 -.1138186458E+03  0.1094056005E+05  0.1096335446E+05  0.1106721889E+05
L5 0.3297113341E+05  0.1289887659E+05  0.1181369403E+05  0.1154584986E+05
L6 0.3625842049E+05  -.3993486541E+06  0.3739497894E+05  -.5381304472E+06
L7 0.0000000000E+00  0.4745875467E+04  0.1299017294E+05  0.2032547383E+05
L8 0.5769472862E+04  0.5755581905E+05  0.0000000000E+00  0.0000000000E+00
L9 0.0000000000E+00  0.0000000000E+00  0.0000000000E+00  0.1042202036E+01  0.0000000000E+00
L0    30000  0.1700000000E+03  -.3152392107E+06  0.8380812010E+05
L1 0.2983805410E+03  0.2983805410E+03  -.3990473308E+12  0.1000000000E+01
L2 0.1000000000E+01  0.1201955814E+03  0.1201955814E+03  0.1201955814E+03
L3 0.1336728845E+07  -.5373579754E+02  -.1143547117E+03  0.1961092352E+03
L4 0.9339575300E+01  0.1091518244E+05  0.1102199209E+05  0.1097331845E+05
L5 0.3291049298E+05  0.1143215036E+05  0.1212214731E+05  0.9086639754E+04
L6 0.3264093743E+05  -.3990473308E+06  0.3756523302E+05  -.5381600020E+06
L7 0.0000000000E+00  0.4746302110E+04  0.1305845522E+05  0.2046523449E+05
L8 0.5777798326E+04  0.5749964805E+05  0.0000000000E+00  0.0000000000E+00
L9 0.0000000000E+00  0.0000000000E+00  0.0000000000E+00  0.1042929571E+01  0.0000000000E+00
L0    31000  0.1720000000E+03  -.3155167129E+06  0.8412846909E+05
L1 0.2995210737E+03  0.2995210737E+03  -.3996451820E+12  0.1000000000E+01
L2 0.1000000000E+01  0.1201585540E+03  0.1201585540E+03  0.1201585540E+03
L3 0.1335519550E+07  -.1652253123E+03  -.6328008763E+02  -.3906308321E+03
L4 -.2063787440E+03  0.1105761912E+05  0.1100923976E+05  0.1103042482E+05
L5 0.3309728371E+05  0.1264573947E+05  0.1161747826E+05  0.1478510845E+05
L6 0.3904832618E+05  -.3996451820E+06  0.3727608007E+05  -.5384003523E+06
L7 0.0000000000E+00  0.4702666589E+04  0.1309785006E+05  0.2043982586E+05
L8 0.5765622690E+04  0.5747312499E+05  0.0000000000E+00  0.0000000000E+00
L9 0.0000000000E+00  0.0000000000E+00  0.0000000000E+00  0.1043873930E+01  0.0000000000E+00
L0    32000  0.1740000000E+03  -.3150507963E+06  0.8471495019E+05
L1 0.3016091119E+03  0.3016091119E+03  -.3997657464E+12  0.1000000000E+01
L2 0.1000000000E+01  0.1201905881E+03  0.1201905881E+03  0.1201905881E+03
L3 0.1336558022E+07  0.1395782679E+03  0.1556042128E+03  -.1605688762E+03
L4 0.4487120150E+02  0.1111148090E+05  0.1108194446E+05  0.1122471109E+05
L5 0.3341813645E+05  0.9768832804E+04  0.9585137659E+04  0.1276927458E+05
L6 0.3212324504E+05  -.3997657464E+06  0.3751351491E+05  -.5388413196E+06
L7 0.0000000000E+00  0.4772579418E+04  0.1285254598E+05  0.2040384669E+05
L8 0.5813273944E+04  0.5771981224E+05  0.0000000000E+00  0.0000000000E+00
L9 0.0000000000E+00  0.0000000000E+00  0.0000000000E+00  0.1043062866E+01  0.0000000000E+00
L0    33000  0.1760000000E+03  -.3148241092E+06  0.8463675003E+05
L1 0.3013306972E+03  0.3013306972E+03  -.3994608593E+12  0.1000000000E+01
L2 0.1000000000E+01  0.1202153881E+03  0.1202153881E+03  0.1202153881E+03
L3 0.1337386598E+07  0.3273807016E+03  -.2456306749E+03  0.2633304422E+02
L4 0.3602769031E+02  0.1105266021E+05  0.1114079584E+05  0.1101186004E+05
L5 0.3320531610E+05  0.7901528025E+04  0.1350506081E+05  0.1075839702E+05
L6 0.3216498586E+05  -.3994608593E+06  0.3747371684E+05  -.5384421825E+06
L7 0.0000000000E+00  0.4727898159E+04  0.1308438261E+05  0.2041995760E+05
L8 0.5773362828E+04  0.5750200519E+05  0.0000000000E+00  0.0000000000E+00
L9 0.0000000000E+00  0.0000000000E+00  0.0000000000E+00  0.1042416638E+01  0.0000000000E+00
L0    34000  0.1780000000E+03  -.3154070082E+06  0.8410850186E+05
L1 0.2994499848E+03  0.2994499848E+03  -.3995155101E+12  0.1000000000E+01
L2 0.1000000000E+01  0.1201990027E+03  0.1201990027E+03  0.1201990027E+03
L3 0.1336849776E+07  0.4283788052E+02  -.1485611091E+03  -.3683893713E+02
L4 -.4752072191E+02  0.1101551028E+05  0.1107044329E+05  0.1104687979E+05
L5 0.3313283335E+05  0.1060334902E+05  0.1249981216E+05  0.1140132269E+05
L6 0.3450448387E+05  -.3995155101E+06  0.3719594275E+05  -.5382315916E+06
L7 0.0000000000E+00  0.4779306016E+04  0.1301532813E+05  0.2040886892E+05
L8 0.5801816751E+04  0.5751481895E+05  0.0000000000E+00  0.0000000000E+00
L9 0.0000000000E+00  0.0000000000E+00  0.0000000000E+00  0.1042835228E+01  0.0000000000E+00
L0    35000  0.1800000000E+03  -.3150399857E+06  0.8445887496E+05
L1 0.3006974118E+03  0.3006974118E+03  -.3994988607E+12  0.1000000000E+01
L2 0.1000000000E+01  0.1202006230E+03  0.1202006230E+03  0.1202006230E+03
L3 0.1336899146E+07  -.5253995420E+02  -.8472760525E+02  0.1128546431E+03
L4 -.8137638792E+01  0.1100552128E+05  0.1102188006E+05  0.1107773962E+05
L5 0.3310514096E+05  0.1151104893E+05  0.1183711007E+05  0.9991877566E+04
L6 0.3334003657E+05  -.3994988607E+06  0.3739329819E+05  -.5383085806E+06
L7 0.0000000000E+00  0.4727312741E+04  0.1293539118E+05  0.2040313769E+05
L8 0.5791503332E+04  0.5755907681E+05  0.0000000000E+00  0.0000000000E+00
L9 0.0000000000E+00  0.0000000000E+00  0.0000000000E+00  0.1042796717E+01  0.0000000000E+00
L0    36000  0.1820000000E+03  -.3154577956E+06  0.8404562487E+05
L1 0.2992261250E+03  0.2992261250E+03  -.3995034205E+12  0.1000000000E+01
L2 0.1000000000E+01  0.1201802489E+03  0.1201802489E+03  0.1201802489E+03
L3 0.1336225225E+07  -.3312875672E+01  -.2059742334E+03  0.3936928988E+02
L4 -.5663927306E+02  0.1111610963E+05  0.1084687870E+05  0.1094776165E+05
L5 0.3291074997E+05  0.1114796931E+05  0.1282771753E+05  0.1056915013E+05
L6 0.3454483696E+05  -.3995034205E+06  0.3729142039E+05  -.5384334757E+06
L7 0.0000000000E+00  0.4806286376E+04  0.1306938004E+05  0.2037651179E+05
L8 0.5780799045E+04  0.5760565752E+05  0.0000000000E+00  0.0000000000E+00
L9 0.0000000000E+00  0.0000000000E+00  0.0000000000E+00  0.1043322649E+01  0.0000000000E+00
L0    37000  0.1840000000E+03  -.3148308583E+06  0.8445590963E+05
L1 0.3006868544E+03  0.3006868544E+03  -.3992867680E+12  0.1000000000E+01
L2 0.1000000000E+01  0.1201578651E+03  0.1201578651E+03  0.1201578651E+03
L3 0.1335456996E+07  0.2188384017E+03  -.9669137152E+02  0.2554972855E+03
L4 0.1258814385E+03  0.1109960642E+05  0.1104770698E+05  0.1092407511E+05
L5 0.3307138851E+05  0.8996263800E+04  0.1197704608E+05  0.8468389428E+04
L6 0.2944169930E+05  -.3992867680E+06  0.3733404571E+05  -.5381362574E+06
L7 0.0000000000E+00  0.4881302145E+04  0.1293008894E+05  0.2034330618E+05
L8 0.5829583879E+04  0.5753116259E+05  0.0000000000E+00  0.0000000000E+00
L9 0.0000000000E+00  0.0000000000E+00  0.0000000000E+00  0.1043922826E+01  0.0000000000E+00
L0    38000  0.1860000000E+03  -.3153221433E+06  0.8408861125E+05
L1 0.2993791686E+03  0.2993791686E+03  -.3994107546E+12  0.1000000000E+01
L2 0.1000000000E+01  0.1201445059E+03  0.1201445059E+03  0.1201445059E+03
L3 0.1335021967E+07  -.4226580133E+02  0.2589998987E+02  0.1332934277E+03
L4 0.3897587208E+02  0.1109791539E+05  0.1117747429E+05  0.1106051298E+05
L5 0.3333590265E+05  0.1150401643E+05  0.1092862031E+05  0.9779794346E+04
L6 0.3221243108E+05  -.3994107546E+06  0.3748877120E+05  -.5383190770E+06
L7 0.0000000000E+00  0.4674036821E+04  0.1307170430E+05  0.2033952605E+05
L8 0.5775083052E+04  0.5755920096E+05  0.0000000000E+00  0.0000000000E+00
L9 0.0000000000E+00  0.0000000000E+00  0.0000000000E+00  0.1044262998E+01  0.0000000000E+00
L0    39000  0.1880000000E+03  -.3147488266E+06  0.8444209672E+05
L1 0.3006376765E+03  0.3006376765E+03  -.3991909233E+12  0.1000000000E+01
L2 0.1000000000E+01  0.1201896577E+03  0.1201896577E+03  0.1201896577E+03
L3 0.1336513075E+07  -.2189638069E+02  0.1545322893E+03  0.3519224465E+03
L4 0.1615194517E+03  0.1104572387E+05  0.1122405602E+05  0.1118797061E+05
L5 0.3345775051E+05  0.1125634510E+05  0.9737610388E+04  0.7802829633E+04
L6 0.2879678512E+05  -.3991909233E+06  0.3730008478E+05  -.5381160135E+06
L7 0.0000000000E+00  0.4855327125E+04  0.1315396735E+05  0.2041970916E+05
L8 0.5709889355E+04  0.5748611240E+05  0.0000000000E+00  0.0000000000E+00
L9 0.0000000000E+00  0.0000000000E+00  0.0000000000E+00  0.1043097944E+01  0.0000000000E+00
L0    40000  0.1900000000E+03  -.3150130765E+06  0.8468737443E+05
L1 0.3015109344E+03  0.3015109344E+03  -.3997004509E+12  0.1000000000E+01
L2 0.1000000000E+01  0.1201844492E+03  0.1201844492E+03  0.1201844492E+03
L3 0.1336351771E+07  0.1648174581E+02  -.1684737317E+02  0.1717542311E+03
L4 0.5712953459E+02  0.1100851654E+05  0.1109252187E+05  0.1120106875E+05
L5 0.3330210715E+05  0.1084999781E+05  0.1125455714E+05  0.9549164698E+04
L6 0.3165371965E+05  -.3997004509E+06  0.3715889666E+05  -.5382687872E+06
L7 0.0000000000E+00  0.4725912017E+04  0.1303091281E+05  0.2030315965E+05
L8 0.5827394070E+04  0.5752206104E+05  0.0000000000E+00  0.0000000000E+00
L9 0.0000000000E+00  0.0000000000E+00  0.0000000000E+00  0.1043223851E+01  0.0000000000E+00
L0    41000  0.1920000000E+03  -.3151978792E+06  0.8421961989E+05
L1 0.2998455963E+03  0.2998455963E+03  -.3994174991E+12  0.1000000000E+01
L2 0.1000000000E+01  0.1201688179E+03  0.1201688179E+03  0.1201688179E+03
L3 0.1335829103E+07  0.1674829067E+02  0.9566202518E+02  0.9208149027E+02
L4 0.6816393537E+02  0.1114187433E+05  0.1107575886E+05  0.1097010491E+05
L5 0.3318773810E+05  0.1098085502E+05  0.1015605702E+05  0.1008482660E+05
L6 0.3122173865E+05  -.3994174991E+06  0.3730056923E+05  -.5380618915E+06
L7 0.0000000000E+00  0.4760893032E+04  0.1295497663E+05  0.2040795328E+05
L8 0.5771797474E+04  0.5744820270E+05  0.0000000000E+00  0.0000000000E+00
L9 0.0000000000E+00  0.0000000000E+00  0.0000000000E+00  0.1043632032E+01  0.0000000000E+00
L0    42000  0.1940000000E+03  -.3154605653E+06  0.8420981299E+05
L1 0.2998106810E+03  0.2998106810E+03  -.3996703783E+12  0.1000000000E+01
L2 0.1000000000E+01  0.1201580256E+03  0.1201580256E+03  0.1201580256E+03
L3 0.1335464682E+07  -.1486084168E+03  0.2537813197E+03  0.2137571032E+03
L4 0.1063100021E+03  0.1107030343E+05  0.1100605584E+05  0.1103213127E+05
L5 0.3310849054E+05  0.1249864605E+05  0.8566848947E+04  0.8977615201E+04
L6 0.3004311019E+05  -.3996703783E+06  0.3745974458E+05  -.5383997515E+06
L7 0.0000000000E+00  0.4758153982E+04  0.1292540409E+05  0.2039193341E+05
L8 0.5732429393E+04  0.5746170775E+05  0.0000000000E+00  0.0000000000E+00
L9 0.0000000000E+00  0.0000000000E+00  0.0000000000E+00  0.1043916818E+01  0.0000000000E+00
L0    43000  0.1960000000E+03  -.3152418243E+06  0.8433213503E+05
L1 0.3002461820E+03  0.3002461820E+03  -.3995739594E+12  0.1000000000E+01
L2 0.1000000000E+01  0.1201915500E+03  0.1201915500E+03  0.1201915500E+03
L3 0.1336568988E+07  0.6756537476E+02  0.1820506550E+03  0.4165022965E+03
L4 0.2220394421E+03  0.1111802647E+05  0.1109761475E+05  0.1103779775E+05
L5 0.3325343897E+05  0.1046808814E+05  0.9346396781E+04  0.7031295784E+04
L6 0.2684578070E+05  -.3995739594E+06  0.3736062571E+05  -.5384385544E+06
L7 0.0000000000E+00  0.4777738785E+04  0.1303733189E+05  0.2038973425E+05
L8 0.5796215427E+04  0.5750294900E+05  0.0000000000E+00  0.0000000000E+00
L9 0.0000000000E+00  0.0000000000E+00  0.0000000000E+00  0.1043054308E+01  0.0000000000E+00
L0    44000  0.1980000000E+03  -.3143168795E+06  0.8474968375E+05
L1 0.3017327731E+03  0.3017327731E+03  -.3990665632E+12  0.1000000000E+01
L2 0.1000000000E+01  0.1202090011E+03  0.1202090011E+03  0.1202090011E+03
L3 0.1337169916E+07  0.2715263143E+03  -.1146240611E+02  -.6321582460E+02
L4 0.6561602786E+02  0.1108630942E+05  0.1120536560E+05  0.1111271474E+05
L5 0.3340438975E+05  0.8473215000E+04  0.1131567664E+05  0.1172108641E+05
L6 0.3150997805E+05  -.3990665632E+06  0.3748690610E+05  -.5380012626E+06
L7 0.0000000000E+00  0.4861142315E+04  0.1299477008E+05  0.2042406321E+05
L8 0.5700995632E+04  0.5746682202E+05  0.0000000000E+00  0.0000000000E+00
L9 0.0000000000E+00  0.0000000000E+00  0.0000000000E+00  0.1042585556E+01  0.0000000000E+00
L0    45000  0.2000000000E+03  -.3155602750E+06  0.8403527674E+05
L1 0.2991892827E+03  0.2991892827E+03  -.3995955518E+12  0.1000000000E+01
L2 0.1000000000E+01  0.1201540598E+03  0.1201540598E+03  0.1201540598E+03
L3 0.1335350878E+07  -.2721630076E+03  0.2280341150E+03  -.1009564787E+03
L4 -.4836179045E+02  0.1099162906E+05  0.1106837366E+05  0.1098206247E+05
L5 0.3304206519E+05  0.1360728774E+05  0.8876821559E+04  0.1195231810E+05
L6 0.3443642739E+05  -.3995955518E+06  0.3750937857E+05  -.5387700186E+06
L7 0.0000000000E+00  0.4771197953E+04  0.1307388813E+05  0.2044640256E+05
L8 0.5789767651E+04  0.5758383191E+05  0.0000000000E+00  0.0000000000E+00
L9 0.0000000000E+00  0.0000000000E+00  0.0000000000E+00  0.1044005785E+01  0.0000000000E+00
L0    46000  0.2020000000E+03  -.3158074531E+06  0.8425234762E+05
L1 0.2999621163E+03  0.2999621163E+03  -.4000598007E+12  0.1000000000E+01
L2 0.1000000000E+01  0.1201662682E+03  0.1201662682E+03  0.1201662682E+03
L3 0.1335749988E+07  0.1027825318E+02  0.2507525859E+03  -.2054406254E+03
L4 0.1853007123E+02  0.1094964877E+05  0.1108946020E+05  0.1104025626E+05
L5 0.3307936524E+05  0.1085083873E+05  0.8678848951E+04  0.1301526075E+05
L6 0.3254494844E+05  -.4000598007E+06  0.3711661455E+05  -.5384914075E+06
L7 0.0000000000E+00  0.4638816798E+04  0.1293552133E+05  0.2036591627E+05
L8 0.5782448133E+04  0.5759228971E+05  0.0000000000E+00  0.0000000000E+00
L9 0.0000000000E+00  0.0000000000E+00  0.0000000000E+00  0.1043693845E+01  0.0000000000E+00
L0    47000  0.2040000000E+03  -.3154759379E+06  0.8386006961E+05
L1 0.2985654959E+03  0.2985654959E+03  -.3993360075E+12  0.1000000000E+01
L2 0.1000000000E+01  0.1201738410E+03  0.1201738410E+03  0.1201738410E+03
L3 0.1336003172E+07  -.2162298190E+03  0.1530485647E+03  0.1028252394E+03
L4 0.1321466168E+02  0.1106851009E+05  0.1107070533E+05  0.1104307647E+05
L5 0.3318229189E+05  0.1314763056E+05  0.9599093298E+04  0.1005437815E+05
L6 0.3280110200E+05  -.3993360075E+06  0.3691806433E+05  -.5375660436E+06
L7 0.0000000000E+00  0.4739843079E+04  0.1277399619E+05  0.2036576399E+05
L8 0.5786421192E+04  0.5764594731E+05  0.0000000000E+00  0.0000000000E+00
L9 0.0000000000E+00  0.0000000000E+00  0.0000000000E+00  0.1043496056E+01  0.0000000000E+00
L0    48000  0.2060000000E+03  -.3154229471E+06  0.8402740004E+05
L1 0.2991612395E+03  0.2991612395E+03  -.3994503471E+12  0.1000000000E+01
L2 0.1000000000E+01  0.1201752923E+03  0.1201752923E+03  0.1201752923E+03
L3 0.1336055313E+07  -.1797027905E+03  -.3785770726E+03  0.5038633838E+03
L4 -.1813882643E+02  0.1109041896E+05  0.1100695690E+05  0.1109769799E+05
L5 0.3319507385E+05  0.1281838753E+05  0.1464724140E+05  0.6252697587E+04
L6 0.3371832652E+05  -.3994503471E+06  0.3752794704E+05  -.5384647220E+06
L7 0.0000000000E+00  0.4858277545E+04  0.1292352456E+05  0.2038034144E+05
L8 0.5776075325E+04  0.5754820897E+05  0.0000000000E+00  0.0000000000E+00
L9 0.0000000000E+00  0.0000000000E+00  0.0000000000E+00  0.1043455333E+01  0.0000000000E+00
L0    49000  0.2080000000E+03  -.3153032863E+06  0.8412484665E+05
L1 0.2995081769E+03  0.2995081769E+03  -.3994281329E+12  0.1000000000E+01
L2 0.1000000000E+01  0.1201545215E+03  0.1201545215E+03  0.1201545215E+03
L3 0.1335368134E+07  0.1141457863E+03  -.8261701158E+02  -.2235213029E+03
L4 -.6399750940E+02  0.1091048617E+05  0.1108974686E+05  0.1102837742E+05
L5 0.3302861046E+05  0.9813458778E+04  0.1188375887E+05  0.1317658631E+05
L6 0.3487380395E+05  -.3994281329E+06  0.3723432526E+05  -.5381280550E+06
L7 0.0000000000E+00  0.4785872574E+04  0.1303679091E+05  0.2029051286E+05
L8 0.5819036060E+04  0.5753338438E+05  0.0000000000E+00  0.0000000000E+00
L9 0.0000000000E+00  0.0000000000E+00  0.0000000000E+00  0.1043992294E+01  0.0000000000E+00
L0    50000  0.2100000000E+03  -.3152620281E+06  0.8416923530E+05
L1 0.2996662130E+03  0.2996662130E+03  -.3994312634E+12  0.1000000000E+01
L2 0.1000000000E+01  0.1201893458E+03  0.1201893458E+03  0.1201893458E+03
L3 0.1336519431E+07  0.2589592753E+03  -.3083159098E+03  0.1121721267E+03
L4 0.2093849743E+02  0.1105182288E+05  0.1094940263E+05  0.1103768906E+05
L5 0.3303891457E+05  0.8560882529E+04  0.1391510656E+05  0.9958700568E+04
L6 0.3243468966E+05  -.3994312634E+06  0.3730864912E+05  -.5382216439E+06
L7 0.0000000000E+00  0.4736737036E+04  0.1313450738E+05  0.2036658802E+05
L8 0.5826879877E+04  0.5741701905E+05  0.0000000000E+00  0.0000000000E+00
L9 0.0000000000E+00  0.0000000000E+00  0.0000000000E+00  0.1043092984E+01  0.0000000000E+00
L0    51000  0.2120000000E+03  -.3151799245E+06  0.8435028921E+05
L1 0.3003108159E+03  0.3003108159E+03  -.3995302137E+12  0.1000000000E+01
L2 0.1000000000E+01  0.1201625178E+03  0.1201625178E+03  0.1201625178E+03
L3 0.1335634166E+07  -.1582509172E+03  -.2070329890E+03  0.1881958934E+03
L4 -.5902933763E+02  0.1102599147E+05  0.1107499868E+05  0.1112828682E+05
L5 0.3322927697E+05  0.1254720555E+05  0.1306513878E+05  0.9319221526E+04
L6 0.3493156586E+05  -.3995302137E+06  0.3734294666E+05  -.5384781805E+06
L7 0.0000000000E+00  0.4883889655E+04  0.1316575036E+05  0.2034907937E+05
L8 0.5791351317E+04  0.5741494942E+05  0.0000000000E+00  0.0000000000E+00
L9 0.0000000000E+00  0.0000000000E+00  0.0000000000E+00  0.1043784351E+01  0.0000000000E+00
L0    52000  0.2140000000E+03  -.3158851395E+06  0.8407525034E+05
L1 0.2993316000E+03  0.2993316000E+03  -.3999603898E+12  0.1000000000E+01
L2 0.1000000000E+01  0.1201371306E+03  0.1201371306E+03  0.1201371306E+03
L3 0.1334780724E+07  0.3750682691E+02  -.1934394672E+03  0.1569313381E+03
L4 0.3328992837E+00  0.1107234062E+05  0.1098003573E+05  0.1111529263E+05
L5 0.3316766899E+05  0.1071203019E+05  0.1283831762E+05  0.9607727153E+04
L6 0.3315807497E+05  -.3999603898E+06  0.3740929885E+05  -.5388125066E+06
L7 0.0000000000E+00  0.4771341848E+04  0.1303721089E+05  0.2033314725E+05
L8 0.5735692815E+04  0.5756542513E+05  0.0000000000E+00  0.0000000000E+00
L9 0.0000000000E+00  0.0000000000E+00  0.0000000000E+00  0.1044451734E+01  0.0000000000E+00
L0    53000  0.2160000000E+03  -.3153626571E+06  0.8431239483E+05
L1 0.3001759013E+03  0.3001759013E+03  -.3996750520E+12  0.1000000000E+01
L2 0.1000000000E+01  0.1201219386E+03  0.1201219386E+03  0.1201219386E+03
L3 0.1334273714E+07  0.2203999133E+03  -.2603473141E+01  -.1990925342E+03
L4 0.6234635309E+01  0.1111146684E+05  0.1119704994E+05  0.1106937962E+05
L5 0.3337789639E+05  0.8994992877E+04  0.1122205078E+05  0.1298124137E+05
L6 0.3319828503E+05  -.3996750520E+06  0.3760752566E+05  -.5387856716E+06
L7 0.0000000000E+00  0.4771625644E+04  0.1304214942E+05  0.2043368849E+05
L8 0.5749950888E+04  0.5750567957E+05  0.0000000000E+00  0.0000000000E+00
L9 0.0000000000E+00  0.0000000000E+00  0.0000000000E+00  0.1044848614E+01  0.0000000000E+00
L0    54000  0.2180000000E+03  -.3150072579E+06  0.8431744733E+05
L1 0.3001938896E+03  0.3001938896E+03  -.3993247052E+12  0.1000000000E+01
L2 0.1000000000E+01  0.1201147545E+03  0.1201147545E+03  0.1201147545E+03
L3 0.1334037302E+07  -.2991660179E+03  0.1647664111E+03  0.7826032967E+02
L4 -.1871309241E+02  0.1108702411E+05  0.1113019579E+05  0.1096049373E+05
L5 0.3317771363E+05  0.1395937051E+05  0.9548244036E+04  0.1020910231E+05
L6 0.3371671686E+05  -.3993247052E+06  0.3699820888E+05  -.5377844636E+06
L7 0.0000000000E+00  0.4786502362E+04  0.1298487627E+05  0.2042610807E+05
L8 0.5691902704E+04  0.5757216009E+05  0.0000000000E+00  0.0000000000E+00
L9 0.0000000000E+00  0.0000000000E+00  0.0000000000E+00  0.1045033778E+01  0.0000000000E+00
L0    55000  0.2200000000E+03  -.3153228894E+06  0.8397753940E+05
L1 0.2989837215E+03  0.2989837215E+03  -.3993004288E+12  0.1000000000E+01
L2 0.1000000000E+01  0.1201623567E+03  0.1201623567E+03  0.1201623567E+03
L3 0.1335633176E+07  0.1118732249E+03  -.4462530399E+03  0.4696153371E+02
L4 -.9580609375E+02  0.1096711912E+05  0.1102061015E+05  0.1099340196E+05
L5 0.3298113122E+05  0.9891719356E+04  0.1531029083E+05  0.1054197650E+05
L6 0.3574398669E+05  -.3993004288E+06  0.3664767900E+05  -.5374553821E+06
L7 0.0000000000E+00  0.4856119578E+04  0.1298686919E+05  0.2040507300E+05
L8 0.5769439805E+04  0.5748977275E+05  0.0000000000E+00  0.0000000000E+00
L9 0.0000000000E+00  0.0000000000E+00  0.0000000000E+00  0.1043785125E+01  0.0000000000E+00
L0    56000  0.2220000000E+03  -.3149429591E+06  0.8462254845E+05
L1 0.3012801356E+03  0.3012801356E+03  -.3995655075E+12  0.1000000000E+01
L2 0.1000000000E+01  0.1201778704E+03  0.1201778704E+03  0.1201778704E+03
L3 0.1336134569E+07  -.2063914790E+02  -.3191465435E+02  0.1676380173E+03
L4 0.3836140503E+02  0.1112911900E+05  0.1108575991E+05  0.1102407804E+05
L5 0.3323895694E+05  0.1132759067E+05  0.1139265993E+05  0.9412025114E+04
L6 0.3213227572E+05  -.3995655075E+06  0.3766504756E+05  -.5386755042E+06
L7 0.0000000000E+00  0.4829084515E+04  0.1304406509E+05  0.2040472956E+05
L8 0.5719018397E+04  0.5744805158E+05  0.0000000000E+00  0.0000000000E+00
L9 0.0000000000E+00  0.0000000000E+00  0.0000000000E+00  0.1043393438E+01  0.0000000000E+00
L0    57000  0.2240000000E+03  -.3156503635E+06  0.8415836030E+05
L1 0.2996274949E+03  0.2996274949E+03  -.3998087238E+12  0.1000000000E+01
L2 0.1000000000E+01  0.1201729927E+03  0.1201729927E+03  0.1201729927E+03
L3 0.1335959211E+07  0.3210602244E+03  0.6233990219E+02  0.5069983065E+02
L4 0.1446999858E+03  0.1115757763E+05  0.1094863828E+05  0.1083491589E+05
L5 0.3294113180E+05  0.8070580091E+04  0.1034923944E+05  0.1034743647E+05
L6 0.2876725600E+05  -.3998087238E+06  0.3769151696E+05  -.5388783670E+06
L7 0.0000000000E+00  0.4755548653E+04  0.1290363326E+05  0.2042664278E+05
L8 0.5793819303E+04  0.5749848224E+05  0.0000000000E+00  0.0000000000E+00
L9 0.0000000000E+00  0.0000000000E+00  0.0000000000E+00  0.1043530393E+01  0.0000000000E+00
L0    58000  0.2260000000E+03  -.3152252105E+06  0.8445133977E+05
L1 0.3006705844E+03  0.3006705844E+03  -.3996765503E+12  0.1000000000E+01
L2 0.1000000000E+01  0.1201204159E+03  0.1201204159E+03  0.1201204159E+03
L3 0.1334225717E+07  0.1716271572E+02  0.1049569213E+02  -.7809841759E+02
L4 -.1681333658E+02  0.1088357142E+05  0.1118113921E+05  0.1108226859E+05
L5 0.3314697922E+05  0.1071876585E+05  0.1108035396E+05  0.1183221136E+05
L6 0.3363133117E+05  -.3996765503E+06  0.3739062207E+05  -.5386966934E+06
L7 0.0000000000E+00  0.4749486086E+04  0.1304634853E+05  0.2045966207E+05
L8 0.5788273299E+04  0.5758575106E+05  0.0000000000E+00  0.0000000000E+00
L9 0.0000000000E+00  0.0000000000E+00  0.0000000000E+00  0.1044886201E+01  0.0000000000E+00
L0    59000  0.2280000000E+03  -.3155738050E+06  0.8405434694E+05
L1 0.2992571780E+03  0.2992571780E+03  -.3996281519E+12  0.1000000000E+01
L2 0.1000000000E+01  0.1201055562E+03  0.1201055562E+03  0.1201055562E+03
L3 0.1333715066E+07  0.1343774105E+03  0.1614397795E+03  0.4597984009E+02
L4 0.1139323434E+03  0.1105230409E+05  0.1110810683E+05  0.1100983533E+05
L5 0.3317024625E+05  0.9762434201E+04  0.9558469063E+04  0.1056848130E+05
L6 0.2988938456E+05  -.3996281519E+06  0.3748131372E+05  -.5386776890E+06
L7 0.0000000000E+00  0.4769424352E+04  0.1315396858E+05  0.2031177466E+05
L8 0.5791638173E+04  0.5754141759E+05  0.0000000000E+00  0.0000000000E+00
L9 0.0000000000E+00  0.0000000000E+00  0.0000000000E+00  0.1045286266E+01  0.0000000000E+00
L0    60000  0.2300000000E+03  -.3157241946E+06  0.8413918892E+05
L1 0.2995592394E+03  0.2995592394E+03  -.3998633835E+12  0.1000000000E+01
L2 0.1000000000E+01  0.1201343306E+03  0.1201343306E+03  0.1201343306E+03
L3 0.1334684255E+07  0.1056120545E+03  0.3972782773E+03  -.4227013879E+03
L4 0.2672964794E+02  0.1093178906E+05  0.1104474721E+05  0.1109079401E+05
L5 0.3306733027E+05  0.9917297102E+04  0.7228557673E+04  0.1515119374E+05
L6 0.3229704852E+05  -.3998633835E+06  0.3715049164E+05  -.5385970873E+06
L7 0.0000000000E+00  0.4876321162E+04  0.1302284068E+05  0.2043935965E+05
L8 0.5789324552E+04  0.5745536613E+05  0.0000000000E+00  0.0000000000E+00
L9 0.0000000000E+00  0.0000000000E+00  0.0000000000E+00  0.1044527225E+01  0.0000000000E+00
L0    61000  0.2320000000E+03  -.3145057453E+06  0.8490718128E+05
L1 0.3022935088E+03  0.3022935088E+03  -.3994129265E+12  0.1000000000E+01
L2 0.1000000000E+01  0.1202076248E+03  0.1202076248E+03  0.1202076248E+03
L3 0.1337138924E+07  -.7244729727E+02  0.2167973402E+01  -.1085434676E+03
L4 -.5960759715E+02  0.1115639546E+05  0.1105231659E+05  0.1114126102E+05
L5 0.3334997307E+05  0.1185359213E+05  0.1103145309E+05  0.1218582923E+05
L6 0.3507087445E+05  -.3994129265E+06  0.3741638116E+05  -.5382451700E+06
L7 0.0000000000E+00  0.4767978393E+04  0.1306406647E+05  0.2032072856E+05
L8 0.5748871260E+04  0.5751421758E+05  0.0000000000E+00  0.0000000000E+00
L9 0.0000000000E+00  0.0000000000E+00  0.0000000000E+00  0.1042609721E+01  0.0000000000E+00
L0    62000  0.2340000000E+03  -.3158707254E+06  0.8410464600E+05
L1 0.2994362568E+03  0.2994362568E+03  -.3999753714E+12  0.1000000000E+01
L2 0.1000000000E+01  0.1201985366E+03  0.1201985366E+03  0.1201985366E+03
L3 0.1336848832E+07  -.1211118699E+03  -.2894612885E+03  -.9942539399E+02
L4 -.1699995175E+03  0.1104046591E+05  0.1102578108E+05  0.1102623323E+05
L5 0.3309248022E+05  0.1220573329E+05  0.1381080784E+05  0.1198284606E+05
L6 0.3799938719E+05  -.3999753714E+06  0.3703347301E+05  -.5382831956E+06
L7 0.0000000000E+00  0.4659501729E+04  0.1299955380E+05  0.2031277041E+05
L8 0.5741416687E+04  0.5756110857E+05  0.0000000000E+00  0.0000000000E+00
L9 0.0000000000E+00  0.0000000000E+00  0.0000000000E+00  0.1042835965E+01  0.0000000000E+00
L0    63000  0.2360000000E+03  -.3153068558E+06  0.8435738848E+05
L1 0.3003360913E+03  0.3003360913E+03  -.3996642442E+12  0.1000000000E+01
L2 0.1000000000E+01  0.1201640102E+03  0.1201640102E+03  0.1201640102E+03
L3 0.1335676301E+07  0.2110207682E+03  -.6224137646E+02  -.1337587527E+03
L4 0.5006879680E+01  0.1115867080E+05  0.1108847252E+05  0.1090963741E+05
L5 0.3315678073E+05  0.9130133486E+04  0.1168679730E+05  0.1219545692E+05
L6 0.3301238771E+05  -.3996642442E+06  0.3713937495E+05  -.5383424627E+06
L7 0.0000000000E+00  0.4715118782E+04  0.1309989338E+05  0.2039660001E+05
L8 0.5733879182E+04  0.5759335210E+05  0.0000000000E+00  0.0000000000E+00
L9 0.0000000000E+00  0.0000000000E+00  0.0000000000E+00  0.1043751424E+01  0.0000000000E+00
L0    64000  0.2380000000E+03  -.3151926544E+06  0.8425620537E+05
L1 0.2999758509E+03  0.2999758509E+03  -.3994488598E+12  0.1000000000E+01
L2 0.1000000000E+01  0.1201657533E+03  0.1201657533E+03  0.1201657533E+03
L3 0.1335756014E+07  -.3099396666E+02  -.1370209218E+03  -.3604415442E+03
L4 -.1761521442E+03  0.1103035933E+05  0.1106130656E+05  0.1098266123E+05
L5 0.3307432712E+05  0.1132832133E+05  0.1237856382E+05  0.1444778347E+05
L6 0.3815466862E+05  -.3994488598E+06  0.3700956744E+05  -.5378956024E+06
L7 0.0000000000E+00  0.4758711785E+04  0.1303967054E+05  0.2041296388E+05
L8 0.5760485380E+04  0.5746534363E+05  0.0000000000E+00  0.0000000000E+00
L9 0.0000000000E+00  0.0000000000E+00  0.0000000000E+00  0.1043689137E+01  0.0000000000E+00
L0    65000  0.2400000000E+03  -.3151133092E+06  0.8426811427E+05
L1 0.3000182500E+03  0.3000182500E+03  -.3993814235E+12  0.1000000000E+01
L2 0.1000000000E+01  0.1202623415E+03  0.1202623415E+03  0.1202623415E+03
L3 0.1338957738E+07  0.1976518501E+03  0.1158321522E+03  -.2924981483E+03
L4 0.6995284684E+01  0.1103297649E+05  0.1118121591E+05  0.1105860600E+05
L5 0.3327279841E+05  0.9128286355E+04  0.1006498878E+05  0.1387729117E+05
L6 0.3307056631E+05  -.3993814235E+06  0.3742834817E+05  -.5384766311E+06
L7 0.0000000000E+00  0.4757792821E+04  0.1304231206E+05  0.2039310681E+05
L8 0.5821981206E+04  0.5765166655E+05  0.0000000000E+00  0.0000000000E+00
L9 0.0000000000E+00  0.0000000000E+00  0.0000000000E+00  0.1041193461E+01  0.0000000000E+00
L0    66000  0.2420000000E+03  -.3156401249E+06  0.8432454159E+05
L1 0.3002191472E+03  0.3002191472E+03  -.3999646665E+12  0.1000000000E+01
L2 0.1000000000E+01  0.1201736120E+03  0.1201736120E+03  0.1201736120E+03
L3 0.1335992869E+07  0.6754240596E+02  -.1423899371E+03  0.1816058594E+03
L4 0.3558610944E+02  0.1102566939E+05  0.1106468397E+05  0.1103903735E+05
L5 0.3312939070E+05  0.1037623206E+05  0.1243379925E+05  0.9292851045E+04
L6 0.3210288235E+05  -.3999646665E+06  0.3715154312E+05  -.5384149192E+06
L7 0.0000000000E+00  0.4810702106E+04  0.1296065387E+05  0.2032290988E+05
L8 0.5770657808E+04  0.5743378585E+05  0.0000000000E+00  0.0000000000E+00
L9 0.0000000000E+00  0.0000000000E+00  0.0000000000E+00  0.1043504103E+01  0.0000000000E+00
L0    67000  0.2440000000E+03  -.3152801638E+06  0.8433283195E+05
L1 0.3002486632E+03  0.3002486632E+03  -.3996129958E+12  0.1000000000E+01
L2 0.1000000000E+01  0.1202077541E+03  0.1202077541E+03  0.1202077541E+03
L3 0.1337126845E+07  -.2146195645E+02  0.2794711230E+03  -.2452231751E+02
L4 0.7782894969E+02  0.1097892623E+05  0.1100275339E+05  0.1104742802E+05
L5 0.3302910765E+05  0.1118546353E+05  0.8313286957E+04  0.1128341645E+05
L6 0.3078216694E+05  -.3996129958E+06  0.3708783220E+05  -.5379821516E+06
L7 0.0000000000E+00  0.4730385477E+04  0.1288407871E+05  0.2043965148E+05
L8 0.5754599329E+04  0.5747260864E+05  0.0000000000E+00  0.0000000000E+00
L9 0.0000000000E+00  0.0000000000E+00  0.0000000000E+00  0.1042619140E+01  0.0000000000E+00
L0    68000  0.2460000000E+03  -.3152896203E+06  0.8447082901E+05
L1 0.3007399716E+03  0.3007399716E+03  -.3997604493E+12  0.1000000000E+01
L2 0.1000000000E+01  0.1201923454E+03  0.1201923454E+03  0.1201923454E+03
L3 0.1336610043E+07  -.5409164239E+02  0.1558480118E+03  0.1990076482E+03
L4 0.1002546725E+03  0.1105519699E+05  0.1111928962E+05  0.1090764516E+05
L5 0.3308213177E+05  0.1157554209E+05  0.9620079290E+04  0.8993252296E+04
L6 0.3018887367E+05  -.3997604493E+06  0.3737477428E+05  -.5383406448E+06
L7 0.0000000000E+00  0.4741243869E+04  0.1290273131E+05  0.2034465453E+05
L8 0.5724883996E+04  0.5749190756E+05  0.0000000000E+00  0.0000000000E+00
L9 0.0000000000E+00  0.0000000000E+00  0.0000000000E+00  0.1043022270E+01  0.0000000000E+00
L0    69000  0.2480000000E+03  -.3155776878E+06  0.8435653979E+05
L1 0.3003330698E+03  0.3003330698E+03  -.3999342276E+12  0.1000000000E+01
L2 0.1000000000E+01  0.1201566026E+03  0.1201566026E+03  0.1201566026E+03
L3 0.1335441508E+07  -.1728382754E+03  -.9393779303E+02  -.2564858197E+02
L4 -.9747488347E+02  0.1117804263E+05  0.1107741470E+05  0.1100627590E+05
L5 0.3326173323E+05  0.1283924054E+05  0.1198027759E+05  0.1125279173E+05
L6 0.3607230986E+05  -.3999342276E+06  0.3692804495E+05  -.5383318008E+06
L7 0.0000000000E+00  0.4739956532E+04  0.1302411016E+05  0.2036596479E+05
L8 0.5777411359E+04  0.5756208539E+05  0.0000000000E+00  0.0000000000E+00
L9 0.0000000000E+00  0.0000000000E+00  0.0000000000E+00  0.1043934933E+01  0.0000000000E+00
L0    70000  0.2500000000E+03  -.3161126630E+06  0.8386519972E+05
L1 0.2985837606E+03  0.2985837606E+03  -.3999778627E+12  0.1000000000E+01
L2 0.1000000000E+01  0.1201582035E+03  0.1201582035E+03  0.1201582035E+03
L3 0.1335486158E+07  -.1003269717E+03  0.1402499265E+02  0.1373932965E+02
L4 -.2418754981E+02  0.1105879458E+05  0.1109449564E+05  0.1099975634E+05
L5 0.3315304656E+05  0.1202309793E+05  0.1095969293E+05  0.1086769931E+05
L6 0.3385049017E+05  -.3999778627E+06  0.3708316635E+05  -.5384642477E+06
L7 0.0000000000E+00  0.4750838033E+04  0.1294591973E+05  0.2034744948E+05
L8 0.5768171240E+04  0.5759084018E+05  0.0000000000E+00  0.0000000000E+00
L9 0.0000000000E+00  0.0000000000E+00  0.0000000000E+00  0.1043900031E+01  0.0000000000E+00
L0    71000  0.2520000000E+03  -.3156799433E+06  0.8434028275E+05
L1 0.3002751901E+03  0.3002751901E+03  -.4000202261E+12  0.1000000000E+01
L2 0.1000000000E+01  0.1202006680E+03  0.1202006680E+03  0.1202006680E+03
L3 0.1336899044E+07  0.1585755666E+03  0.7544788004E+02  -.2180974460E+03
L4 0.5308666902E+01  0.1107550161E+05  0.1109774650E+05  0.1106434508E+05
L5 0.3323759319E+05  0.9549723202E+04  0.1037180398E+05  0.1316282961E+05
L6 0.3308435679E+05  -.4000202261E+06  0.3717657738E+05  -.5385091602E+06
L7 0.0000000000E+00  0.4790239108E+04  0.1302874143E+05  0.2029429272E+05
L8 0.5782615780E+04  0.5741646774E+05  0.0000000000E+00  0.0000000000E+00
L9 0.0000000000E+00  0.0000000000E+00  0.0000000000E+00  0.1042796797E+01  0.0000000000E+00
L0    72000  0.2540000000E+03  -.3155271368E+06  0.8465602024E+05
L1 0.3013993046E+03  0.3013993046E+03  -.4001831571E+12  0.1000000000E+01
L2 0.1000000000E+01  0.1201638515E+03  0.1201638515E+03  0.1201638515E+03
L3 0.1335680396E+07  0.2639337978E+01  -.2479822653E+03  0.2406523491E+02
L4 -.7375923081E+02  0.1112473743E+05  0.1111027936E+05  0.1096570165E+05
L5 0.3320071844E+05  0.1109936547E+05  0.1349413391E+05  0.1073436245E+05
L6 0.3532786183E+05  -.4001831571E+06  0.3761798056E+05  -.5391923346E+06
L7 0.0000000000E+00  0.4751803695E+04  0.1289504549E+05  0.2039683988E+05
L8 0.5781807262E+04  0.5756570066E+05  0.0000000000E+00  0.0000000000E+00
L9 0.0000000000E+00  0.0000000000E+00  0.0000000000E+00  0.1043748224E+01  0.0000000000E+00
L0    73000  0.2560000000E+03  -.3154007264E+06  0.8406076127E+05
L1 0.2992800148E+03  0.2992800148E+03  -.3994614877E+12  0.1000000000E+01
L2 0.1000000000E+01  0.1201661059E+03  0.1201661059E+03  0.1201661059E+03
L3 0.1335757311E+07  0.1173782410E+02  0.8954266313E+01  -.2857234930E+03
L4 -.8834380087E+02  0.1098270235E+05  0.1089521445E+05  0.1100019783E+05
L5 0.3287811463E+05  0.1086986010E+05  0.1080913210E+05  0.1374701713E+05
L6 0.3542600933E+05  -.3994614877E+06  0.3745947012E+05  -.5384401655E+06
L7 0.0000000000E+00  0.4796867708E+04  0.1301869994E+05  0.2034159942E+05
L8 0.5820934617E+04  0.5754110596E+05  0.0000000000E+00  0.0000000000E+00
L9 0.0000000000E+00  0.0000000000E+00  0.0000000000E+00  0.1043688124E+01  0.0000000000E+00
L0    74000  0.2580000000E+03  -.3152459474E+06  0.8442105611E+05
L1 0.3005627660E+03  0.3005627660E+03  -.3996670035E+12  0.1000000000E+01
L2 0.1000000000E+01  0.1201552469E+03  0.1201552469E+03  0.1201552469E+03
L3 0.1335391858E+07  0.5024518781E+02  -.1239875177E+03  -.1066433885E+03
L4 -.6012857281E+02  0.1109685462E+05  0.1109165644E+05  0.1096442884E+05
L5 0.3315293989E+05  0.1061395176E+05  0.1228329149E+05  0.1198937072E+05
L6 0.3488661396E+05  -.3996670035E+06  0.3731627929E+05  -.5383653738E+06
L7 0.0000000000E+00  0.4747360091E+04  0.1306475091E+05  0.2026768444E+05
L8 0.5801285049E+04  0.5750101048E+05  0.0000000000E+00  0.0000000000E+00
L9 0.0000000000E+00  0.0000000000E+00  0.0000000000E+00  0.1043973746E+01  0.0000000000E+00
L0    75000  0.2600000000E+03  -.3154707768E+06  0.8438374754E+05
L1 0.3004299370E+03  0.3004299370E+03  -.3998545243E+12  0.1000000000E+01
L2 0.1000000000E+01  0.1201980883E+03  0.1201980883E+03  0.1201980883E+03
L3 0.1336821816E+07  -.2842261480E+02  -.2206603626E+03  0.4240778964E+02
L4 -.6889172924E+02  0.1104126282E+05  0.1104162788E+05  0.1104041418E+05
L5 0.3312330488E+05  0.1131472303E+05  0.1316464957E+05  0.1063239954E+05
L6 0.3511177214E+05  -.3998545243E+06  0.3741380587E+05  -.5384735246E+06
L7 0.0000000000E+00  0.4819607422E+04  0.1305242877E+05  0.2029597367E+05
L8 0.5714971517E+04  0.5732221305E+05  0.0000000000E+00  0.0000000000E+00
L9 0.0000000000E+00  0.0000000000E+00  0.0000000000E+00  0.1042857040E+01  0.0000000000E+00
L0    76000  0.2620000000E+03  -.3156512199E+06  0.8421456216E+05
L1 0.2998275894E+03  0.2998275894E+03  -.3998657820E+12  0.1000000000E+01
L2 0.1000000000E+01  0.1201441542E+03  0.1201441542E+03  0.1201441542E+03
L3 0.1335011610E+07  -.1642422690E+02  0.1020131514E+03  -.3169289286E+01
L4 0.2747321173E+02  0.1101768048E+05  0.1094597418E+05  0.1112230353E+05
L5 0.3308595819E+05  0.1117548759E+05  0.9965812345E+04  0.1115275466E+05
L6 0.3229405460E+05  -.3998657820E+06  0.3793405535E+05  -.5393621998E+06
L7 0.0000000000E+00  0.4862437108E+04  0.1297181343E+05  0.2035704364E+05
L8 0.5770338053E+04  0.5760073022E+05  0.0000000000E+00  0.0000000000E+00
L9 0.0000000000E+00  0.0000000000E+00  0.0000000000E+00  0.1044271099E+01  0.0000000000E+00
L0    77000  0.2640000000E+03  -.3149312365E+06  0.8495447701E+05
L1 0.3024618949E+03  0.3024618949E+03  -.3998857135E+12  0.1000000000E+01
L2 0.1000000000E+01  0.1201211765E+03  0.1201211765E+03  0.1201211765E+03
L3 0.1334243955E+07  -.6880344604E+02  0.3060201933E+03  -.1084747791E+03
L4 0.4291398937E+02  0.1111476450E+05  0.1120904388E+05  0.1113186133E+05
L5 0.3345566971E+05  0.1177546101E+05  0.8270434173E+04  0.1217350840E+05
L6 0.3221940358E+05  -.3998857135E+06  0.3696378592E+05  -.5380967756E+06
L7 0.0000000000E+00  0.4746786006E+04  0.1296554025E+05  0.2034026074E+05
L8 0.5761927305E+04  0.5743276188E+05  0.0000000000E+00  0.0000000000E+00
L9 0.0000000000E+00  0.0000000000E+00  0.0000000000E+00  0.1044871919E+01  0.0000000000E+00
L0    78000  0.2660000000E+03  -.3153122132E+06  0.8464812220E+05
L1 0.3013711854E+03  0.3013711854E+03  -.3999603354E+12  0.1000000000E+01
L2 0.1000000000E+01  0.1201816052E+03  0.1201816052E+03  0.1201816052E+03
L3 0.1336261144E+07  0.1912519807E+03  0.1886426619E+03  -.3151819335E+03
L4 0.2157090306E+02  0.1106665124E+05  0.1102137178E+05  0.1102904586E+05
L5 0.3311706888E+05  0.9227345769E+04  0.9207160614E+04  0.1406020848E+05
L6 0.3249471486E+05  -.3999603354E+06  0.3776284334E+05  -.5390375214E+06
L7 0.0000000000E+00  0.4887085422E+04  0.1304495839E+05  0.2023414750E+05
L8 0.5759960568E+04  0.5738819085E+05  0.0000000000E+00  0.0000000000E+00
L9 0.0000000000E+00  0.0000000000E+00  0.0000000000E+00  0.1043294604E+01  0.0000000000E+00
L0    79000  0.2680000000E+03  -.3153686352E+06  0.8411119989E+05
L1 0.2994595905E+03  0.2994595905E+03  -.3994798351E+12  0.1000000000E+01
L2 0.1000000000E+01  0.1201409984E+03  0.1201409984E+03  0.1201409984E+03
L3 0.1334905483E+07  0.9983736939E+02  0.1491784041E+03  -.1431508040E+03
L4 0.3528832318E+02  0.1093258487E+05  0.1102367051E+05  0.1109410241E+05
L5 0.3305035780E+05  0.9973404623E+04  0.9590449874E+04  0.1246941332E+05
L6 0.3203326782E+05  -.3994798351E+06  0.3765921651E+05  -.5385772612E+06
L7 0.0000000000E+00  0.4770393672E+04  0.1311675624E+05  0.2023013361E+05
L8 0.5801003383E+04  0.5751992267E+05  0.0000000000E+00  0.0000000000E+00
L9 0.0000000000E+00  0.0000000000E+00  0.0000000000E+00  0.1044354120E+01  0.0000000000E+00
L0    80000  0.2700000000E+03  -.3156838341E+06  0.8408865585E+05
L1 0.2993793274E+03  0.2993793274E+03  -.3997724899E+12  0.1000000000E+01
L2 0.1000000000E+01  0.1202075334E+03  0.1202075334E+03  0.1202075334E+03
L3 0.1337138004E+07  -.8047054605E+02  0.2645958701E+02  -.1784351667E+03
L4 -.7748204191E+02  0.1111494539E+05  0.1101445166E+05  0.1108313061E+05
L5 0.3321252766E+05  0.1188935326E+05  0.1075981797E+05  0.1280030050E+05
L6 0.3544947173E+05  -.3997724899E+06  0.3740722672E+05  -.5385588154E+06
L7 0.0000000000E+00  0.4783614014E+04  0.1304475759E+05  0.2042017696E+05
L8 0.5755688693E+04  0.5737486151E+05  0.0000000000E+00  0.0000000000E+00
L9 0.0000000000E+00  0.0000000000E+00  0.0000000000E+00  0.1042610439E+01  0.0000000000E+00
L0    81000  0.2720000000E+03  -.3159602577E+06  0.8417425334E+05
L1 0.2996840786E+03  0.2996840786E+03  -.4001345110E+12  0.1000000000E+01
L2 0.1000000000E+01  0.1201694536E+03  0.1201694536E+03  0.1201694536E+03
L3 0.1335874161E+07  -.1162663836E+03  0.2213866453E+02  -.3020189506E+03
L4 -.1320488899E+03  0.1105016124E+05  0.1099552787E+05  0.1093767326E+05
L5 0.3298336238E+05  0.1216799262E+05  0.1078267792E+05  0.1384140388E+05
L6 0.3679207442E+05  -.4001345110E+06  0.3732889286E+05  -.5389148762E+06
L7 0.0000000000E+00  0.4736457463E+04  0.1315136357E+05  0.2038472964E+05
L8 0.5762463049E+04  0.5741645862E+05  0.0000000000E+00  0.0000000000E+00
L9 0.0000000000E+00  0.0000000000E+00  0.0000000000E+00  0.1043596831E+01  0.0000000000E+00
L0    82000  0.2740000000E+03  -.3152382076E+06  0.8405246948E+05
L1 0.2992504937E+03  0.2992504937E+03  -.3992906771E+12  0.1000000000E+01
L2 0.1000000000E+01  0.1201993071E+03  0.1201993071E+03  0.1201993071E+03
L3 0.1336855634E+07  0.1251588301E+03  -.1525929409E+03  -.6929993888E+01
L4 -.1145470158E+02  0.1115368865E+05  0.1105609873E+05  0.1100667351E+05
L5 0.3321646089E+05  0.9949477665E+04  0.1252426599E+05  0.1107335018E+05
L6 0.3354709384E+05  -.3992906771E+06  0.3728063461E+05  -.5380824867E+06
L7 0.0000000000E+00  0.4800937877E+04  0.1297376900E+05  0.2042797884E+05
L8 0.5757042731E+04  0.5755144657E+05  0.0000000000E+00  0.0000000000E+00
L9 0.0000000000E+00  0.0000000000E+00  0.0000000000E+00  0.1042830659E+01  0.0000000000E+00
L0    83000  0.2760000000E+03  -.3152701945E+06  0.8419833119E+05
L1 0.2997698025E+03  0.2997698025E+03  -.3994685257E+12  0.1000000000E+01
L2 0.1000000000E+01  0.1201605315E+03  0.1201605315E+03  0.1201605315E+03
L3 0.1335556270E+07  -.1568127360E+03  0.3412793302E+03  -.6785212995E+02
L4 0.3887148810E+02  0.1105123706E+05  0.1104649682E+05  0.1093696232E+05
L5 0.3303469620E+05  0.1255853846E+05  0.7766082066E+04  0.1158916452E+05
L6 0.3191378504E+05  -.3994685257E+06  0.3682989501E+05  -.5376761823E+06
L7 0.0000000000E+00  0.4765928674E+04  0.1288049791E+05  0.2035649826E+05
L8 0.5791429479E+04  0.5758340726E+05  0.0000000000E+00  0.0000000000E+00
L9 0.0000000000E+00  0.0000000000E+00  0.0000000000E+00  0.1043845229E+01  0.0000000000E+00
L0    84000  0.2780000000E+03  -.3152860637E+06  0.8413858267E+05
L1 0.2995570809E+03  0.2995570809E+03  -.3994246464E+12  0.1000000000E+01
L2 0.1000000000E+01  0.1201382674E+03  0.1201382674E+03  0.1201382674E+03
L3 0.1334812996E+07  -.1391278826E+02  0.3887810508E+02  0.1175664618E+03
L4 0.4751059289E+02  0.1106494880E+05  0.1093236436E+05  0.1095019851E+05
L5 0.3294751167E+05  0.1119860564E+05  0.1055887168E+05  0.9820765562E+04
L6 0.3157824288E+05  -.3994246464E+06  0.3702478492E+05  -.5379924653E+06
L7 0.0000000000E+00  0.4711802353E+04  0.1310135786E+05  0.2038649747E+05
L8 0.5809678201E+04  0.5753369808E+05  0.0000000000E+00  0.0000000000E+00
L9 0.0000000000E+00  0.0000000000E+00  0.0000000000E+00  0.1044426481E+01  0.0000000000E+00
L0    85000  0.2800000000E+03  -.3154953946E+06  0.8423667442E+05
L1 0.2999063152E+03  0.2999063152E+03  -.3997320690E+12  0.1000000000E+01
L2 0.1000000000E+01  0.1201437115E+03  0.1201437115E+03  0.1201437115E+03
L3 0.1335004998E+07  0.2424946572E+03  -.4172410662E+02  -.3235335339E+03
L4 -.4092099443E+02  0.1102898895E+05  0.1099595905E+05  0.1100926128E+05
L5 0.3303420928E+05  0.8699065538E+04  0.1139685025E+05  0.1411781783E+05
L6 0.3421373362E+05  -.3997320690E+06  0.3761384408E+05  -.5387962752E+06
L7 0.0000000000E+00  0.4776220571E+04  0.1305715089E+05  0.2040411514E+05
L8 0.5765211597E+04  0.5744766393E+05  0.0000000000E+00  0.0000000000E+00
L9 0.0000000000E+00  0.0000000000E+00  0.0000000000E+00  0.1044276271E+01  0.0000000000E+00
L0    86000  0.2820000000E+03  -.3156074176E+06  0.8408848581E+05
L1 0.2993787220E+03  0.2993787220E+03  -.3996959034E+12  0.1000000000E+01
L2 0.1000000000E+01  0.1201465291E+03  0.1201465291E+03  0.1201465291E+03
L3 0.1335089758E+07  -.2510545673E+02  0.9984843003E+02  0.3350116272E+02
L4 0.3608137867E+02  0.1097779534E+05  0.1105588284E+05  0.1112417884E+05
L5 0.3315785702E+05  0.1121902748E+05  0.1009646391E+05  0.1080227444E+05
L6 0.3211776582E+05  -.3996959034E+06  0.3695171680E+05  -.5381798247E+06
L7 0.0000000000E+00  0.4863917225E+04  0.1322105033E+05  0.2025567157E+05
L8 0.5785891409E+04  0.5740567394E+05  0.0000000000E+00  0.0000000000E+00
L9 0.0000000000E+00  0.0000000000E+00  0.0000000000E+00  0.1044209974E+01  0.0000000000E+00
L0    87000  0.2840000000E+03  -.3159896203E+06  0.8391660074E+05
L1 0.2987667627E+03  0.2987667627E+03  -.3999062210E+12  0.1000000000E+01
L2 0.1000000000E+01  0.1201643772E+03  0.1201643772E+03  0.1201643772E+03
L3 0.1335678854E+07  0.4147780056E+03  0.6924507524E+02  -.2250948554E+03
L4 0.8630940848E+02  0.1092421049E+05  0.1098417177E+05  0.1103774044E+05
L5 0.3294612269E+05  0.6936952381E+04  0.1031851934E+05  0.1320157573E+05
L6 0.3045704745E+05  -.3999062210E+06  0.3766969632E+05  -.5388615938E+06
L7 0.0000000000E+00  0.4830644169E+04  0.1295469182E+05  0.2032311655E+05
L8 0.5779744456E+04  0.5739747954E+05  0.0000000000E+00  0.0000000000E+00
L9 0.0000000000E+00  0.0000000000E+00  0.0000000000E+00  0.1043749429E+01  0.0000000000E+00
L0    88000  0.2860000000E+03  -.3158442264E+06  0.8427987048E+05
L1 0.3000601054E+03  0.3000601054E+03  -.4001240969E+12  0.1000000000E+01
L2 0.1000000000E+01  0.1201405227E+03  0.1201405227E+03  0.1201405227E+03
L3 0.1334895350E+07  -.2614781261E+03  0.4003276804E+02  0.1831708703E+03
L4 -.1275816259E+02  0.1095433123E+05  0.1113671618E+05  0.1096043731E+05
L5 0.3305148472E+05  0.1346644419E+05  0.1075210720E+05  0.9200649886E+04
L6 0.3341920127E+05  -.4001240969E+06  0.3695711553E+05  -.5382566003E+06
L7 0.0000000000E+00  0.4659615834E+04  0.1290566503E+05  0.2033386362E+05
L8 0.5785600587E+04  0.5749064283E+05  0.0000000000E+00  0.0000000000E+00
L9 0.0000000000E+00  0.0000000000E+00  0.0000000000E+00  0.1044362047E+01  0.0000000000E+00
L0    89000  0.2880000000E+03  -.3154135287E+06  0.8436481370E+05
L1 0.3003625272E+03  0.3003625272E+03  -.3997783424E+12  0.1000000000E+01
L2 0.1000000000E+01  0.1201375319E+03  0.1201375319E+03  0.1201375319E+03
L3 0.1334796407E+07  -.5932014438E+02  -.1253389823E+03  0.1274897796E+03
L4 -.1905644903E+02  0.1107695180E+05  0.1099519281E+05  0.1097863794E+05
L5 0.3305078255E+05  0.1164681919E+05  0.1219927954E+05  0.9753889264E+04
L6 0.3359998800E+05  -.3997783424E+06  0.3712339482E+05  -.5382678403E+06
L7 0.0000000000E+00  0.4858941536E+04  0.1315320166E+05  0.2029125693E+05
L8 0.5723114317E+04  0.5733958868E+05  0.0000000000E+00  0.0000000000E+00
L9 0.0000000000E+00  0.0000000000E+00  0.0000000000E+00  0.1044439462E+01  0.0000000000E+00
L0    90000  0.2900000000E+03  -.3156131989E+06  0.8431622744E+05
L1 0.3001895464E+03  0.3001895464E+03  -.3999294264E+12  0.1000000000E+01
L2 0.1000000000E+01  0.1201374329E+03  0.1201374329E+03  0.1201374329E+03
L3 0.1334796788E+07  -.4512372118E+02  -.1112431371E+03  0.6506517352E+01
L4 -.4995344696E+02  0.1104355048E+05  0.1103645882E+05  0.1119751864E+05
L5 0.3327752794E+05  0.1147703804E+05  0.1210513212E+05  0.1113501284E+05
L6 0.3471718300E+05  -.3999294264E+06  0.3733939256E+05  -.5385971849E+06
L7 0.0000000000E+00  0.4854365795E+04  0.1295966629E+05  0.2026318574E+05
L8 0.5760049205E+04  0.5749109890E+05  0.0000000000E+00  0.0000000000E+00
L9 0.0000000000E+00  0.0000000000E+00  0.0000000000E+00  0.1044439164E+01  0.0000000000E+00
L0    91000  0.2920000000E+03  -.3160286322E+06  0.8395317131E+05
L1 0.2988969642E+03  0.2988969642E+03  -.3999818035E+12  0.1000000000E+01
L2 0.1000000000E+01  0.1200968803E+03  0.1200968803E+03  0.1200968803E+03
L3 0.1333447089E+07  -.1361176542E+03  0.1940145900E+03  -.2464888971E+03
L4 -.6286398709E+02  0.1102166561E+05  0.1098686475E+05  0.1092740524E+05
L5 0.3293593559E+05  0.1232797733E+05  0.9124920132E+04  0.1329294215E+05
L6 0.3474583961E+05  -.3999818035E+06  0.3731161494E+05  -.5384630310E+06
L7 0.0000000000E+00  0.4769587673E+04  0.1287078117E+05  0.2028887122E+05
L8 0.5756290617E+04  0.5748408187E+05  0.0000000000E+00  0.0000000000E+00
L9 0.0000000000E+00  0.0000000000E+00  0.0000000000E+00  0.1045496332E+01  0.0000000000E+00
L0    92000  0.2940000000E+03  -.3154724658E+06  0.8442204237E+05
L1 0.3005662774E+03  0.3005662774E+03  -.3998945081E+12  0.1000000000E+01
L2 0.1000000000E+01  0.1201315722E+03  0.1201315722E+03  0.1201315722E+03
L3 0.1334581902E+07  -.3869750228E+03  0.2413079971E+03  0.4883684323E+03
L4 0.1142338022E+03  0.1109916857E+05  0.1107389340E+05  0.1109558380E+05
L5 0.3326864577E+05  0.1481610168E+05  0.8756106381E+04  0.6404757029E+04
L6 0.2997696509E+05  -.3998945081E+06  0.3731755931E+05  -.5385082661E+06
L7 0.0000000000E+00  0.4716794310E+04  0.1312437186E+05  0.2028370611E+05
L8 0.5746947015E+04  0.5742437935E+05  0.0000000000E+00  0.0000000000E+00
L9 0.0000000000E+00  0.0000000000E+00  0.0000000000E+00  0.1044607332E+01  0.0000000000E+00
L0    93000  0.2960000000E+03  -.3156498548E+06  0.8430347812E+05
L1 0.3001441552E+03  0.3001441552E+03  -.3999533329E+12  0.1000000000E+01
L2 0.1000000000E+01  0.1201475348E+03  0.1201475348E+03  0.1201475348E+03
L3 0.1335118602E+07  0.1937578807E+03  -.5304978974E+02  0.8543209989E+02
L4 0.7538006360E+02  0.1089670712E+05  0.1113718382E+05  0.1104994984E+05
L5 0.3308384079E+05  0.9034895218E+04  0.1164693718E+05  0.1022903613E+05
L6 0.3091086853E+05  -.3999533329E+06  0.3770723086E+05  -.5392267308E+06
L7 0.0000000000E+00  0.4789177616E+04  0.1313212588E+05  0.2036323722E+05
L8 0.5772526649E+04  0.5750909964E+05  0.0000000000E+00  0.0000000000E+00
L9 0.0000000000E+00  0.0000000000E+00  0.0000000000E+00  0.1044187415E+01  0.0000000000E+00
L0    94000  0.2980000000E+03  -.3160621882E+06  0.8388978317E+05
L1 0.2986712846E+03  0.2986712846E+03  -.3999519714E+12  0.1000000000E+01
L2 0.1000000000E+01  0.1201387101E+03  0.1201387101E+03  0.1201387101E+03
L3 0.1334827475E+07  0.4006009646E+02  0.2099668759E+03  -.1004733823E+03
L4 0.4985119670E+02  0.1082454252E+05  0.1103170148E+05  0.1109679254E+05
L5 0.3295303655E+05  0.1043969056E+05  0.9014577917E+04  0.1206202683E+05
L6 0.3151629530E+05  -.3999519714E+06  0.3751743449E+05  -.5386721593E+06
L7 0.0000000000E+00  0.4705834810E+04  0.1298224581E+05  0.2025192031E+05
L8 0.5797809551E+04  0.5746494297E+05  0.0000000000E+00  0.0000000000E+00
L9 0.0000000000E+00  0.0000000000E+00  0.0000000000E+00  0.1044415153E+01  0.0000000000E+00
L0    95000  0.3000000000E+03  -.3157871788E+06  0.8416411680E+05
L1 0.2996479897E+03  0.2996479897E+03  -.3999512956E+12  0.1000000000E+01
L2 0.1000000000E+01  0.1201762609E+03  0.1201762609E+03  0.1201762609E+03
L3 0.1336096639E+07  -.1492428159E+03  0.3316559121E+02  -.1654042985E+03
L4 -.9382717440E+02  0.1125238401E+05  0.1107431366E+05  0.1115429673E+05
L5 0.3348099440E+05  0.1268750292E+05  0.1075539334E+05  0.1274482445E+05
L6 0.3618772071E+05  -.3999512956E+06  0.3722511046E+05  -.5385772318E+06
L7 0.0000000000E+00  0.4730848921E+04  0.1306850640E+05  0.2031395183E+05
L8 0.5766730039E+04  0.5752078861E+05  0.0000000000E+00  0.0000000000E+00
L9 0.0000000000E+00  0.0000000000E+00  0.0000000000E+00  0.1043423058E+01  0.0000000000E+00
L0    96000  0.3020000000E+03  -.3161130323E+06  0.8384156857E+05
L1 0.2984996270E+03  0.2984996270E+03  -.3999546009E+12  0.1000000000E+01
L2 0.1000000000E+01  0.1201718638E+03  0.1201718638E+03  0.1201718638E+03
L3 0.1335927790E+07  0.6274924739E+02  0.1421835179E+03  0.7240726235E+02
L4 0.9244667589E+02  0.1104274398E+05  0.1090242421E+05  0.1108921659E+05
L5 0.3303438478E+05  0.1043942348E+05  0.9535360298E+04  0.1039303635E+05
L6 0.3036782013E+05  -.3999546009E+06  0.3779879121E+05  -.5390209288E+06
L7 0.0000000000E+00  0.4678069960E+04  0.1292352705E+05  0.2035842009E+05
L8 0.5778925726E+04  0.5752859388E+05  0.0000000000E+00  0.0000000000E+00
L9 0.0000000000E+00  0.0000000000E+00  0.0000000000E+00  0.1043554938E+01  0.0000000000E+00
L0    97000  0.3040000000E+03  -.3155520846E+06  0.8433152384E+05
L1 0.3002440059E+03  0.3002440059E+03  -.3998836085E+12  0.1000000000E+01
L2 0.1000000000E+01  0.1201788958E+03  0.1201788958E+03  0.1201788958E+03
L3 0.1336184322E+07  0.6983782367E+02  -.1888596068E+03  -.1573528535E+03
L4 -.9212487886E+02  0.1111949430E+05  0.1102224251E+05  0.1099560244E+05
L5 0.3313733925E+05  0.1044788972E+05  0.1283843566E+05  0.1250880676E+05
L6 0.3579513214E+05  -.3998836085E+06  0.3700867253E+05  -.5384573689E+06
L7 0.0000000000E+00  0.4815910713E+04  0.1312412461E+05  0.2037937808E+05
L8 0.5730164130E+04  0.5751551037E+05  0.0000000000E+00  0.0000000000E+00
L9 0.0000000000E+00  0.0000000000E+00  0.0000000000E+00  0.1043354587E+01  0.0000000000E+00
L0    98000  0.3060000000E+03  -.3155277636E+06  0.8415656476E+05
L1 0.2996211023E+03  0.2996211023E+03  -.3996843284E+12  0.1000000000E+01
L2 0.1000000000E+01  0.1201908395E+03  0.1201908395E+03  0.1201908395E+03
L3 0.1336565665E+07  -.6431319527E+01  0.3423364242E+03  -.1825684745E+03
L4 0.5111221008E+02  0.1104881857E+05  0.1094799899E+05  0.1098197323E+05
L5 0.3297879079E+05  0.1111068385E+05  0.7654936356E+04  0.1273816795E+05
L6 0.3150378816E+05  -.3996843284E+06  0.3744832506E+05  -.5384509800E+06
L7 0.0000000000E+00  0.4733270441E+04  0.1297370923E+05  0.2030377136E+05
L8 0.5739078759E+04  0.5756849679E+05  0.0000000000E+00  0.0000000000E+00
L9 0.0000000000E+00  0.0000000000E+00  0.0000000000E+00  0.1043056901E+01  0.0000000000E+00
L0    99000  0.3080000000E+03  -.3154458304E+06  0.8470908293E+05
L1 0.3015882228E+03  0.3015882228E+03  -.4001549133E+12  0.1000000000E+01
L2 0.1000000000E+01  0.1202155202E+03  0.1202155202E+03  0.1202155202E+03
L3 0.1337399489E+07  -.2015331824E+03  -.3178032200E+02  0.1281420331E+03
L4 -.3505715711E+02  0.1114937767E+05  0.1101544620E+05  0.1108892903E+05
L5 0.3325375290E+05  0.1308921046E+05  0.1132134377E+05  0.9855513701E+04
L6 0.3426606793E+05  -.4001549133E+06  0.3725024536E+05  -.5387487438E+06
L7 0.0000000000E+00  0.4812147310E+04  0.1299630339E+05  0.2029475255E+05
L8 0.5749580008E+04  0.5749080187E+05  0.0000000000E+00  0.0000000000E+00
L9 0.0000000000E+00  0.0000000000E+00  0.0000000000E+00  0.1042406590E+01  0.0000000000E+00
L0   100000  0.3100000000E+03  -.3152386023E+06  0.8439566901E+05
L1 0.3004723808E+03  0.3004723808E+03  -.3996342713E+12  0.1000000000E+01
L2 0.1000000000E+01  0.1202099605E+03  0.1202099605E+03  0.1202099605E+03
L3 0.1337226188E+07  -.1694055425E+03  -.2227730131E+03  -.2104938012E+02
L4 -.1377426452E+03  0.1108530593E+05  0.1102915208E+05  0.1101361258E+05
L5 0.3312807058E+05  0.1271568679E+05  0.1317314838E+05  0.1121619454E+05
L6 0.3710502970E+05  -.3996342713E+06  0.3701310344E+05  -.5383508451E+06
L7 0.0000000000E+00  0.4718140985E+04  0.1305591031E+05  0.2045512793E+05
L8 0.5786534114E+04  0.5768775698E+05  0.0000000000E+00  0.0000000000E+00
L9 0.0000000000E+00  0.0000000000E+00  0.0000000000E+00  0.1042541683E+01  0.0000000000E+00
