Run semi-empirical minimization
 &qmmm
    qm_theory='AM1', grms_tol=0.0005,
 scfconv=1.d-10, ndiis_attempts=700,   qmcharge=0,
 /
   7     N       60.6290      -30.1660       35.3590 
   6     C       61.4580      -30.7040       36.1670 
   8     O       60.5340      -31.8330       39.4220 
   6    C1       61.0550      -29.8270       34.1600 
   7    N1       62.7330      -30.9750       35.9050 
   6    C2       62.3680      -30.0610       33.8350 
   7    N2       59.3710      -30.0010       35.8550 
   6    C3       63.2280      -30.6510       34.7340 
   7    N3       62.5090      -31.6710       38.6290 
   6    C4       59.3710      -30.4710       37.0880 
   6    C5       60.6320      -30.9210       37.3450 
   6    C6       60.1520      -29.1810       33.1930 
   6    C7       60.0410      -29.5710       31.8820 
   6    C8       59.1760      -28.9020       31.0470 
   6    C9       58.4350      -27.8570       31.5000 
   6   C10       59.4080      -28.1130       33.6180 
   6   C11       58.5400      -27.4590       32.7910 
   6   C12       61.2320      -31.5250       38.5330 
   6   C13       59.0290      -29.3010       29.6240 
   1    H2       62.7320      -29.7780       32.8590 
   1    H3       64.2620      -30.8380       34.4870 
   1    H4       58.5310      -30.4950       37.7660 
   1    H7       60.6280      -30.3970       31.5080 
   1    H9       57.7610      -27.3430       30.8300 
   1   H10       59.5110      -27.7770       34.6390 
   1   H11       57.9460      -26.6360       33.1610 
   1   H31       62.9120      -32.0520       39.4730 
   1   H32       63.1070      -31.4040       37.8600 
   1  H131       58.3010      -28.6510       29.1380 
   1  H132       58.6870      -30.3350       29.5700 
   1  H133       59.9910      -29.2100       29.1200 

