L0  Nsteps           time(ps)         Etot             EKinetic        
L1  Temp             T_solute         T_solv           Pres_scal_solu  
L2  Pres_scal_solv   BoxX             BoxY             BoxZ            
L3  volume           pres_X           pres_Y           pres_Z          
L4  Pressure         EKCoM_x          EKCoM_y          EKCoM_z         
L5  EKComTot         VIRIAL_x         VIRIAL_y         VIRIAL_z        
L6  VIRIAL_tot       E_pot            E_vdw            E_el            
L7  E_hbon           E_bon            E_angle          E_dih           
L8  E_14vdw          E_14el           E_const          E_pol           
L9  AV_permMoment    AV_indMoment     AV_totMoment     Density          dV/dlambda      
L0     1000  0.1120000000E+03  -.3515732814E+06  0.9307437143E+05
L1 0.3006977859E+03  0.3006977859E+03  -.4446476528E+12  0.1000000000E+01
L2 0.1000000000E+01  0.1239148230E+03  0.9766979430E+02  0.1227823572E+03
L3 0.1486018666E+07  -.1599982056E+03  -.5860939151E+02  -.1473190226E+03
L4 -.1219755399E+03  0.1244331106E+05  0.1238940035E+05  0.1250620310E+05
L5 0.3733891451E+05  0.1415449209E+05  0.1301622787E+05  0.1408178025E+05
L6 0.4125250021E+05  -.4446476528E+06  0.4389273296E+05  -.5905907662E+06
L7 0.0000000000E+00  0.4679286375E+04  0.1303077246E+05  0.2030957554E+05
L8 0.5795766668E+04  0.5823497938E+05  0.0000000000E+00  0.0000000000E+00
L9 0.0000000000E+00  0.0000000000E+00  0.0000000000E+00  0.1034904562E+01  0.0000000000E+00
L0     2000  0.1140000000E+03  -.3516108598E+06  0.9310214262E+05
L1 0.3007875070E+03  0.3007875070E+03  -.4447130024E+12  0.1000000000E+01
L2 0.1000000000E+01  0.1239357605E+03  0.9768629727E+02  0.1228031033E+03
L3 0.1486762137E+07  0.6529956877E+02  -.1590018285E+03  -.4782304765E+02
L4 -.4717510245E+02  0.1262479539E+05  0.1274323505E+05  0.1240130770E+05
L5 0.3776933815E+05  0.1192606701E+05  0.1444461062E+05  0.1291303116E+05
L6 0.3928370879E+05  -.4447130024E+06  0.4438040291E+05  -.5914527623E+06
L7 0.0000000000E+00  0.4765342010E+04  0.1323458237E+05  0.2034260528E+05
L8 0.5802916104E+04  0.5821391123E+05  0.0000000000E+00  0.0000000000E+00
L9 0.0000000000E+00  0.0000000000E+00  0.0000000000E+00  0.1034387047E+01  0.0000000000E+00
L0     3000  0.1160000000E+03  -.3518760767E+06  0.9249729422E+05
L1 0.2988334076E+03  0.2988334076E+03  -.4443733709E+12  0.1000000000E+01
L2 0.1000000000E+01  0.1238989041E+03  0.9765724698E+02  0.1227665837E+03
L3 0.1485442480E+07  -.2501441389E+03  -.1772093106E+03  0.1417559263E+03
L4 -.9519917438E+02  0.1234840372E+05  0.1247379050E+05  0.1243699069E+05
L5 0.3725918491E+05  0.1502265832E+05  0.1436830945E+05  0.1092149871E+05
L6 0.4031246648E+05  -.4443733709E+06  0.4423351371E+05  -.5907426148E+06
L7 0.0000000000E+00  0.4652666074E+04  0.1306352730E+05  0.2031507437E+05
L8 0.5813406767E+04  0.5829105570E+05  0.0000000000E+00  0.0000000000E+00
L9 0.0000000000E+00  0.0000000000E+00  0.0000000000E+00  0.1035305990E+01  0.0000000000E+00
L0     4000  0.1180000000E+03  -.3514571448E+06  0.9313835145E+05
L1 0.3009044878E+03  0.3009044878E+03  -.4445954963E+12  0.1000000000E+01
L2 0.1000000000E+01  0.1238747737E+03  0.9763822739E+02  0.1227426739E+03
L3 0.1484556736E+07  0.2376481394E+02  0.3046098678E+02  0.6805886116E+02
L4 0.4076155396E+02  0.1262239342E+05  0.1245879095E+05  0.1250893596E+05
L5 0.3759012033E+05  0.1236847875E+05  0.1213333116E+05  0.1178176243E+05
L6 0.3628357234E+05  -.4445954963E+06  0.4443369794E+05  -.5912808497E+06
L7 0.0000000000E+00  0.4817805706E+04  0.1316050529E+05  0.2025777998E+05
L8 0.5775003324E+04  0.5824056114E+05  0.0000000000E+00  0.0000000000E+00
L9 0.0000000000E+00  0.0000000000E+00  0.0000000000E+00  0.1035923693E+01  0.0000000000E+00
L0     5000  0.1200000000E+03  -.3510830294E+06  0.9311140653E+05
L1 0.3008174362E+03  0.3008174362E+03  -.4441944359E+12  0.1000000000E+01
L2 0.1000000000E+01  0.1238848392E+03  0.9764616102E+02  0.1227526474E+03
L3 0.1484942321E+07  -.1396797925E+03  -.1581729240E+03  -.1159930942E+03
L4 -.1379486036E+03  0.1247330468E+05  0.1243721085E+05  0.1253358262E+05
L5 0.3744409815E+05  0.1396609821E+05  0.1412764520E+05  0.1377323038E+05
L6 0.4186697379E+05  -.4441944359E+06  0.4371192754E+05  -.5900552411E+06
L7 0.0000000000E+00  0.4772780967E+04  0.1316987186E+05  0.2029292807E+05
L8 0.5770517455E+04  0.5814277930E+05  0.0000000000E+00  0.0000000000E+00
L9 0.0000000000E+00  0.0000000000E+00  0.0000000000E+00  0.1035654702E+01  0.0000000000E+00
L0     6000  0.1220000000E+03  -.3519772469E+06  0.9303383440E+05
L1 0.3005668219E+03  0.3005668219E+03  -.4450110812E+12  0.1000000000E+01
L2 0.1000000000E+01  0.1238867917E+03  0.9764770000E+02  0.1227545820E+03
L3 0.1484997300E+07  0.1592304023E+02  0.2681103781E+03  -.3528557645E+03
L4 -.2294078208E+02  0.1255521905E+05  0.1243817067E+05  0.1245153348E+05
L5 0.3744492320E+05  0.1238503916E+05  0.9572700653E+04  0.1622273257E+05
L6 0.3818047238E+05  -.4450110812E+06  0.4428829747E+05  -.5914443604E+06
L7 0.0000000000E+00  0.4882189133E+04  0.1289883266E+05  0.2022060446E+05
L8 0.5793610248E+04  0.5834974518E+05  0.0000000000E+00  0.0000000000E+00
L9 0.0000000000E+00  0.0000000000E+00  0.0000000000E+00  0.1035616359E+01  0.0000000000E+00
L0     7000  0.1240000000E+03  -.3517322708E+06  0.9284583398E+05
L1 0.2999594441E+03  0.2999594441E+03  -.4445781048E+12  0.1000000000E+01
L2 0.1000000000E+01  0.1239160488E+03  0.9767076048E+02  0.1227835718E+03
L3 0.1486063070E+07  -.1340801654E+03  -.8250708449E+02  -.1562060864E+03
L4 -.1242644454E+03  0.1235347779E+05  0.1241263978E+05  0.1250913005E+05
L5 0.3727524761E+05  0.1378750819E+05  0.1329507953E+05  0.1417980427E+05
L6 0.4126239199E+05  -.4445781048E+06  0.4423532587E+05  -.5907222581E+06
L7 0.0000000000E+00  0.4713440040E+04  0.1284572621E+05  0.2026946785E+05
L8 0.5766700066E+04  0.5831349329E+05  0.0000000000E+00  0.0000000000E+00
L9 0.0000000000E+00  0.0000000000E+00  0.0000000000E+00  0.1034873639E+01  0.0000000000E+00
L0     8000  0.1260000000E+03  -.3522091257E+06  0.9265948209E+05
L1 0.2993573922E+03  0.2993573922E+03  -.4448686078E+12  0.1000000000E+01
L2 0.1000000000E+01  0.1239039046E+03  0.9766118839E+02  0.1227715385E+03
L3 0.1485606456E+07  0.3079181218E+03  -.8649052766E+02  -.1473754190E+03
L4 0.2468405839E+02  0.1238445650E+05  0.1238126386E+05  0.1246886534E+05
L5 0.3723458570E+05  0.9092185267E+04  0.1330602358E+05  0.1404460843E+05
L6 0.3644281728E+05  -.4448686078E+06  0.4455589260E+05  -.5918158974E+06
L7 0.0000000000E+00  0.4814402484E+04  0.1303502266E+05  0.2034036491E+05
L8 0.5824796687E+04  0.5837681020E+05  0.0000000000E+00  0.0000000000E+00
L9 0.0000000000E+00  0.0000000000E+00  0.0000000000E+00  0.1035191716E+01  0.0000000000E+00
L0     9000  0.1280000000E+03  -.3516352155E+06  0.9284171833E+05
L1 0.2999461475E+03  0.2999461475E+03  -.4444769338E+12  0.1000000000E+01
L2 0.1000000000E+01  0.1239095461E+03  0.9766563500E+02  0.1227771284E+03
L3 0.1485806952E+07  0.2729748391E+02  -.1927965131E+03  0.2946969744E+03
L4 0.4306598176E+02  0.1246801624E+05  0.1238336308E+05  0.1235024438E+05
L5 0.3720162370E+05  0.1217611120E+05  0.1444502828E+05  0.9198908872E+04
L6 0.3582004836E+05  -.4444769338E+06  0.4415090055E+05  -.5908023367E+06
L7 0.0000000000E+00  0.4745728837E+04  0.1324891325E+05  0.2028426285E+05
L8 0.5791611682E+04  0.5810398575E+05  0.0000000000E+00  0.0000000000E+00
L9 0.0000000000E+00  0.0000000000E+00  0.0000000000E+00  0.1035052026E+01  0.0000000000E+00
L0    10000  0.1300000000E+03  -.3520344367E+06  0.9272666619E+05
L1 0.2995744456E+03  0.2995744456E+03  -.4447611029E+12  0.1000000000E+01
L2 0.1000000000E+01  0.1238476578E+03  0.9761685457E+02  0.1227158057E+03
L3 0.1483604777E+07  -.2336544895E+03  -.1450793560E+03  -.1420935026E+02
L4 -.1309810653E+03  0.1234668010E+05  0.1248397684E+05  0.1257265384E+05
L5 0.3740331078E+05  0.1484155592E+05  0.1403308029E+05  0.1272437600E+05
L6 0.4159901221E+05  -.4447611029E+06  0.4397512960E+05  -.5908069519E+06
L7 0.0000000000E+00  0.4808623555E+04  0.1297770843E+05  0.2026152555E+05
L8 0.5810375072E+04  0.5821248674E+05  0.0000000000E+00  0.0000000000E+00
L9 0.0000000000E+00  0.0000000000E+00  0.0000000000E+00  0.1036588396E+01  0.0000000000E+00
L0    11000  0.1320000000E+03  -.3515914724E+06  0.9265777551E+05
L1 0.2993518787E+03  0.2993518787E+03  -.4442492479E+12  0.1000000000E+01
L2 0.1000000000E+01  0.1239187144E+03  0.9767286147E+02  0.1227862130E+03
L3 0.1486144126E+07  0.4266845418E+02  0.7076965532E+02  -.1502492422E+03
L4 -.1227037756E+02  0.1242732497E+05  0.1241426665E+05  0.1245713043E+05
L5 0.3729872205E+05  0.1197094727E+05  0.1165732119E+05  0.1406418194E+05
L6 0.3769245041E+05  -.4442492479E+06  0.4404075213E+05  -.5904598612E+06
L7 0.0000000000E+00  0.4750421222E+04  0.1308901422E+05  0.2041315798E+05
L8 0.5687405890E+04  0.5822986181E+05  0.0000000000E+00  0.0000000000E+00
L9 0.0000000000E+00  0.0000000000E+00  0.0000000000E+00  0.1034817196E+01  0.0000000000E+00
L0    12000  0.1340000000E+03  -.3524661881E+06  0.9243218427E+05
L1 0.2986230552E+03  0.2986230552E+03  -.4448983724E+12  0.1000000000E+01
L2 0.1000000000E+01  0.1238657201E+03  0.9763109136E+02  0.1227337030E+03
L3 0.1484228442E+07  0.1063091131E+03  -.4042069121E+01  0.8380789927E+02
L4 0.6202498108E+02  0.1242506313E+05  0.1248179320E+05  0.1236486211E+05
L5 0.3727171845E+05  0.1128945675E+05  0.1252497106E+05  0.1146961633E+05
L6 0.3528404414E+05  -.4448983724E+06  0.4408311067E+05  -.5910473455E+06
L7 0.0000000000E+00  0.4659796208E+04  0.1291804649E+05  0.2036980930E+05
L8 0.5827240211E+04  0.5829097023E+05  0.0000000000E+00  0.0000000000E+00
L9 0.0000000000E+00  0.0000000000E+00  0.0000000000E+00  0.1036152827E+01  0.0000000000E+00
L0    13000  0.1360000000E+03  -.3521145804E+06  0.9283930814E+05
L1 0.2999383608E+03  0.2999383608E+03  -.4449538886E+12  0.1000000000E+01
L2 0.1000000000E+01  0.1238678376E+03  0.9763276032E+02  0.1227358011E+03
L3 0.1484309510E+07  0.1180202018E+03  -.4211196725E+02  -.2006800325E+01
L4 0.2463381140E+02  0.1249885280E+05  0.1243493307E+05  0.1240998773E+05
L5 0.3734377360E+05  0.1123807834E+05  0.1288480260E+05  0.1243142578E+05
L6 0.3655430672E+05  -.4449538886E+06  0.4413440224E+05  -.5913045676E+06
L7 0.0000000000E+00  0.4921890641E+04  0.1278103158E+05  0.2032718427E+05
L8 0.5773406725E+04  0.5841276359E+05  0.0000000000E+00  0.0000000000E+00
L9 0.0000000000E+00  0.0000000000E+00  0.0000000000E+00  0.1036096236E+01  0.0000000000E+00
L0    14000  0.1380000000E+03  -.3517276957E+06  0.9260786001E+05
L1 0.2991906154E+03  0.2991906154E+03  -.4443355558E+12  0.1000000000E+01
L2 0.1000000000E+01  0.1239189318E+03  0.9767303283E+02  0.1227864284E+03
L3 0.1486141497E+07  -.7517488206E+02  -.1098652395E+02  0.2858543002E+03
L4 0.6656429805E+02  0.1240700250E+05  0.1240875911E+05  0.1257403887E+05
L5 0.3738980048E+05  0.1321106442E+05  0.1252626971E+05  0.9516574036E+04
L6 0.3525390817E+05  -.4443355558E+06  0.4474985605E+05  -.5912697355E+06
L7 0.0000000000E+00  0.4848684951E+04  0.1304845003E+05  0.2034735600E+05
L8 0.5766274752E+04  0.5817355795E+05  0.0000000000E+00  0.0000000000E+00
L9 0.0000000000E+00  0.0000000000E+00  0.0000000000E+00  0.1034819026E+01  0.0000000000E+00
L0    15000  0.1400000000E+03  -.3519140010E+06  0.9286615056E+05
L1 0.3000250814E+03  0.3000250814E+03  -.4447801516E+12  0.1000000000E+01
L2 0.1000000000E+01  0.1238850427E+03  0.9764632140E+02  0.1227528490E+03
L3 0.1484923804E+07  0.2944813818E+03  -.3275730324E+02  -.9043993067E+02
L4 0.5709471595E+02  0.1245016410E+05  0.1242327546E+05  0.1244101398E+05
L5 0.3731445355E+05  0.9303005779E+04  0.1277335675E+05  0.1340755651E+05
L6 0.3548391904E+05  -.4447801516E+06  0.4395147981E+05  -.5908908444E+06
L7 0.0000000000E+00  0.4741844236E+04  0.1302095306E+05  0.2029974464E+05
L8 0.5795149804E+04  0.5830152128E+05  0.0000000000E+00  0.0000000000E+00
L9 0.0000000000E+00  0.0000000000E+00  0.0000000000E+00  0.1035667617E+01  0.0000000000E+00
L0    16000  0.1420000000E+03  -.3517011097E+06  0.9275588107E+05
L1 0.2996688309E+03  0.2996688309E+03  -.4444569908E+12  0.1000000000E+01
L2 0.1000000000E+01  0.1238898797E+03  0.9765013395E+02  0.1227576418E+03
L3 0.1485106153E+07  0.1767971633E+02  -.9306558165E+01  -.2751516575E+02
L4 -.6380669196E+01  0.1248535067E+05  0.1239388886E+05  0.1233816601E+05
L5 0.3721740554E+05  0.1229638219E+05  0.1249336140E+05  0.1263226004E+05
L6 0.3742200362E+05  -.4444569908E+06  0.4361887198E+05  -.5903071412E+06
L7 0.0000000000E+00  0.4808140881E+04  0.1319137558E+05  0.2031294490E+05
L8 0.5767207963E+04  0.5815160907E+05  0.0000000000E+00  0.0000000000E+00
L9 0.0000000000E+00  0.0000000000E+00  0.0000000000E+00  0.1035540452E+01  0.0000000000E+00
L0    17000  0.1440000000E+03  -.3519630451E+06  0.9275925707E+05
L1 0.2996797378E+03  0.2996797378E+03  -.4447223021E+12  0.1000000000E+01
L2 0.1000000000E+01  0.1238687596E+03  0.9763348705E+02  0.1227367147E+03
L3 0.1484344994E+07  0.2469084281E+02  -.5707814963E+02  0.5331952029E+02
L4 0.6977404492E+01  0.1245220210E+05  0.1243192784E+05  0.1246406788E+05
L5 0.3734819781E+05  0.1218843092E+05  0.1304169119E+05  0.1189445780E+05
L6 0.3712457990E+05  -.4447223021E+06  0.4450269054E+05  -.5913940234E+06
L7 0.0000000000E+00  0.4801733490E+04  0.1297467783E+05  0.2035941608E+05
L8 0.5795498494E+04  0.5823770483E+05  0.0000000000E+00  0.0000000000E+00
L9 0.0000000000E+00  0.0000000000E+00  0.0000000000E+00  0.1036071468E+01  0.0000000000E+00
L0    18000  0.1460000000E+03  -.3513667368E+06  0.9300880378E+05
L1 0.3004859548E+03  0.3004859548E+03  -.4443755406E+12  0.1000000000E+01
L2 0.1000000000E+01  0.1238358515E+03  0.9760754889E+02  0.1227041074E+03
L3 0.1483169065E+07  0.2182406949E+03  -.2345496540E+02  -.3277954618E+03
L4 -.4433657745E+02  0.1251970083E+05  0.1242196281E+05  0.1252404286E+05
L5 0.3746570650E+05  0.1019009216E+05  0.1267233266E+05  0.1602309308E+05
L6 0.3888551790E+05  -.4443755406E+06  0.4418052584E+05  -.5907681086E+06
L7 0.0000000000E+00  0.4903631713E+04  0.1306000776E+05  0.2033258810E+05
L8 0.5795333837E+04  0.5812048081E+05  0.0000000000E+00  0.0000000000E+00
L9 0.0000000000E+00  0.0000000000E+00  0.0000000000E+00  0.1036892916E+01  0.0000000000E+00
L0    19000  0.1480000000E+03  -.3520786007E+06  0.9272008472E+05
L1 0.2995531827E+03  0.2995531827E+03  -.4447986854E+12  0.1000000000E+01
L2 0.1000000000E+01  0.1238560549E+03  0.9762347317E+02  0.1227241261E+03
L3 0.1483879386E+07  0.6434390981E+01  0.2304185461E+03  -.1363928903E+02
L4 0.7440454934E+02  0.1227851917E+05  0.1257670080E+05  0.1244086215E+05
L5 0.3729608212E+05  0.1220980242E+05  0.1011592179E+05  0.1258652437E+05
L6 0.3491224858E+05  -.4447986854E+06  0.4422350959E+05  -.5911309870E+06
L7 0.0000000000E+00  0.4764780323E+04  0.1301184531E+05  0.2034597124E+05
L8 0.5779923749E+04  0.5820627144E+05  0.0000000000E+00  0.0000000000E+00
L9 0.0000000000E+00  0.0000000000E+00  0.0000000000E+00  0.1036396564E+01  0.0000000000E+00
L0    20000  0.1500000000E+03  -.3518708522E+06  0.9256906996E+05
L1 0.2990652953E+03  0.2990652953E+03  -.4444399221E+12  0.1000000000E+01
L2 0.1000000000E+01  0.1238848271E+03  0.9764615151E+02  0.1227526354E+03
L3 0.1484905469E+07  0.1058322802E+03  0.7144719784E+02  0.2337173060E+03
L4 0.1369989280E+03  0.1244931248E+05  0.1225761274E+05  0.1249453984E+05
L5 0.3720146506E+05  0.1131828400E+05  0.1149405728E+05  0.9996805423E+04
L6 0.3280914670E+05  -.4444399221E+06  0.4444740534E+05  -.5909183831E+06
L7 0.0000000000E+00  0.4783405896E+04  0.1301977251E+05  0.2021226588E+05
L8 0.5830698098E+04  0.5818491323E+05  0.0000000000E+00  0.0000000000E+00
L9 0.0000000000E+00  0.0000000000E+00  0.0000000000E+00  0.1035680404E+01  0.0000000000E+00
L0    21000  0.1520000000E+03  -.3521128040E+06  0.9279388780E+05
L1 0.2997916202E+03  0.2997916202E+03  -.4449066918E+12  0.1000000000E+01
L2 0.1000000000E+01  0.1238487945E+03  0.9761775058E+02  0.1227169321E+03
L3 0.1483624776E+07  -.5705359095E+02  0.9488773699E+02  0.4198715135E+02
L4 0.2660709913E+02  0.1246924798E+05  0.1250097808E+05  0.1254139503E+05
L5 0.3751162109E+05  0.1307845324E+05  0.1148778843E+05  0.1209306579E+05
L6 0.3665930745E+05  -.4449066918E+06  0.4419139283E+05  -.5910557336E+06
L7 0.0000000000E+00  0.4745729782E+04  0.1293908618E+05  0.2033985398E+05
L8 0.5786612563E+04  0.5814636647E+05  0.0000000000E+00  0.0000000000E+00
L9 0.0000000000E+00  0.0000000000E+00  0.0000000000E+00  0.1036574423E+01  0.0000000000E+00
L0    22000  0.1540000000E+03  -.3519276616E+06  0.9324928457E+05
L1 0.3012628823E+03  0.3012628823E+03  -.4451769462E+12  0.1000000000E+01
L2 0.1000000000E+01  0.1238341113E+03  0.9760617726E+02  0.1227023831E+03
L3 0.1483107470E+07  -.3893566266E+02  -.1110502840E+03  -.4142255439E+01
L4 -.5137606737E+02  0.1249637836E+05  0.1258366593E+05  0.1253282258E+05
L5 0.3761286687E+05  0.1291197954E+05  0.1376902214E+05  0.1257703722E+05
L6 0.3925803889E+05  -.4451769462E+06  0.4420160847E+05  -.5913758138E+06
L7 0.0000000000E+00  0.4793785575E+04  0.1300658596E+05  0.2033150361E+05
L8 0.5752536244E+04  0.5811284773E+05  0.0000000000E+00  0.0000000000E+00
L9 0.0000000000E+00  0.0000000000E+00  0.0000000000E+00  0.1036935979E+01  0.0000000000E+00
L0    23000  0.1560000000E+03  -.3513015951E+06  0.9262961829E+05
L1 0.2992609104E+03  0.2992609104E+03  -.4439312134E+12  0.1000000000E+01
L2 0.1000000000E+01  0.1238674315E+03  0.9763244024E+02  0.1227353987E+03
L3 0.1484288970E+07  0.2584395310E+03  0.1774297465E+03  -.2273240577E+03
L4 0.6951507324E+02  0.1266875386E+05  0.1245796558E+05  0.1232470684E+05
L5 0.3745142628E+05  0.9907959979E+04  0.1056256298E+05  0.1475310804E+05
L6 0.3522363100E+05  -.4439312134E+06  0.4408909049E+05  -.5903330438E+06
L7 0.0000000000E+00  0.4826526135E+04  0.1314976726E+05  0.2032129544E+05
L8 0.5779547502E+04  0.5823560359E+05  0.0000000000E+00  0.0000000000E+00
L9 0.0000000000E+00  0.0000000000E+00  0.0000000000E+00  0.1036110574E+01  0.0000000000E+00
L0    24000  0.1580000000E+03  -.3515052197E+06  0.9297381060E+05
L1 0.3003729014E+03  0.3003729014E+03  -.4444790303E+12  0.1000000000E+01
L2 0.1000000000E+01  0.1238523963E+03  0.9762058950E+02  0.1227205010E+03
L3 0.1483754974E+07  -.1220520857E+03  0.1514870002E+03  0.3328361589E+02
L4 0.2090617680E+02  0.1244397372E+05  0.1256220090E+05  0.1262656020E+05
L5 0.3763273482E+05  0.1374733248E+05  0.1094451524E+05  0.1227113414E+05
L6 0.3696298186E+05  -.4444790303E+06  0.4417989063E+05  -.5910939215E+06
L7 0.0000000000E+00  0.4812611507E+04  0.1329210114E+05  0.2038442058E+05
L8 0.5736154012E+04  0.5820971337E+05  0.0000000000E+00  0.0000000000E+00
L9 0.0000000000E+00  0.0000000000E+00  0.0000000000E+00  0.1036483465E+01  0.0000000000E+00
L0    25000  0.1600000000E+03  -.3514230399E+06  0.9273019880E+05
L1 0.2995858585E+03  0.2995858585E+03  -.4441532387E+12  0.1000000000E+01
L2 0.1000000000E+01  0.1238876458E+03  0.9764837319E+02  0.1227554283E+03
L3 0.1485026379E+07  -.1317285855E+03  0.3473378275E+02  0.6516934084E+02
L4 -.1060848730E+02  0.1236954479E+05  0.1246264991E+05  0.1248253464E+05
L5 0.3731472934E+05  0.1377744144E+05  0.1209142011E+05  0.1178601386E+05
L6 0.3765487541E+05  -.4441532387E+06  0.4431406995E+05  -.5908373252E+06
L7 0.0000000000E+00  0.4796119082E+04  0.1311976144E+05  0.2038322827E+05
L8 0.5822552126E+04  0.5824835572E+05  0.0000000000E+00  0.0000000000E+00
L9 0.0000000000E+00  0.0000000000E+00  0.0000000000E+00  0.1035596080E+01  0.0000000000E+00
L0    26000  0.1620000000E+03  -.3519953410E+06  0.9257128223E+05
L1 0.2990724426E+03  0.2990724426E+03  -.4445666232E+12  0.1000000000E+01
L2 0.1000000000E+01  0.1239140036E+03  0.9766914843E+02  0.1227815452E+03
L3 0.1485961432E+07  0.1564505130E+03  0.3580997775E+02  0.6996615149E+02
L4 0.8740888074E+02  0.1237387268E+05  0.1255903152E+05  0.1233351650E+05
L5 0.3726642070E+05  0.1070069868E+05  0.1217605850E+05  0.1158525724E+05
L6 0.3446201442E+05  -.4445666232E+06  0.4428586151E+05  -.5909511252E+06
L7 0.0000000000E+00  0.4765404526E+04  0.1302509407E+05  0.2027067796E+05
L8 0.5786255922E+04  0.5825120803E+05  0.0000000000E+00  0.0000000000E+00
L9 0.0000000000E+00  0.0000000000E+00  0.0000000000E+00  0.1034944423E+01  0.0000000000E+00
L0    27000  0.1640000000E+03  -.3519485048E+06  0.9286441292E+05
L1 0.3000194675E+03  0.3000194675E+03  -.4448129177E+12  0.1000000000E+01
L2 0.1000000000E+01  0.1238636904E+03  0.9762949152E+02  0.1227316919E+03
L3 0.1484154723E+07  -.1446538688E+03  0.1772042162E+03  0.1706434276E+03
L4 0.6773125833E+02  0.1248764810E+05  0.1250538069E+05  0.1246398468E+05
L5 0.3745701347E+05  0.1403278090E+05  0.1061255854E+05  0.1064124216E+05
L6 0.3528658160E+05  -.4448129177E+06  0.4397211754E+05  -.5907138207E+06
L7 0.0000000000E+00  0.4750063861E+04  0.1296348417E+05  0.2030203714E+05
L8 0.5802158829E+04  0.5811104142E+05  0.0000000000E+00  0.0000000000E+00
L9 0.0000000000E+00  0.0000000000E+00  0.0000000000E+00  0.1036204294E+01  0.0000000000E+00
L0    28000  0.1660000000E+03  -.3519283312E+06  0.9254649994E+05
L1 0.2989923778E+03  0.2989923778E+03  -.4444748312E+12  0.1000000000E+01
L2 0.1000000000E+01  0.1238478063E+03  0.9761697166E+02  0.1227159529E+03
L3 0.1483573496E+07  -.3229996223E+02  0.3375655882E+03  0.1319632133E+03
L4 0.1457429465E+03  0.1253189525E+05  0.1239315158E+05  0.1259526763E+05
L5 0.3752031446E+05  0.1287677497E+05  0.8788827663E+04  0.1118624318E+05
L6 0.3285184582E+05  -.4444748312E+06  0.4469947127E+05  -.5914713440E+06
L7 0.0000000000E+00  0.4805450790E+04  0.1316362504E+05  0.2026109257E+05
L8 0.5827061411E+04  0.5823981176E+05  0.0000000000E+00  0.0000000000E+00
L9 0.0000000000E+00  0.0000000000E+00  0.0000000000E+00  0.1036610253E+01  0.0000000000E+00
L0    29000  0.1680000000E+03  -.3517542285E+06  0.9311470171E+05
L1 0.3008280820E+03  0.3008280820E+03  -.4448689302E+12  0.1000000000E+01
L2 0.1000000000E+01  0.1238187379E+03  0.9759405990E+02  0.1226871502E+03
L3 0.1482566348E+07  -.4462350499E+03  -.1689554155E+02  0.5555142075E+02
L4 -.1358597236E+03  0.1242857714E+05  0.1255490772E+05  0.1238851930E+05
L5 0.3737200416E+05  0.1718997418E+05  0.1273518577E+05  0.1179577704E+05
L6 0.4172093698E+05  -.4448689302E+06  0.4388028791E+05  -.5908704380E+06
L7 0.0000000000E+00  0.4789264795E+04  0.1308182061E+05  0.2029263344E+05
L8 0.5818111913E+04  0.5813938921E+05  0.0000000000E+00  0.0000000000E+00
L9 0.0000000000E+00  0.0000000000E+00  0.0000000000E+00  0.1037314450E+01  0.0000000000E+00
L0    30000  0.1700000000E+03  -.3517138446E+06  0.9291942662E+05
L1 0.3001972017E+03  0.3001972017E+03  -.4446332712E+12  0.1000000000E+01
L2 0.1000000000E+01  0.1238296331E+03  0.9760264753E+02  0.1226979458E+03
L3 0.1482951523E+07  -.1464799026E+02  -.1877485727E+03  -.6393939338E+02
L4 -.8877865212E+02  0.1239601897E+05  0.1263961218E+05  0.1239584731E+05
L5 0.3743147846E+05  0.1255235590E+05  0.1464343897E+05  0.1307826778E+05
L6 0.4027406265E+05  -.4446332712E+06  0.4379348467E+05  -.5906259031E+06
L7 0.0000000000E+00  0.4742462149E+04  0.1298629220E+05  0.2027959612E+05
L8 0.5829936835E+04  0.5836085992E+05  0.0000000000E+00  0.0000000000E+00
L9 0.0000000000E+00  0.0000000000E+00  0.0000000000E+00  0.1037045023E+01  0.0000000000E+00
L0    31000  0.1720000000E+03  -.3520574428E+06  0.9273962444E+05
L1 0.2996163101E+03  0.2996163101E+03  -.4447970673E+12  0.1000000000E+01
L2 0.1000000000E+01  0.1237961224E+03  0.9757623432E+02  0.1226647413E+03
L3 0.1481753357E+07  -.7286888916E+02  -.1626445324E+03  -.1546608490E+03
L4 -.1300580902E+03  0.1266051955E+05  0.1240772449E+05  0.1237823139E+05
L5 0.3744647544E+05  0.1343761551E+05  0.1414221516E+05  0.1402758164E+05
L6 0.4160741231E+05  -.4447970673E+06  0.4362497583E+05  -.5904350588E+06
L7 0.0000000000E+00  0.4835555244E+04  0.1306486228E+05  0.2028245218E+05
L8 0.5733849894E+04  0.5809629610E+05  0.0000000000E+00  0.0000000000E+00
L9 0.0000000000E+00  0.0000000000E+00  0.0000000000E+00  0.1037883592E+01  0.0000000000E+00
L0    32000  0.1740000000E+03  -.3516878435E+06  0.9299461975E+05
L1 0.3004401301E+03  0.3004401301E+03  -.4446824633E+12  0.1000000000E+01
L2 0.1000000000E+01  0.1238369703E+03  0.9760843071E+02  0.1227052159E+03
L3 0.1483198792E+07  0.6442451543E+02  0.1198874380E+03  -.7987480285E+02
L4 0.3481238353E+02  0.1258151391E+05  0.1245528622E+05  0.1243817748E+05
L5 0.3747497760E+05  0.1189380111E+05  0.1117552300E+05  0.1329081756E+05
L6 0.3636014167E+05  -.4446824633E+06  0.4412678164E+05  -.5908616308E+06
L7 0.0000000000E+00  0.4793343742E+04  0.1286461259E+05  0.2027354866E+05
L8 0.5797141904E+04  0.5832373899E+05  0.0000000000E+00  0.0000000000E+00
L9 0.0000000000E+00  0.0000000000E+00  0.0000000000E+00  0.1036872134E+01  0.0000000000E+00
L0    33000  0.1760000000E+03  -.3519564098E+06  0.9281129491E+05
L1 0.2998478578E+03  0.2998478578E+03  -.4447677047E+12  0.1000000000E+01
L2 0.1000000000E+01  0.1238633430E+03  0.9762921773E+02  0.1227313477E+03
L3 0.1484156035E+07  -.2329096203E+03  0.1916367033E+02  0.1042561686E+03
L4 -.3649659379E+02  0.1246651478E+05  0.1238475861E+05  0.1245822942E+05
L5 0.3730950281E+05  0.1495436121E+05  0.1218006003E+05  0.1134460716E+05
L6 0.3847902840E+05  -.4447677047E+06  0.4401860547E+05  -.5907171509E+06
L7 0.0000000000E+00  0.4734225285E+04  0.1292358582E+05  0.2033027603E+05
L8 0.5774937021E+04  0.5816781657E+05  0.0000000000E+00  0.0000000000E+00
L9 0.0000000000E+00  0.0000000000E+00  0.0000000000E+00  0.1036203378E+01  0.0000000000E+00
L0    34000  0.1780000000E+03  -.3519018366E+06  0.9280243318E+05
L1 0.2998192280E+03  0.2998192280E+03  -.4447042698E+12  0.1000000000E+01
L2 0.1000000000E+01  0.1238717173E+03  0.9763581833E+02  0.1227396454E+03
L3 0.1484481906E+07  -.2868471993E+03  -.1612977251E+02  -.3689298576E+03
L4 -.2239689431E+03  0.1237588519E+05  0.1253880094E+05  0.1247186335E+05
L5 0.3738654948E+05  0.1544054380E+05  0.1271113048E+05  0.1641348825E+05
L6 0.4456516253E+05  -.4447042698E+06  0.4441578844E+05  -.5912944867E+06
L7 0.0000000000E+00  0.4763767501E+04  0.1310092110E+05  0.2031536974E+05
L8 0.5789658245E+04  0.5820471192E+05  0.0000000000E+00  0.0000000000E+00
L9 0.0000000000E+00  0.0000000000E+00  0.0000000000E+00  0.1035975912E+01  0.0000000000E+00
L0    35000  0.1800000000E+03  -.3517999054E+06  0.9326231625E+05
L1 0.3013049841E+03  0.3013049841E+03  -.4450622217E+12  0.1000000000E+01
L2 0.1000000000E+01  0.1238721738E+03  0.9763617812E+02  0.1227400977E+03
L3 0.1484470803E+07  0.2403242372E+02  0.1929979935E+03  -.2655811865E+03
L4 -.1618358976E+02  0.1257930536E+05  0.1257089125E+05  0.1239349811E+05
L5 0.3754369472E+05  0.1232254628E+05  0.1050892746E+05  0.1523093066E+05
L6 0.3806240440E+05  -.4450622217E+06  0.4417949663E+05  -.5912144317E+06
L7 0.0000000000E+00  0.4791783274E+04  0.1309013810E+05  0.2025478550E+05
L8 0.5749844995E+04  0.5808616152E+05  0.0000000000E+00  0.0000000000E+00
L9 0.0000000000E+00  0.0000000000E+00  0.0000000000E+00  0.1035983661E+01  0.0000000000E+00
L0    36000  0.1820000000E+03  -.3512639896E+06  0.9325211783E+05
L1 0.3012720358E+03  0.3012720358E+03  -.4445161074E+12  0.1000000000E+01
L2 0.1000000000E+01  0.1238746197E+03  0.9763810601E+02  0.1227425213E+03
L3 0.1484543813E+07  0.2867005128E+02  -.1617372421E+02  0.2771405158E+03
L4 0.9654561429E+02  0.1260348095E+05  0.1251541956E+05  0.1246632968E+05
L5 0.3758523019E+05  0.1229715904E+05  0.1268822588E+05  0.9505253233E+04
L6 0.3449063815E+05  -.4445161074E+06  0.4499329249E+05  -.5914492077E+06
L7 0.0000000000E+00  0.4764107231E+04  0.1310588141E+05  0.2027175455E+05
L8 0.5743431121E+04  0.5805463355E+05  0.0000000000E+00  0.0000000000E+00
L9 0.0000000000E+00  0.0000000000E+00  0.0000000000E+00  0.1035932711E+01  0.0000000000E+00
L0    37000  0.1840000000E+03  -.3512052614E+06  0.9330146214E+05
L1 0.3014314538E+03  0.3014314538E+03  -.4445067236E+12  0.1000000000E+01
L2 0.1000000000E+01  0.1238710073E+03  0.9763525872E+02  0.1227389419E+03
L3 0.1484405202E+07  0.8085610516E+02  0.1044911921E+03  0.3022790747E+03
L4 0.1625421240E+03  0.1256885727E+05  0.1269486295E+05  0.1248510118E+05
L5 0.3774882139E+05  0.1170504003E+05  0.1157854288E+05  0.9255736195E+04
L6 0.3253931911E+05  -.4445067236E+06  0.4495976281E+05  -.5917812358E+06
L7 0.0000000000E+00  0.4822988673E+04  0.1313962399E+05  0.2032198697E+05
L8 0.5756997891E+04  0.5827315191E+05  0.0000000000E+00  0.0000000000E+00
L9 0.0000000000E+00  0.0000000000E+00  0.0000000000E+00  0.1036029444E+01  0.0000000000E+00
L0    38000  0.1860000000E+03  -.3521702731E+06  0.9289286970E+05
L1 0.3001114036E+03  0.3001114036E+03  -.4450631428E+12  0.1000000000E+01
L2 0.1000000000E+01  0.1238691954E+03  0.9763383058E+02  0.1227371466E+03
L3 0.1484377776E+07  -.2558559382E+03  -.4921148493E+02  -.6175550301E+02
L4 -.1222743087E+03  0.1252094621E+05  0.1249328638E+05  0.1240325248E+05
L5 0.3741748507E+05  0.1525430426E+05  0.1301902211E+05  0.1306299836E+05
L6 0.4133632473E+05  -.4450631428E+06  0.4394240831E+05  -.5912285225E+06
L7 0.0000000000E+00  0.4780372703E+04  0.1297926389E+05  0.2038725466E+05
L8 0.5798883184E+04  0.5827719693E+05  0.0000000000E+00  0.0000000000E+00
L9 0.0000000000E+00  0.0000000000E+00  0.0000000000E+00  0.1036048587E+01  0.0000000000E+00
L0    39000  0.1880000000E+03  -.3522614519E+06  0.9256626015E+05
L1 0.2990562176E+03  0.2990562176E+03  -.4448277121E+12  0.1000000000E+01
L2 0.1000000000E+01  0.1238684266E+03  0.9763322461E+02  0.1227363848E+03
L3 0.1484336468E+07  0.1829963455E+03  -.1069186102E+02  -.2294001958E+03
L4 -.1903190377E+02  0.1253742687E+05  0.1245413236E+05  0.1227505986E+05
L5 0.3726661909E+05  0.1058249622E+05  0.1256835239E+05  0.1472571794E+05
L6 0.3787656655E+05  -.4448277121E+06  0.4450009573E+05  -.5915234886E+06
L7 0.0000000000E+00  0.4786086368E+04  0.1313182815E+05  0.2028111871E+05
L8 0.5815405091E+04  0.5818124243E+05  0.0000000000E+00  0.0000000000E+00
L9 0.0000000000E+00  0.0000000000E+00  0.0000000000E+00  0.1036077419E+01  0.0000000000E+00
L0    40000  0.1900000000E+03  -.3520084574E+06  0.9267005546E+05
L1 0.2993915518E+03  0.2993915518E+03  -.4446785128E+12  0.1000000000E+01
L2 0.1000000000E+01  0.1238765930E+03  0.9763966140E+02  0.1227444766E+03
L3 0.1484615466E+07  0.1484999095E+03  0.2316363796E+03  -.1064937458E+03
L4 0.9121418111E+02  0.1242305655E+05  0.1252068703E+05  0.1247971585E+05
L5 0.3742345942E+05  0.1083634950E+05  0.1004567492E+05  0.1361759113E+05
L6 0.3449961555E+05  -.4446785128E+06  0.4447474815E+05  -.5911021189E+06
L7 0.0000000000E+00  0.4740146401E+04  0.1306297370E+05  0.2027548713E+05
L8 0.5738951922E+04  0.5813129873E+05  0.0000000000E+00  0.0000000000E+00
L9 0.0000000000E+00  0.0000000000E+00  0.0000000000E+00  0.1035882713E+01  0.0000000000E+00
L0    41000  0.1920000000E+03  -.3523748173E+06  0.9258486383E+05
L1 0.2991163210E+03  0.2991163210E+03  -.4449596811E+12  0.1000000000E+01
L2 0.1000000000E+01  0.1238492232E+03  0.9761808842E+02  0.1227173568E+03
L3 0.1483645311E+07  -.2023841700E+03  -.1016713684E+03  0.2675640243E+03
L4 -.1216383803E+02  0.1255497777E+05  0.1255414674E+05  0.1224654581E+05
L5 0.3735567033E+05  0.1471601978E+05  0.1363978549E+05  0.9389518531E+04
L6 0.3774532380E+05  -.4449596811E+06  0.4431499268E+05  -.5912033183E+06
L7 0.0000000000E+00  0.4820398385E+04  0.1300564271E+05  0.2028122770E+05
L8 0.5745057132E+04  0.5807631853E+05  0.0000000000E+00  0.0000000000E+00
L9 0.0000000000E+00  0.0000000000E+00  0.0000000000E+00  0.1036560076E+01  0.0000000000E+00
L0    42000  0.1940000000E+03  -.3518741256E+06  0.9276708063E+05
L1 0.2997050136E+03  0.2997050136E+03  -.4446412062E+12  0.1000000000E+01
L2 0.1000000000E+01  0.1238453509E+03  0.9761503630E+02  0.1227135199E+03
L3 0.1483501475E+07  -.4535930378E+02  0.7227073574E+02  0.4264390569E+02
L4 0.2318511255E+02  0.1239081475E+05  0.1246769582E+05  0.1250053817E+05
L5 0.3735904874E+05  0.1287511082E+05  0.1169606949E+05  0.1204523409E+05
L6 0.3661641440E+05  -.4446412062E+06  0.4433653714E+05  -.5912280345E+06
L7 0.0000000000E+00  0.4914733631E+04  0.1311003771E+05  0.2029412451E+05
L8 0.5773247956E+04  0.5815814731E+05  0.0000000000E+00  0.0000000000E+00
L9 0.0000000000E+00  0.0000000000E+00  0.0000000000E+00  0.1036660578E+01  0.0000000000E+00
L0    43000  0.1960000000E+03  -.3524054615E+06  0.9264546168E+05
L1 0.2993120961E+03  0.2993120961E+03  -.4450509232E+12  0.1000000000E+01
L2 0.1000000000E+01  0.1238357709E+03  0.9760748535E+02  0.1227040275E+03
L3 0.1483154307E+07  -.1095220559E+02  0.1567055587E+03  -.9790690871E+01
L4 0.4532088740E+02  0.1242020937E+05  0.1261580449E+05  0.1249720134E+05
L5 0.3753321520E+05  0.1253711744E+05  0.1094306882E+05  0.1260171095E+05
L6 0.3608189721E+05  -.4450509232E+06  0.4423512803E+05  -.5915296511E+06
L7 0.0000000000E+00  0.4846206828E+04  0.1317236416E+05  0.2023493411E+05
L8 0.5780023610E+04  0.5821007118E+05  0.0000000000E+00  0.0000000000E+00
L9 0.0000000000E+00  0.0000000000E+00  0.0000000000E+00  0.1036903234E+01  0.0000000000E+00
L0    44000  0.1980000000E+03  -.3519786101E+06  0.9307676053E+05
L1 0.3007055044E+03  0.3007055044E+03  -.4450553707E+12  0.1000000000E+01
L2 0.1000000000E+01  0.1238189054E+03  0.9759419196E+02  0.1226873162E+03
L3 0.1482565585E+07  0.7862454626E+02  -.1212685192E+03  -.2110965006E+03
L4 -.8458015783E+02  0.1248011043E+05  0.1255341498E+05  0.1242991587E+05
L5 0.3746344127E+05  0.1164117478E+05  0.1384736818E+05  0.1468234704E+05
L6 0.4017088999E+05  -.4450553707E+06  0.4433835880E+05  -.5914397689E+06
L7 0.0000000000E+00  0.4853741561E+04  0.1301522527E+05  0.2023235209E+05
L8 0.5731012339E+04  0.5821370812E+05  0.0000000000E+00  0.0000000000E+00
L9 0.0000000000E+00  0.0000000000E+00  0.0000000000E+00  0.1037314984E+01  0.0000000000E+00
L0    45000  0.2000000000E+03  -.3519611786E+06  0.9289918123E+05
L1 0.3001317944E+03  0.3001317944E+03  -.4448603598E+12  0.1000000000E+01
L2 0.1000000000E+01  0.1238487462E+03  0.9761771251E+02  0.1227168843E+03
L3 0.1483627812E+07  0.1018323169E+03  -.5440158513E+02  -.7578106353E+02
L4 -.9450110585E+01  0.1263347401E+05  0.1242066591E+05  0.1230975008E+05
L5 0.3736389000E+05  0.1154612949E+05  0.1300155484E+05  0.1311892469E+05
L6 0.3766660901E+05  -.4448603598E+06  0.4390562515E+05  -.5908412628E+06
L7 0.0000000000E+00  0.4716306010E+04  0.1306761961E+05  0.2028244604E+05
L8 0.5773478970E+04  0.5823542718E+05  0.0000000000E+00  0.0000000000E+00
L9 0.0000000000E+00  0.0000000000E+00  0.0000000000E+00  0.1036572302E+01  0.0000000000E+00
L0    46000  0.2020000000E+03  -.3521399847E+06  0.9272295364E+05
L1 0.2995624513E+03  0.2995624513E+03  -.4448629384E+12  0.1000000000E+01
L2 0.1000000000E+01  0.1238341057E+03  0.9760617280E+02  0.1227023775E+03
L3 0.1483110607E+07  -.2131291550E+03  0.1586613189E+02  -.3259941754E+02
L4 -.7662081355E+02  0.1249766485E+05  0.1251388898E+05  0.1251158548E+05
L5 0.3752313931E+05  0.1477262075E+05  0.1234453275E+05  0.1285955401E+05
L6 0.3997670751E+05  -.4448629384E+06  0.4360313942E+05  -.5905335682E+06
L7 0.0000000000E+00  0.4822019417E+04  0.1304001225E+05  0.2021975935E+05
L8 0.5765912235E+04  0.5821978719E+05  0.0000000000E+00  0.0000000000E+00
L9 0.0000000000E+00  0.0000000000E+00  0.0000000000E+00  0.1036933786E+01  0.0000000000E+00
L0    47000  0.2040000000E+03  -.3516047270E+06  0.9308668527E+05
L1 0.3007375686E+03  0.3007375686E+03  -.4446914123E+12  0.1000000000E+01
L2 0.1000000000E+01  0.1238319935E+03  0.9760450798E+02  0.1227002846E+03
L3 0.1483014856E+07  0.2146625589E+03  -.5527444042E+00  0.6470496037E+01
L4 0.7352677018E+02  0.1252648003E+05  0.1245730828E+05  0.1259312842E+05
L5 0.3757691672E+05  0.1023530438E+05  0.1246320793E+05  0.1252406634E+05
L6 0.3522257865E+05  -.4446914123E+06  0.4445089130E+05  -.5913885222E+06
L7 0.0000000000E+00  0.4817074686E+04  0.1311356625E+05  0.2030681608E+05
L8 0.5805039109E+04  0.5820372258E+05  0.0000000000E+00  0.0000000000E+00
L9 0.0000000000E+00  0.0000000000E+00  0.0000000000E+00  0.1037000736E+01  0.0000000000E+00
L0    48000  0.2060000000E+03  -.3524372807E+06  0.9274981991E+05
L1 0.2996492489E+03  0.2996492489E+03  -.4451871006E+12  0.1000000000E+01
L2 0.1000000000E+01  0.1238813448E+03  0.9764340671E+02  0.1227491849E+03
L3 0.1484791751E+07  -.1156451922E+03  0.2014916073E+03  0.6468257447E+02
L4 0.5017632984E+02  0.1264149018E+05  0.1235778411E+05  0.1237114954E+05
L5 0.3737042383E+05  0.1387729450E+05  0.1020461031E+05  0.1167994048E+05
L6 0.3576184529E+05  -.4451871006E+06  0.4470650179E+05  -.5919815435E+06
L7 0.0000000000E+00  0.4751745932E+04  0.1295003057E+05  0.2018791627E+05
L8 0.5805010893E+04  0.5839323752E+05  0.0000000000E+00  0.0000000000E+00
L9 0.0000000000E+00  0.0000000000E+00  0.0000000000E+00  0.1035759725E+01  0.0000000000E+00
L0    49000  0.2080000000E+03  -.3519299210E+06  0.9303451616E+05
L1 0.3005690244E+03  0.3005690244E+03  -.4449644372E+12  0.1000000000E+01
L2 0.1000000000E+01  0.1238570729E+03  0.9762427561E+02  0.1227251348E+03
L3 0.1483918918E+07  0.1475627395E+02  -.1256609177E+02  0.1543798218E+03
L4 0.5219000132E+02  0.1245965422E+05  0.1247708017E+05  0.1260939285E+05
L5 0.3754612724E+05  0.1230205884E+05  0.1261128464E+05  0.1096063344E+05
L6 0.3587397693E+05  -.4449644372E+06  0.4387157098E+05  -.5908509614E+06
L7 0.0000000000E+00  0.4885887803E+04  0.1284393413E+05  0.2026985384E+05
L8 0.5804751076E+04  0.5821052635E+05  0.0000000000E+00  0.0000000000E+00
L9 0.0000000000E+00  0.0000000000E+00  0.0000000000E+00  0.1036368954E+01  0.0000000000E+00
L0    50000  0.2100000000E+03  -.3514701925E+06  0.9296884232E+05
L1 0.3003568503E+03  0.3003568503E+03  -.4444390348E+12  0.1000000000E+01
L2 0.1000000000E+01  0.1238564354E+03  0.9762377313E+02  0.1227245032E+03
L3 0.1483890016E+07  0.5471668850E+03  -.1926167636E+03  -.6225684974E+02
L4 0.9743109055E+02  0.1250629101E+05  0.1256666011E+05  0.1247318195E+05
L5 0.3754613307E+05  0.6662723058E+04  0.1462374576E+05  0.1313806526E+05
L6 0.3442453408E+05  -.4444390348E+06  0.4440772382E+05  -.5909989100E+06
L7 0.0000000000E+00  0.4722478470E+04  0.1313445289E+05  0.2028134580E+05
L8 0.5774268710E+04  0.5823960554E+05  0.0000000000E+00  0.0000000000E+00
L9 0.0000000000E+00  0.0000000000E+00  0.0000000000E+00  0.1036389139E+01  0.0000000000E+00
L0    51000  0.2120000000E+03  -.3522427194E+06  0.9283688717E+05
L1 0.2999305393E+03  0.2999305393E+03  -.4450796066E+12  0.1000000000E+01
L2 0.1000000000E+01  0.1238394228E+03  0.9761036379E+02  0.1227076461E+03
L3 0.1483276537E+07  0.6197277065E+03  0.5056079206E+02  -.3305154613E+03
L4 0.1132576791E+03  0.1230180542E+05  0.1251242485E+05  0.1257011057E+05
L5 0.3738434084E+05  0.5686047285E+04  0.1197267494E+05  0.1609845105E+05
L6 0.3375717327E+05  -.4450796066E+06  0.4400422114E+05  -.5912666624E+06
L7 0.0000000000E+00  0.4873721385E+04  0.1308190625E+05  0.2029143683E+05
L8 0.5760412071E+04  0.5817535811E+05  0.0000000000E+00  0.0000000000E+00
L9 0.0000000000E+00  0.0000000000E+00  0.0000000000E+00  0.1036817787E+01  0.0000000000E+00
L0    52000  0.2140000000E+03  -.3529139257E+06  0.9262940524E+05
L1 0.2992602221E+03  0.2992602221E+03  -.4455433309E+12  0.1000000000E+01
L2 0.1000000000E+01  0.1238095170E+03  0.9758679200E+02  0.1226780136E+03
L3 0.1482212767E+07  0.1791708854E+03  -.1438749808E+03  0.6499089552E+02
L4 0.3342893340E+02  0.1245130475E+05  0.1242895668E+05  0.1232370258E+05
L5 0.3720396401E+05  0.1053997962E+05  0.1396375886E+05  0.1163040505E+05
L6 0.3613414354E+05  -.4455433309E+06  0.4415818464E+05  -.5920126662E+06
L7 0.0000000000E+00  0.4824545637E+04  0.1302730134E+05  0.2027031749E+05
L8 0.5838273353E+04  0.5835071283E+05  0.0000000000E+00  0.0000000000E+00
L9 0.0000000000E+00  0.0000000000E+00  0.0000000000E+00  0.1037561901E+01  0.0000000000E+00
L0    53000  0.2160000000E+03  -.3518572709E+06  0.9293884167E+05
L1 0.3002599264E+03  0.3002599264E+03  -.4447961125E+12  0.1000000000E+01
L2 0.1000000000E+01  0.1238392167E+03  0.9761020135E+02  0.1227074418E+03
L3 0.1483271487E+07  0.1146453159E+03  0.1045427367E+03  0.6717090286E+02
L4 0.9545298514E+02  0.1237545764E+05  0.1256752650E+05  0.1237741728E+05
L5 0.3732040141E+05  0.1115159256E+05  0.1145150877E+05  0.1166035246E+05
L6 0.3426345379E+05  -.4447961125E+06  0.4441027346E+05  -.5913478792E+06
L7 0.0000000000E+00  0.4848751058E+04  0.1314785260E+05  0.2027104531E+05
L8 0.5750290074E+04  0.5812355420E+05  0.0000000000E+00  0.0000000000E+00
L9 0.0000000000E+00  0.0000000000E+00  0.0000000000E+00  0.1036821317E+01  0.0000000000E+00
L0    54000  0.2180000000E+03  -.3515853926E+06  0.9322605148E+05
L1 0.3011878226E+03  0.3011878226E+03  -.4448114440E+12  0.1000000000E+01
L2 0.1000000000E+01  0.1238540422E+03  0.9762188680E+02  0.1227221318E+03
L3 0.1483809398E+07  0.1101708427E+03  0.1641599187E+03  -.1043703837E+03
L4 0.5665345925E+02  0.1256025061E+05  0.1256361176E+05  0.1250137377E+05
L5 0.3762523615E+05  0.1138372505E+05  0.1081053140E+05  0.1361595565E+05
L6 0.3581021210E+05  -.4448114440E+06  0.4494239986E+05  -.5917621245E+06
L7 0.0000000000E+00  0.4752052901E+04  0.1295713719E+05  0.2023746996E+05
L8 0.5810315966E+04  0.5825130454E+05  0.0000000000E+00  0.0000000000E+00
L9 0.0000000000E+00  0.0000000000E+00  0.0000000000E+00  0.1036445448E+01  0.0000000000E+00
L0    55000  0.2200000000E+03  -.3514092078E+06  0.9289726086E+05
L1 0.3001255902E+03  0.3001255902E+03  -.4443064687E+12  0.1000000000E+01
L2 0.1000000000E+01  0.1238859749E+03  0.9764705618E+02  0.1227537727E+03
L3 0.1484951204E+07  0.1106729834E+03  0.1217719079E+03  0.7747372118E+02
L4 0.1033062042E+03  0.1237286641E+05  0.1246746682E+05  0.1248669953E+05
L5 0.3732703276E+05  0.1119006895E+05  0.1116605163E+05  0.1165871318E+05
L6 0.3401483376E+05  -.4443064687E+06  0.4443665650E+05  -.5910016807E+06
L7 0.0000000000E+00  0.4913285309E+04  0.1322105024E+05  0.2023056812E+05
L8 0.5737563753E+04  0.5815608810E+05  0.0000000000E+00  0.0000000000E+00
L9 0.0000000000E+00  0.0000000000E+00  0.0000000000E+00  0.1035648506E+01  0.0000000000E+00
L0    56000  0.2220000000E+03  -.3517408662E+06  0.9307844127E+05
L1 0.3007109345E+03  0.3007109345E+03  -.4448193075E+12  0.1000000000E+01
L2 0.1000000000E+01  0.1238466875E+03  0.9761608980E+02  0.1227148443E+03
L3 0.1483557266E+07  -.3076925906E+03  0.1337524965E+03  0.6759415921E+02
L4 -.3544864496E+02  0.1255320296E+05  0.1252894027E+05  0.1256061787E+05
L5 0.3764276110E+05  0.1583852489E+05  0.1110082655E+05  0.1183889567E+05
L6 0.3877824711E+05  -.4448193075E+06  0.4430621656E+05  -.5913731424E+06
L7 0.0000000000E+00  0.4689497034E+04  0.1316951843E+05  0.2036673510E+05
L8 0.5775307469E+04  0.5824656036E+05  0.0000000000E+00  0.0000000000E+00
L9 0.0000000000E+00  0.0000000000E+00  0.0000000000E+00  0.1036621593E+01  0.0000000000E+00
L0    57000  0.2240000000E+03  -.3524859346E+06  0.9283596029E+05
L1 0.2999275449E+03  0.2999275449E+03  -.4453218948E+12  0.1000000000E+01
L2 0.1000000000E+01  0.1238531442E+03  0.9762117900E+02  0.1227212420E+03
L3 0.1483788776E+07  -.9112104993E+02  0.7466363306E+02  -.7770074785E+02
L4 -.3138605491E+02  0.1245031660E+05  0.1249637316E+05  0.1234037125E+05
L5 0.3728706101E+05  0.1342339398E+05  0.1169904376E+05  0.1317013386E+05
L6 0.3829257160E+05  -.4453218948E+06  0.4444851861E+05  -.5917816664E+06
L7 0.0000000000E+00  0.4697820573E+04  0.1302363375E+05  0.2022422985E+05
L8 0.5777580441E+04  0.5828798835E+05  0.0000000000E+00  0.0000000000E+00
L9 0.0000000000E+00  0.0000000000E+00  0.0000000000E+00  0.1036459853E+01  0.0000000000E+00
L0    58000  0.2260000000E+03  -.3529314177E+06  0.9265504601E+05
L1 0.2993430604E+03  0.2993430604E+03  -.4455864637E+12  0.1000000000E+01
L2 0.1000000000E+01  0.1238601992E+03  0.9762673977E+02  0.1227282326E+03
L3 0.1484030943E+07  0.1095262132E+03  -.2372816940E+02  0.7861391409E+02
L4 0.5480398595E+02  0.1237721439E+05  0.1240639347E+05  0.1252724517E+05
L5 0.3731085303E+05  0.1120739825E+05  0.1265982682E+05  0.1168759389E+05
L6 0.3555481896E+05  -.4455864637E+06  0.4420822103E+05  -.5917690829E+06
L7 0.0000000000E+00  0.4686410049E+04  0.1296632898E+05  0.2029808398E+05
L8 0.5816918181E+04  0.5820665699E+05  0.0000000000E+00  0.0000000000E+00
L9 0.0000000000E+00  0.0000000000E+00  0.0000000000E+00  0.1036290722E+01  0.0000000000E+00
L0    59000  0.2280000000E+03  -.3515027346E+06  0.9314469037E+05
L1 0.3009249671E+03  0.3009249671E+03  -.4446474250E+12  0.1000000000E+01
L2 0.1000000000E+01  0.1238159924E+03  0.9759189587E+02  0.1226844297E+03
L3 0.1482462917E+07  -.2727420342E+02  -.1900054976E+03  -.8113431232E+02
L4 -.9947133779E+02  0.1233878383E+05  0.1261949586E+05  0.1257914968E+05
L5 0.3753742937E+05  0.1262978350E+05  0.1464674248E+05  0.1344480495E+05
L6 0.4072133093E+05  -.4446474250E+06  0.4413195455E+05  -.5909073614E+06
L7 0.0000000000E+00  0.4787793478E+04  0.1317327739E+05  0.2025696578E+05
L8 0.5779342747E+04  0.5813060249E+05  0.0000000000E+00  0.0000000000E+00
L9 0.0000000000E+00  0.0000000000E+00  0.0000000000E+00  0.1037386824E+01  0.0000000000E+00
L0    60000  0.2300000000E+03  -.3515655361E+06  0.9348757926E+05
L1 0.3020327472E+03  0.3020327472E+03  -.4450531153E+12  0.1000000000E+01
L2 0.1000000000E+01  0.1238280692E+03  0.9760141484E+02  0.1226963962E+03
L3 0.1482889246E+07  -.5466611235E+02  -.3755925639E+02  -.3598351294E+02
L4 -.4273629390E+02  0.1254210870E+05  0.1249891252E+05  0.1268925781E+05
L5 0.3773027903E+05  0.1312553162E+05  0.1289976288E+05  0.1307329108E+05
L6 0.3909858558E+05  -.4450531153E+06  0.4428941895E+05  -.5915466212E+06
L7 0.0000000000E+00  0.4765789345E+04  0.1323429482E+05  0.2029877403E+05
L8 0.5750063057E+04  0.5815516566E+05  0.0000000000E+00  0.0000000000E+00
L9 0.0000000000E+00  0.0000000000E+00  0.0000000000E+00  0.1037088576E+01  0.0000000000E+00
L0    61000  0.2320000000E+03  -.3528822045E+06  0.9277254561E+05
L1 0.2997226694E+03  0.2997226694E+03  -.4456547502E+12  0.1000000000E+01
L2 0.1000000000E+01  0.1238201589E+03  0.9759517991E+02  0.1226885581E+03
L3 0.1482600515E+07  0.5603563422E+01  -.2073115572E+03  0.1769670978E+03
L4 -.8246965347E+01  0.1251239346E+05  0.1237958172E+05  0.1241333139E+05
L5 0.3730530656E+05  0.1245260119E+05  0.1459167910E+05  0.1052502155E+05
L6 0.3756930184E+05  -.4456547502E+06  0.4398977375E+05  -.5915240152E+06
L7 0.0000000000E+00  0.4737866009E+04  0.1303150488E+05  0.2020079163E+05
L8 0.5743154086E+04  0.5816617471E+05  0.0000000000E+00  0.0000000000E+00
L9 0.0000000000E+00  0.0000000000E+00  0.0000000000E+00  0.1037290545E+01  0.0000000000E+00
L0    62000  0.2340000000E+03  -.3521264318E+06  0.9265310281E+05
L1 0.2993367825E+03  0.2993367825E+03  -.4447795346E+12  0.1000000000E+01
L2 0.1000000000E+01  0.1238368881E+03  0.9760836592E+02  0.1227051345E+03
L3 0.1483200757E+07  -.6222037239E+02  0.9204936103E+02  -.3693188037E+02
L4 -.2367630576E+01  0.1251494327E+05  0.1241290451E+05  0.1255969406E+05
L5 0.3748754184E+05  0.1317912836E+05  0.1143030330E+05  0.1295393157E+05
L6 0.3756336323E+05  -.4447795346E+06  0.4442518364E+05  -.5912044790E+06
L7 0.0000000000E+00  0.4822928612E+04  0.1305068927E+05  0.2026394387E+05
L8 0.5756250818E+04  0.5810594820E+05  0.0000000000E+00  0.0000000000E+00
L9 0.0000000000E+00  0.0000000000E+00  0.0000000000E+00  0.1036870760E+01  0.0000000000E+00
L0    63000  0.2360000000E+03  -.3529565963E+06  0.9274732446E+05
L1 0.2996411868E+03  0.2996411868E+03  -.4457039208E+12  0.1000000000E+01
L2 0.1000000000E+01  0.1238103201E+03  0.9758742501E+02  0.1226788093E+03
L3 0.1482245881E+07  0.6041631073E+02  -.1036132709E+02  -.4665525525E+02
L4 0.1133242798E+01  0.1254160974E+05  0.1249164313E+05  0.1250924244E+05
L5 0.3754249531E+05  0.1189709770E+05  0.1260217620E+05  0.1300695362E+05
L6 0.3750622752E+05  -.4457039208E+06  0.4438737009E+05  -.5921850080E+06
L7 0.0000000000E+00  0.4844265484E+04  0.1305566995E+05  0.2028813187E+05
L8 0.5784413356E+04  0.5812123648E+05  0.0000000000E+00  0.0000000000E+00
L9 0.0000000000E+00  0.0000000000E+00  0.0000000000E+00  0.1037538721E+01  0.0000000000E+00
L0    64000  0.2380000000E+03  -.3521144448E+06  0.9304087934E+05
L1 0.3005895822E+03  0.3005895822E+03  -.4451553241E+12  0.1000000000E+01
L2 0.1000000000E+01  0.1238287855E+03  0.9760197943E+02  0.1226971059E+03
L3 0.1482911326E+07  0.2606694440E+02  0.1441557256E+01  -.7284295083E+02
L4 -.1511148306E+02  0.1244187798E+05  0.1256483509E+05  0.1237914716E+05
L5 0.3738586023E+05  0.1216367493E+05  0.1254944987E+05  0.1315657357E+05
L6 0.3786969837E+05  -.4451553241E+06  0.4439393504E+05  -.5917442156E+06
L7 0.0000000000E+00  0.4747826633E+04  0.1299284316E+05  0.2027521495E+05
L8 0.5817471769E+04  0.5836159995E+05  0.0000000000E+00  0.0000000000E+00
L9 0.0000000000E+00  0.0000000000E+00  0.0000000000E+00  0.1037073134E+01  0.0000000000E+00
L0    65000  0.2400000000E+03  -.3533262132E+06  0.9261436356E+05
L1 0.2992116265E+03  0.2992116265E+03  -.4459405767E+12  0.1000000000E+01
L2 0.1000000000E+01  0.1238488776E+03  0.9761781602E+02  0.1227170144E+03
L3 0.1483627348E+07  0.6445315081E+02  -.6885407331E+02  0.9354973887E+02
L4 0.2971627212E+02  0.1258588241E+05  0.1254738975E+05  0.1231389870E+05
L5 0.3744717086E+05  0.1189766515E+05  0.1328259915E+05  0.1131499415E+05
L6 0.3649525844E+05  -.4459405767E+06  0.4446709047E+05  -.5925622388E+06
L7 0.0000000000E+00  0.4750354162E+04  0.1292588649E+05  0.2032147419E+05
L8 0.5785527420E+04  0.5837132940E+05  0.0000000000E+00  0.0000000000E+00
L9 0.0000000000E+00  0.0000000000E+00  0.0000000000E+00  0.1036572626E+01  0.0000000000E+00
L0    66000  0.2420000000E+03  -.3522288054E+06  0.9275798186E+05
L1 0.2996756179E+03  0.2996756179E+03  -.4449867872E+12  0.1000000000E+01
L2 0.1000000000E+01  0.1238475678E+03  0.9761678366E+02  0.1227157166E+03
L3 0.1483561176E+07  0.2141758813E+03  0.4129873259E+01  0.3038839355E+03
L4 0.1740632300E+03  0.1248343440E+05  0.1250947881E+05  0.1247887684E+05
L5 0.3747179006E+05  0.1019661114E+05  0.1246538286E+05  0.9234212451E+04
L6 0.3189620645E+05  -.4449867872E+06  0.4422234621E+05  -.5912795731E+06
L7 0.0000000000E+00  0.4782548501E+04  0.1317842997E+05  0.2016331307E+05
L8 0.5811703994E+04  0.5813444416E+05  0.0000000000E+00  0.0000000000E+00
L9 0.0000000000E+00  0.0000000000E+00  0.0000000000E+00  0.1036618861E+01  0.0000000000E+00
L0    67000  0.2440000000E+03  -.3519276467E+06  0.9265565942E+05
L1 0.2993450422E+03  0.2993450422E+03  -.4445833061E+12  0.1000000000E+01
L2 0.1000000000E+01  0.1238772617E+03  0.9764018844E+02  0.1227451391E+03
L3 0.1484657717E+07  -.1414814581E+03  0.7892192599E+02  -.7630196165E+02
L4 -.4628716459E+02  0.1250991830E+05  0.1228820567E+05  0.1263980976E+05
L5 0.3743793372E+05  0.1402167690E+05  0.1144490859E+05  0.1345511197E+05
L6 0.3892169746E+05  -.4445833061E+06  0.4370799906E+05  -.5902104208E+06
L7 0.0000000000E+00  0.4759540477E+04  0.1288095916E+05  0.2026971571E+05
L8 0.5746511171E+04  0.5826238913E+05  0.0000000000E+00  0.0000000000E+00
L9 0.0000000000E+00  0.0000000000E+00  0.0000000000E+00  0.1035853233E+01  0.0000000000E+00
L0    68000  0.2460000000E+03  -.3520366389E+06  0.9302124733E+05
L1 0.3005261565E+03  0.3005261565E+03  -.4450578862E+12  0.1000000000E+01
L2 0.1000000000E+01  0.1237841704E+03  0.9756681379E+02  0.1226528986E+03
L3 0.1481295641E+07  -.2860566229E+02  0.7887156444E+02  0.2086368883E+03
L4 0.8630093015E+02  0.1245567403E+05  0.1249774437E+05  0.1247448460E+05
L5 0.3742790300E+05  0.1276063926E+05  0.1165689388E+05  0.1025020478E+05
L6 0.3466773792E+05  -.4450578862E+06  0.4393503991E+05  -.5908912916E+06
L7 0.0000000000E+00  0.4775396600E+04  0.1308527231E+05  0.2025309966E+05
L8 0.5742990830E+04  0.5804160612E+05  0.0000000000E+00  0.0000000000E+00
L9 0.0000000000E+00  0.0000000000E+00  0.0000000000E+00  0.1038204295E+01  0.0000000000E+00
L0    69000  0.2480000000E+03  -.3523825852E+06  0.9257693925E+05
L1 0.2990907189E+03  0.2990907189E+03  -.4449595245E+12  0.1000000000E+01
L2 0.1000000000E+01  0.1237946500E+03  0.9757507377E+02  0.1226632824E+03
L3 0.1481680969E+07  0.5113887104E+02  -.5229665826E+02  0.5400348190E+02
L4 0.1761523156E+02  0.1246531685E+05  0.1244562705E+05  0.1234768643E+05
L5 0.3725863033E+05  0.1191998305E+05  0.1300330724E+05  0.1177180504E+05
L6 0.3669509533E+05  -.4449595245E+06  0.4445250554E+05  -.5915300423E+06
L7 0.0000000000E+00  0.4771764998E+04  0.1302990161E+05  0.2023581674E+05
L8 0.5811097267E+04  0.5826943162E+05  0.0000000000E+00  0.0000000000E+00
L9 0.0000000000E+00  0.0000000000E+00  0.0000000000E+00  0.1037934298E+01  0.0000000000E+00
L0    70000  0.2500000000E+03  -.3514897371E+06  0.9293417659E+05
L1 0.3002448548E+03  0.3002448548E+03  -.4444239137E+12  0.1000000000E+01
L2 0.1000000000E+01  0.1238475876E+03  0.9761679930E+02  0.1227157362E+03
L3 0.1483575243E+07  -.1732103912E+03  0.1093486505E+03  0.2833356686E+03
L4 0.7315797600E+02  0.1258935143E+05  0.1255524718E+05  0.1255702155E+05
L5 0.3770162015E+05  0.1443879080E+05  0.1138768616E+05  0.9531728787E+04
L6 0.3535820575E+05  -.4444239137E+06  0.4415265216E+05  -.5907204384E+06
L7 0.0000000000E+00  0.4859272472E+04  0.1318418750E+05  0.2025127971E+05
L8 0.5740122574E+04  0.5810901035E+05  0.0000000000E+00  0.0000000000E+00
L9 0.0000000000E+00  0.0000000000E+00  0.0000000000E+00  0.1036609032E+01  0.0000000000E+00
L0    71000  0.2520000000E+03  -.3515869639E+06  0.9299147724E+05
L1 0.3004299775E+03  0.3004299775E+03  -.4445784411E+12  0.1000000000E+01
L2 0.1000000000E+01  0.1238429721E+03  0.9761316136E+02  0.1227111629E+03
L3 0.1483399267E+07  0.1268922276E+03  0.7365368770E+02  0.2482446503E+03
L4 0.1495968552E+03  0.1240806124E+05  0.1251603783E+05  0.1238901888E+05
L5 0.3731311795E+05  0.1105334087E+05  0.1172970006E+05  0.9738721918E+04
L6 0.3252176285E+05  -.4445784411E+06  0.4476335079E+05  -.5912715519E+06
L7 0.0000000000E+00  0.4746887659E+04  0.1308588824E+05  0.2020963335E+05
L8 0.5755507486E+04  0.5813184332E+05  0.0000000000E+00  0.0000000000E+00
L9 0.0000000000E+00  0.0000000000E+00  0.0000000000E+00  0.1036732005E+01  0.0000000000E+00
L0    72000  0.2540000000E+03  -.3520308784E+06  0.9300893983E+05
L1 0.3004863944E+03  0.3004863944E+03  -.4450398182E+12  0.1000000000E+01
L2 0.1000000000E+01  0.1238081844E+03  0.9758574163E+02  0.1226766931E+03
L3 0.1482181321E+07  0.5646016058E+02  -.2045364107E+02  -.3081750645E+03
L4 -.9072284833E+02  0.1235644576E+05  0.1253909266E+05  0.1252405697E+05
L5 0.3741959539E+05  0.1175416356E+05  0.1275727950E+05  0.1581147862E+05
L6 0.4032292168E+05  -.4450398182E+06  0.4341191730E+05  -.5905112268E+06
L7 0.0000000000E+00  0.4731883594E+04  0.1312576997E+05  0.2025349587E+05
L8 0.5770932461E+04  0.5817740944E+05  0.0000000000E+00  0.0000000000E+00
L9 0.0000000000E+00  0.0000000000E+00  0.0000000000E+00  0.1037583914E+01  0.0000000000E+00
L0    73000  0.2560000000E+03  -.3517506638E+06  0.9306669550E+05
L1 0.3006729871E+03  0.3006729871E+03  -.4448173593E+12  0.1000000000E+01
L2 0.1000000000E+01  0.1238402440E+03  0.9761101107E+02  0.1227084598E+03
L3 0.1483310828E+07  0.3549190678E+03  -.7658201570E+02  -.4701071624E+02
L4 0.7710877861E+02  0.1262482609E+05  0.1241398613E+05  0.1253646820E+05
L5 0.3757528042E+05  0.8835883029E+04  0.1323153842E+05  0.1303833170E+05
L6 0.3510575315E+05  -.4448173593E+06  0.4409941432E+05  -.5910505458E+06
L7 0.0000000000E+00  0.4795044236E+04  0.1297251439E+05  0.2038636717E+05
L8 0.5818534831E+04  0.5816131156E+05  0.0000000000E+00  0.0000000000E+00
L9 0.0000000000E+00  0.0000000000E+00  0.0000000000E+00  0.1036793818E+01  0.0000000000E+00
L0    74000  0.2580000000E+03  -.3523564088E+06  0.9274721456E+05
L1 0.2996408317E+03  0.2996408317E+03  -.4451036234E+12  0.1000000000E+01
L2 0.1000000000E+01  0.1238381209E+03  0.9760933760E+02  0.1227063560E+03
L3 0.1483252378E+07  0.5869874851E+02  -.1044992056E+03  -.1273781873E+03
L4 -.5772621479E+02  0.1243441147E+05  0.1260340859E+05  0.1233208175E+05
L5 0.3736990180E+05  0.1180779692E+05  0.1371894724E+05  0.1369185564E+05
L6 0.3921859979E+05  -.4451036234E+06  0.4418244733E+05  -.5913071394E+06
L7 0.0000000000E+00  0.4705405738E+04  0.1311108791E+05  0.2024760383E+05
L8 0.5758359072E+04  0.5819861217E+05  0.0000000000E+00  0.0000000000E+00
L9 0.0000000000E+00  0.0000000000E+00  0.0000000000E+00  0.1036834675E+01  0.0000000000E+00
L0    75000  0.2600000000E+03  -.3527431482E+06  0.9260595810E+05
L1 0.2991844708E+03  0.2991844708E+03  -.4453491063E+12  0.1000000000E+01
L2 0.1000000000E+01  0.1238376545E+03  0.9760897001E+02  0.1227058939E+03
L3 0.1483217950E+07  0.4572831280E+02  0.1512178827E+02  0.1666453794E+03
L4 0.7583182682E+02  0.1249959005E+05  0.1255840221E+05  0.1235735184E+05
L5 0.3741534410E+05  0.1201144743E+05  0.1239697947E+05  0.1057843835E+05
L6 0.3498686525E+05  -.4453491063E+06  0.4471258588E+05  -.5920447756E+06
L7 0.0000000000E+00  0.4624356052E+04  0.1296144355E+05  0.2028769658E+05
L8 0.5838182893E+04  0.5827140438E+05  0.0000000000E+00  0.0000000000E+00
L9 0.0000000000E+00  0.0000000000E+00  0.0000000000E+00  0.1036858741E+01  0.0000000000E+00
L0    76000  0.2620000000E+03  -.3517510115E+06  0.9274937423E+05
L1 0.2996478090E+03  0.2996478090E+03  -.4445003857E+12  0.1000000000E+01
L2 0.1000000000E+01  0.1238327308E+03  0.9760508910E+02  0.1227010152E+03
L3 0.1483064271E+07  -.1227512318E+03  -.2087174218E+02  -.1557123108E+03
L4 -.9977842826E+02  0.1245426578E+05  0.1245938629E+05  0.1247852113E+05
L5 0.3739217320E+05  0.1376448031E+05  0.1268216581E+05  0.1414055359E+05
L6 0.4058719971E+05  -.4445003857E+06  0.4366347836E+05  -.5901329775E+06
L7 0.0000000000E+00  0.4850462383E+04  0.1306512185E+05  0.2027288447E+05
L8 0.5780852050E+04  0.5799979266E+05  0.0000000000E+00  0.0000000000E+00
L9 0.0000000000E+00  0.0000000000E+00  0.0000000000E+00  0.1036966183E+01  0.0000000000E+00
L0    77000  0.2640000000E+03  -.3523309905E+06  0.9281780195E+05
L1 0.2998688803E+03  0.2998688803E+03  -.4451487925E+12  0.1000000000E+01
L2 0.1000000000E+01  0.1238308103E+03  0.9760357541E+02  0.1226991123E+03
L3 0.1482969475E+07  0.1447645741E+03  0.3399874651E+02  0.1069515472E+03
L4 0.9523828927E+02  0.1248264495E+05  0.1230289968E+05  0.1249730745E+05
L5 0.3728285208E+05  0.1093756453E+05  0.1194002915E+05  0.1135580759E+05
L6 0.3423340127E+05  -.4451487925E+06  0.4442727126E+05  -.5914684262E+06
L7 0.0000000000E+00  0.4822256080E+04  0.1291416533E+05  0.2018080675E+05
L8 0.5783018317E+04  0.5819211594E+05  0.0000000000E+00  0.0000000000E+00
L9 0.0000000000E+00  0.0000000000E+00  0.0000000000E+00  0.1037032469E+01  0.0000000000E+00
L0    78000  0.2660000000E+03  -.3524186504E+06  0.9307012949E+05
L1 0.3006840814E+03  0.3006840814E+03  -.4454887799E+12  0.1000000000E+01
L2 0.1000000000E+01  0.1238119729E+03  0.9758872771E+02  0.1226804470E+03
L3 0.1482317732E+07  0.8085027598E+02  -.1603599982E+03  -.2004686313E+03
L4 -.9332611784E+02  0.1260776108E+05  0.1249578011E+05  0.1267749730E+05
L5 0.3778103849E+05  0.1174522079E+05  0.1420655918E+05  0.1481616992E+05
L6 0.4076794988E+05  -.4454887799E+06  0.4416445189E+05  -.5916712501E+06
L7 0.0000000000E+00  0.4739992765E+04  0.1307237104E+05  0.2027988708E+05
L8 0.5796440379E+04  0.5812932708E+05  0.0000000000E+00  0.0000000000E+00
L9 0.0000000000E+00  0.0000000000E+00  0.0000000000E+00  0.1037488430E+01  0.0000000000E+00
L0    79000  0.2680000000E+03  -.3524124869E+06  0.9276634518E+05
L1 0.2997026375E+03  0.2997026375E+03  -.4451788321E+12  0.1000000000E+01
L2 0.1000000000E+01  0.1238427982E+03  0.9761302426E+02  0.1227109906E+03
L3 0.1483416528E+07  0.1142253535E+03  -.1185948692E+03  -.7991688595E+02
L4 -.2809546722E+02  0.1236149816E+05  0.1255674271E+05  0.1231927907E+05
L5 0.3723751994E+05  0.1114199703E+05  0.1382289398E+05  0.1317249361E+05
L6 0.3813738462E+05  -.4451788321E+06  0.4445203483E+05  -.5914781127E+06
L7 0.0000000000E+00  0.4762558718E+04  0.1302024305E+05  0.2025569692E+05
L8 0.5755502666E+04  0.5805324440E+05  0.0000000000E+00  0.0000000000E+00
L9 0.0000000000E+00  0.0000000000E+00  0.0000000000E+00  0.1036719942E+01  0.0000000000E+00
L0    80000  0.2700000000E+03  -.3519691441E+06  0.9336111915E+05
L1 0.3016241892E+03  0.3016241892E+03  -.4453302632E+12  0.1000000000E+01
L2 0.1000000000E+01  0.1238587348E+03  0.9762558554E+02  0.1227267816E+03
L3 0.1484000083E+07  0.2144799557E+02  -.1259882028E+03  -.2245725496E+03
L4 -.1097042523E+03  0.1264801543E+05  0.1261382166E+05  0.1244669159E+05
L5 0.3770852868E+05  0.1241894068E+05  0.1395943532E+05  0.1484523275E+05
L6 0.4122360875E+05  -.4453302632E+06  0.4350513802E+05  -.5908110462E+06
L7 0.0000000000E+00  0.4697685847E+04  0.1297921400E+05  0.2028405188E+05
L8 0.5790942582E+04  0.5822375065E+05  0.0000000000E+00  0.0000000000E+00
L9 0.0000000000E+00  0.0000000000E+00  0.0000000000E+00  0.1036312271E+01  0.0000000000E+00
L0    81000  0.2720000000E+03  -.3515932192E+06  0.9325234833E+05
L1 0.3012727805E+03  0.3012727805E+03  -.4448455676E+12  0.1000000000E+01
L2 0.1000000000E+01  0.1238789955E+03  0.9764155501E+02  0.1227468571E+03
L3 0.1484709473E+07  0.5183066992E+02  0.4060624047E+02  0.8413136274E+01
L4 0.3361668222E+02  0.1247470897E+05  0.1259764955E+05  0.1254498330E+05
L5 0.3761734182E+05  0.1192086825E+05  0.1216374836E+05  0.1245508407E+05
L6 0.3653970068E+05  -.4448455676E+06  0.4397559991E+05  -.5908535906E+06
L7 0.0000000000E+00  0.4726945814E+04  0.1313255379E+05  0.2029839442E+05
L8 0.5820293117E+04  0.5805423600E+05  0.0000000000E+00  0.0000000000E+00
L9 0.0000000000E+00  0.0000000000E+00  0.0000000000E+00  0.1035817124E+01  0.0000000000E+00
L0    82000  0.2740000000E+03  -.3522492353E+06  0.9270608123E+05
L1 0.2995079412E+03  0.2995079412E+03  -.4449553166E+12  0.1000000000E+01
L2 0.1000000000E+01  0.1238382231E+03  0.9760941819E+02  0.1227064573E+03
L3 0.1483250963E+07  -.1624383837E+02  0.3842108646E+02  -.7998503121E+02
L4 -.1926926104E+02  0.1233391440E+05  0.1245050467E+05  0.1252899529E+05
L5 0.3731341436E+05  0.1250731870E+05  0.1204035642E+05  0.1338284206E+05
L6 0.3793051718E+05  -.4449553166E+06  0.4430221963E+05  -.5912317546E+06
L7 0.0000000000E+00  0.4781478862E+04  0.1298518960E+05  0.2030400482E+05
L8 0.5744384935E+04  0.5815916024E+05  0.0000000000E+00  0.0000000000E+00
L9 0.0000000000E+00  0.0000000000E+00  0.0000000000E+00  0.1036835663E+01  0.0000000000E+00
L0    83000  0.2760000000E+03  -.3522885677E+06  0.9271701591E+05
L1 0.2995432682E+03  0.2995432682E+03  -.4450055837E+12  0.1000000000E+01
L2 0.1000000000E+01  0.1237950591E+03  0.9757539627E+02  0.1226636878E+03
L3 0.1481698297E+07  -.1112794232E+03  0.4834277666E+02  0.5593668265E+02
L4 -.2333321304E+01  0.1247803882E+05  0.1250659607E+05  0.1241692640E+05
L5 0.3740156130E+05  0.1366471228E+05  0.1199107318E+05  0.1182042280E+05
L6 0.3747620826E+05  -.4450055837E+06  0.4435096369E+05  -.5913748886E+06
L7 0.0000000000E+00  0.4801640720E+04  0.1299149630E+05  0.2029168737E+05
L8 0.5801680157E+04  0.5813183666E+05  0.0000000000E+00  0.0000000000E+00
L9 0.0000000000E+00  0.0000000000E+00  0.0000000000E+00  0.1037922160E+01  0.0000000000E+00
L0    84000  0.2780000000E+03  -.3515471597E+06  0.9332656083E+05
L1 0.3015125408E+03  0.3015125408E+03  -.4448737205E+12  0.1000000000E+01
L2 0.1000000000E+01  0.1238352728E+03  0.9760709275E+02  0.1227035340E+03
L3 0.1483160437E+07  -.1811933164E+03  -.6320115455E+02  -.1644771049E+03
L4 -.1362905253E+03  0.1258468143E+05  0.1245491421E+05  0.1261649690E+05
L5 0.3765609255E+05  0.1451881689E+05  0.1312955054E+05  0.1437219632E+05
L6 0.4202056375E+05  -.4448737205E+06  0.4378431423E+05  -.5909098971E+06
L7 0.0000000000E+00  0.4770576059E+04  0.1313975381E+05  0.2024741147E+05
L8 0.5786345939E+04  0.5830777511E+05  0.0000000000E+00  0.0000000000E+00
L9 0.0000000000E+00  0.0000000000E+00  0.0000000000E+00  0.1036898948E+01  0.0000000000E+00
L0    85000  0.2800000000E+03  -.3521411065E+06  0.9295207370E+05
L1 0.3003026755E+03  0.3003026755E+03  -.4450931802E+12  0.1000000000E+01
L2 0.1000000000E+01  0.1238551425E+03  0.9762275408E+02  0.1227232221E+03
L3 0.1483842600E+07  0.3128658664E+03  -.9105681042E+02  0.9197444117E+02
L4 0.1045944990E+03  0.1242058602E+05  0.1260220305E+05  0.1262487492E+05
L5 0.3764766399E+05  0.9079385049E+04  0.1357462970E+05  0.1164264858E+05
L6 0.3429666333E+05  -.4450931802E+06  0.4437688094E+05  -.5912583858E+06
L7 0.0000000000E+00  0.4729346888E+04  0.1300380421E+05  0.2020865062E+05
L8 0.5761375757E+04  0.5808514720E+05  0.0000000000E+00  0.0000000000E+00
L9 0.0000000000E+00  0.0000000000E+00  0.0000000000E+00  0.1036422257E+01  0.0000000000E+00
L0    86000  0.2820000000E+03  -.3528298086E+06  0.9251025623E+05
L1 0.2988752843E+03  0.2988752843E+03  -.4453400648E+12  0.1000000000E+01
L2 0.1000000000E+01  0.1238271452E+03  0.9760068654E+02  0.1226954806E+03
L3 0.1482854010E+07  0.1710574294E+03  -.2071869516E+03  -.4580913785E+02
L4 -.2731288670E+02  0.1250591098E+05  0.1233092501E+05  0.1239035198E+05
L5 0.3722718797E+05  0.1068034759E+05  0.1454207079E+05  0.1287923741E+05
L6 0.3810165579E+05  -.4453400648E+06  0.4430950461E+05  -.5917032864E+06
L7 0.0000000000E+00  0.4753838722E+04  0.1321218435E+05  0.2020812278E+05
L8 0.5798711591E+04  0.5808085955E+05  0.0000000000E+00  0.0000000000E+00
L9 0.0000000000E+00  0.0000000000E+00  0.0000000000E+00  0.1037113220E+01  0.0000000000E+00
L0    87000  0.2840000000E+03  -.3527897460E+06  0.9247634132E+05
L1 0.2987657145E+03  0.2987657145E+03  -.4452660873E+12  0.1000000000E+01
L2 0.1000000000E+01  0.1237780751E+03  0.9756200945E+02  0.1226468590E+03
L3 0.1481083269E+07  0.1520055046E+03  -.1595064620E+03  0.1201328811E+03
L4 0.3754397458E+02  0.1246918134E+05  0.1240149119E+05  0.1257690110E+05
L5 0.3744757363E+05  0.1084888157E+05  0.1410174727E+05  0.1129634695E+05
L6 0.3624697579E+05  -.4452660873E+06  0.4391340269E+05  -.5911225883E+06
L7 0.0000000000E+00  0.4808116087E+04  0.1300784646E+05  0.2023575816E+05
L8 0.5730957394E+04  0.5816042023E+05  0.0000000000E+00  0.0000000000E+00
L9 0.0000000000E+00  0.0000000000E+00  0.0000000000E+00  0.1038353163E+01  0.0000000000E+00
L0    88000  0.2860000000E+03  -.3525770198E+06  0.9269201135E+05
L1 0.2994624853E+03  0.2994624853E+03  -.4452690312E+12  0.1000000000E+01
L2 0.1000000000E+01  0.1238206695E+03  0.9759558239E+02  0.1226890641E+03
L3 0.1482623765E+07  -.3033677684E+02  0.6150549209E+02  -.1672240169E+03
L4 -.4535176722E+02  0.1234550298E+05  0.1248949770E+05  0.1254131095E+05
L5 0.3737631163E+05  0.1266921362E+05  0.1183319917E+05  0.1432568619E+05
L6 0.3882809898E+05  -.4452690312E+06  0.4430057641E+05  -.5916476311E+06
L7 0.0000000000E+00  0.4744215154E+04  0.1301659461E+05  0.2017698369E+05
L8 0.5802031949E+04  0.5833819811E+05  0.0000000000E+00  0.0000000000E+00
L9 0.0000000000E+00  0.0000000000E+00  0.0000000000E+00  0.1037274279E+01  0.0000000000E+00
L0    89000  0.2880000000E+03  -.3516929735E+06  0.9275380319E+05
L1 0.2996621178E+03  0.2996621178E+03  -.4444467767E+12  0.1000000000E+01
L2 0.1000000000E+01  0.1238736709E+03  0.9763735812E+02  0.1227415811E+03
L3 0.1484520402E+07  0.6915952330E+02  -.1659026656E+03  0.1439002623E+03
L4 0.1571903998E+02  0.1249060457E+05  0.1246970862E+05  0.1255276664E+05
L5 0.3751307983E+05  0.1175168913E+05  0.1424224891E+05  0.1101530484E+05
L6 0.3700924287E+05  -.4444467767E+06  0.4393253636E+05  -.5906570362E+06
L7 0.0000000000E+00  0.4800179060E+04  0.1308145644E+05  0.2027298354E+05
L8 0.5798436841E+04  0.5832466732E+05  0.0000000000E+00  0.0000000000E+00
L9 0.0000000000E+00  0.0000000000E+00  0.0000000000E+00  0.1035949048E+01  0.0000000000E+00
L0    90000  0.2900000000E+03  -.3523689155E+06  0.9286798645E+05
L1 0.3000310126E+03  0.3000310126E+03  -.4452369019E+12  0.1000000000E+01
L2 0.1000000000E+01  0.1238037390E+03  0.9758223774E+02  0.1226722883E+03
L3 0.1482019696E+07  -.1145247814E+03  0.3959643451E+02  -.1524301686E+03
L4 -.7578617183E+02  0.1249430159E+05  0.1250868684E+05  0.1248268991E+05
L5 0.3748567835E+05  0.1371584816E+05  0.1208634254E+05  0.1410854370E+05
L6 0.3991073439E+05  -.4452369019E+06  0.4397237985E+05  -.5914402300E+06
L7 0.0000000000E+00  0.4708721638E+04  0.1305060911E+05  0.2032770440E+05
L8 0.5817044498E+04  0.5832686856E+05  0.0000000000E+00  0.0000000000E+00
L9 0.0000000000E+00  0.0000000000E+00  0.0000000000E+00  0.1037697071E+01  0.0000000000E+00
L0    91000  0.2920000000E+03  -.3527717908E+06  0.9296905546E+05
L1 0.3003575389E+03  0.3003575389E+03  -.4457408462E+12  0.1000000000E+01
L2 0.1000000000E+01  0.1238430561E+03  0.9761322753E+02  0.1227112461E+03
L3 0.1483433535E+07  0.1473147821E+03  -.2664548561E+03  -.1406252479E+03
L4 -.8658844063E+02  0.1236280426E+05  0.1251681914E+05  0.1238254187E+05
L5 0.3726216527E+05  0.1079001331E+05  0.1536159669E+05  0.1388391270E+05
L6 0.4003552270E+05  -.4457408462E+06  0.4374829677E+05  -.5916479714E+06
L7 0.0000000000E+00  0.4704677852E+04  0.1301047849E+05  0.2027635787E+05
L8 0.5801693924E+04  0.5836562027E+05  0.0000000000E+00  0.0000000000E+00
L9 0.0000000000E+00  0.0000000000E+00  0.0000000000E+00  0.1036708056E+01  0.0000000000E+00
L0    92000  0.2940000000E+03  -.3526782029E+06  0.9278779298E+05
L1 0.2997719295E+03  0.2997719295E+03  -.4454659959E+12  0.1000000000E+01
L2 0.1000000000E+01  0.1238720757E+03  0.9763610079E+02  0.1227400005E+03
L3 0.1484474621E+07  -.1658846033E+03  -.1068344226E+03  0.5775991024E+02
L4 -.7165303856E+02  0.1254384468E+05  0.1246505518E+05  0.1245136631E+05
L5 0.3746026618E+05  0.1431613733E+05  0.1360646227E+05  0.1183426586E+05
L6 0.3975686546E+05  -.4454659959E+06  0.4448222108E+05  -.5920938228E+06
L7 0.0000000000E+00  0.4780593599E+04  0.1304179165E+05  0.2030672970E+05
L8 0.5802080307E+04  0.5821441059E+05  0.0000000000E+00  0.0000000000E+00
L9 0.0000000000E+00  0.0000000000E+00  0.0000000000E+00  0.1035980996E+01  0.0000000000E+00
L0    93000  0.2960000000E+03  -.3521337745E+06  0.9295347937E+05
L1 0.3003072168E+03  0.3003072168E+03  -.4450872539E+12  0.1000000000E+01
L2 0.1000000000E+01  0.1238017671E+03  0.9758068350E+02  0.1226703345E+03
L3 0.1481950311E+07  -.4270667601E+02  -.1003081222E+03  -.1167709237E+03
L4 -.8659524064E+02  0.1242218708E+05  0.1248532764E+05  0.1243240339E+05
L5 0.3733991811E+05  0.1287768458E+05  0.1355518609E+05  0.1367784949E+05
L6 0.4011072017E+05  -.4450872539E+06  0.4393952511E+05  -.5911131327E+06
L7 0.0000000000E+00  0.4767812401E+04  0.1306436599E+05  0.2038382587E+05
L8 0.5733229979E+04  0.5813711948E+05  0.0000000000E+00  0.0000000000E+00
L9 0.0000000000E+00  0.0000000000E+00  0.0000000000E+00  0.1037745655E+01  0.0000000000E+00
L0    94000  0.2980000000E+03  -.3520923596E+06  0.9294707708E+05
L1 0.3002865328E+03  0.3002865328E+03  -.4450394367E+12  0.1000000000E+01
L2 0.1000000000E+01  0.1238474843E+03  0.9761671786E+02  0.1227156339E+03
L3 0.1483580571E+07  0.2948430583E+03  0.1027548877E+03  -.3831115304E+03
L4 0.4828805174E+01  0.1255041972E+05  0.1249548305E+05  0.1248257572E+05
L5 0.3752847849E+05  0.9402246469E+04  0.1139832244E+05  0.1657323154E+05
L6 0.3737380045E+05  -.4450394367E+06  0.4396018917E+05  -.5910483625E+06
L7 0.0000000000E+00  0.4707125634E+04  0.1306930757E+05  0.2022842928E+05
L8 0.5790737064E+04  0.5825313704E+05  0.0000000000E+00  0.0000000000E+00
L9 0.0000000000E+00  0.0000000000E+00  0.0000000000E+00  0.1036605309E+01  0.0000000000E+00
L0    95000  0.3000000000E+03  -.3526708471E+06  0.9243269885E+05
L1 0.2986247177E+03  0.2986247177E+03  -.4451035460E+12  0.1000000000E+01
L2 0.1000000000E+01  0.1238406650E+03  0.9761134288E+02  0.1227088769E+03
L3 0.1483338747E+07  0.1699946574E+03  -.5290540387E+02  -.1758101151E+03
L4 -.1957362050E+02  0.1253736155E+05  0.1241201927E+05  0.1233683706E+05
L5 0.3728621788E+05  0.1072254724E+05  0.1297682222E+05  0.1421373552E+05
L6 0.3791310499E+05  -.4451035460E+06  0.4412134911E+05  -.5910845379E+06
L7 0.0000000000E+00  0.4706874366E+04  0.1302312700E+05  0.2018981394E+05
L8 0.5761840400E+04  0.5817798716E+05  0.0000000000E+00  0.0000000000E+00
L9 0.0000000000E+00  0.0000000000E+00  0.0000000000E+00  0.1036774304E+01  0.0000000000E+00
L0    96000  0.3020000000E+03  -.3520502043E+06  0.9303736889E+05
L1 0.3005782409E+03  0.3005782409E+03  -.4450875732E+12  0.1000000000E+01
L2 0.1000000000E+01  0.1238697923E+03  0.9763430106E+02  0.1227377380E+03
L3 0.1484378572E+07  0.1376341512E+03  -.1429320961E+03  0.1066409045E+03
L4 0.3378098651E+02  0.1254371950E+05  0.1232100306E+05  0.1250730938E+05
L5 0.3737203195E+05  0.1107334669E+05  0.1384797487E+05  0.1136804354E+05
L6 0.3628936510E+05  -.4450875732E+06  0.4420673592E+05  -.5913926068E+06
L7 0.0000000000E+00  0.4771583910E+04  0.1308577651E+05  0.2025755522E+05
L8 0.5749113817E+04  0.5823426822E+05  0.0000000000E+00  0.0000000000E+00
L9 0.0000000000E+00  0.0000000000E+00  0.0000000000E+00  0.1036048031E+01  0.0000000000E+00
L0    97000  0.3040000000E+03  -.3519294336E+06  0.9295826858E+05
L1 0.3003226894E+03  0.3003226894E+03  -.4448877022E+12  0.1000000000E+01
L2 0.1000000000E+01  0.1238801027E+03  0.9764242773E+02  0.1227479542E+03
L3 0.1484747047E+07  0.1920498068E+03  -.7451145949E+02  0.3399674987E+02
L4 0.5051169908E+02  0.1259252932E+05  0.1252125746E+05  0.1246421268E+05
L5 0.3757799946E+05  0.1054031400E+05  0.1331747570E+05  0.1210092853E+05
L6 0.3595871823E+05  -.4448877022E+06  0.4442718323E+05  -.5915462921E+06
L7 0.0000000000E+00  0.4788116894E+04  0.1305145842E+05  0.2029351296E+05
L8 0.5802968848E+04  0.5829534954E+05  0.0000000000E+00  0.0000000000E+00
L9 0.0000000000E+00  0.0000000000E+00  0.0000000000E+00  0.1035790911E+01  0.0000000000E+00
L0    98000  0.3060000000E+03  -.3526748459E+06  0.9265976498E+05
L1 0.2993583061E+03  0.2993583061E+03  -.4453346109E+12  0.1000000000E+01
L2 0.1000000000E+01  0.1238376850E+03  0.9760899404E+02  0.1227059241E+03
L3 0.1483212002E+07  0.2420858379E+03  0.6914404049E+02  0.7597692069E+02
L4 0.1290689330E+03  0.1252610872E+05  0.1261260448E+05  0.1244400925E+05
L5 0.3758272245E+05  0.9941890432E+04  0.1187450557E+05  0.1163297070E+05
L6 0.3344936670E+05  -.4453346109E+06  0.4437796362E+05  -.5918372030E+06
L7 0.0000000000E+00  0.4758779353E+04  0.1308959205E+05  0.2026501427E+05
L8 0.5753064934E+04  0.5825817789E+05  0.0000000000E+00  0.0000000000E+00
L9 0.0000000000E+00  0.0000000000E+00  0.0000000000E+00  0.1036862899E+01  0.0000000000E+00
L0    99000  0.3080000000E+03  -.3521464088E+06  0.9282352243E+05
L1 0.2998873615E+03  0.2998873615E+03  -.4449699312E+12  0.1000000000E+01
L2 0.1000000000E+01  0.1238513694E+03  0.9761978006E+02  0.1227194834E+03
L3 0.1483706694E+07  -.2429855918E+03  0.1484287070E+03  0.4150602284E+03
L4 0.1068344478E+03  0.1251988405E+05  0.1251760948E+05  0.1243068133E+05
L5 0.3746817487E+05  0.1511457214E+05  0.1093263403E+05  0.7998517995E+04
L6 0.3404572417E+05  -.4449699312E+06  0.4484122426E+05  -.5921109000E+06
L7 0.0000000000E+00  0.4792053730E+04  0.1317055703E+05  0.2021248155E+05
L8 0.5814162943E+04  0.5831048929E+05  0.0000000000E+00  0.0000000000E+00
L9 0.0000000000E+00  0.0000000000E+00  0.0000000000E+00  0.1036517192E+01  0.0000000000E+00
L0   100000  0.3100000000E+03  -.3521479827E+06  0.9267132152E+05
L1 0.2993956421E+03  0.2993956421E+03  -.4448193043E+12  0.1000000000E+01
L2 0.1000000000E+01  0.1238338089E+03  0.9760593891E+02  0.1227020835E+03
L3 0.1483089784E+07  -.4711266792E+02  0.8455523352E+02  -.3687338402E+02
L4 0.1897271929E+00  0.1241854175E+05  0.1249810395E+05  0.1241708846E+05
L5 0.3733373416E+05  0.1292141869E+05  0.1159556798E+05  0.1281067208E+05
L6 0.3732765876E+05  -.4448193043E+06  0.4423953081E+05  -.5911605955E+06
L7 0.0000000000E+00  0.4733147445E+04  0.1300384765E+05  0.2027195529E+05
L8 0.5793301705E+04  0.5829950835E+05  0.0000000000E+00  0.0000000000E+00
L9 0.0000000000E+00  0.0000000000E+00  0.0000000000E+00  0.1036948345E+01  0.0000000000E+00
