Run semi-empirical minimization
 &qmmm
    qm_theory='AM1', grms_tol=0.0005,
 scfconv=1.d-10, ndiis_attempts=700,   qmcharge=1,
 /
   6    C2       37.4150       -4.3340       14.7760 
   6    C3       37.9240       -3.8190       13.6510 
   6   C11       38.3320        0.0510       11.6120 
   6   C13       37.9520        1.2780        9.6130 
   6   C14       37.9530        0.0000        8.8930 
   6   C15       38.1290       -1.1490        9.5350 
   6   C16       40.7670       -5.5160       11.5340 
   6   C17       37.8100       -6.3990       16.1020 
   6   C18       38.1050       -5.8150       17.5000 
   6   C19       38.0740       -6.9790       18.5210 
   6   C21       36.4530       -8.2440       17.0930 
   6   C22       36.4210       -7.0760       16.0770 
   6   C24       38.2150        2.4870       11.6960 
   6   C25       37.8550       -0.3970        7.4940 
   6   C26       37.9800       -1.7230        7.5560 
   7    N1       38.0360       -5.4670       15.0050 
   6    C4       38.9480       -4.7500       13.2160 
   7    N5       38.9620       -5.6980       14.0480 
   6    C6       37.7120       -2.5910       12.8800 
   6    C7       38.4620       -2.3900       11.7810 
   6    C8       39.4770       -3.3850       11.3470 
   6    C9       39.7360       -4.5210       12.0050 
   6   C10       38.3000       -1.1440       11.0020 
   7   N12       38.1780        1.2310       10.9490 
   7   N20       36.7880       -7.7130       18.4320 
   8   O23       37.8070        2.3130        8.9860 
   8   O27       38.1610       -2.2530        8.7770 
   1    H2       36.6360       -3.8980       15.3840 
   1   H11       38.4870        0.0780       12.6800 
   1  H161       40.8020       -6.3580       12.2260 
   1  H162       41.7450       -5.0360       11.4960 
   1  H163       40.4990       -5.8740       10.5400 
   1   H17       38.5510       -7.1770       15.9190 
   1  H181       37.3480       -5.0750       17.7590 
   1  H182       39.0880       -5.3450       17.5050 
   1  H191       38.1890       -6.5770       19.5280 
   1  H192       38.8940       -7.6650       18.3080 
   1  H211       37.2070       -8.9710       16.7900 
   1  H212       35.4760       -8.7260       17.1260 
   1  H221       36.2110       -7.4580       15.0780 
   1  H222       35.6520       -6.3580       16.3600 
   1  H241       38.4050        2.2780       12.7490 
   1  H242       37.2580        2.9990       11.5940 
   1  H243       39.0100        3.1210       11.3020 
   1   H25       37.7160        0.2270        6.6240 
   1   H26       37.9380       -2.3390        6.6700 
   1    H6       36.9730       -1.8660       13.1860 
   1    H8       40.0390       -3.1790       10.4480 
   1  H201       36.0500       -7.0830       18.7110 
   1  H202       36.8280       -8.4910       19.0750 

