L0  Nsteps           time(ps)         Etot             EKinetic        
L1  Temp             T_solute         T_solv           Pres_scal_solu  
L2  Pres_scal_solv   BoxX             BoxY             BoxZ            
L3  volume           pres_X           pres_Y           pres_Z          
L4  Pressure         EKCoM_x          EKCoM_y          EKCoM_z         
L5  EKComTot         VIRIAL_x         VIRIAL_y         VIRIAL_z        
L6  VIRIAL_tot       E_pot            E_vdw            E_el            
L7  E_hbon           E_bon            E_angle          E_dih           
L8  E_14vdw          E_14el           E_const          E_pol           
L9  AV_permMoment    AV_indMoment     AV_totMoment     Density          dV/dlambda      
L0     1000  0.1120000000E+03  -.3504408107E+06  0.9311304502E+05
L1 0.3012123914E+03  0.3012123914E+03  -.4435538557E+12  0.1000000000E+01
L2 0.1000000000E+01  0.1243935325E+03  0.1243935325E+03  0.1243935325E+03
L3 0.1481742703E+07  0.1177385866E+03  -.1236012268E+03  -.8857654021E+02
L4 -.3147972679E+02  0.1262299139E+05  0.1270496761E+05  0.1236027705E+05
L5 0.3768823606E+05  0.1136740039E+05  0.1402307914E+05  0.1330487738E+05
L6 0.3869535691E+05  -.4435538557E+06  0.4384888216E+05  -.5896524305E+06
L7 0.0000000000E+00  0.4759939499E+04  0.1304502808E+05  0.2057779398E+05
L8 0.5809022348E+04  0.5805790872E+05  0.0000000000E+00  0.0000000000E+00
L9 0.0000000000E+00  0.0000000000E+00  0.0000000000E+00  0.1036501352E+01  0.0000000000E+00
L0     2000  0.1140000000E+03  -.3510419243E+06  0.9261331367E+05
L1 0.2995958051E+03  0.2995958051E+03  -.4436552380E+12  0.1000000000E+01
L2 0.1000000000E+01  0.1244077381E+03  0.1244077381E+03  0.1244077381E+03
L3 0.1482245145E+07  0.9587808512E+02  0.5386856069E+02  -.1249660790E+03
L4 0.8260188946E+01  0.1240823629E+05  0.1239321003E+05  0.1248320335E+05
L5 0.3728464967E+05  0.1138542393E+05  0.1181854869E+05  0.1381632186E+05
L6 0.3702029447E+05  -.4436552380E+06  0.4470596596E+05  -.5907124972E+06
L7 0.0000000000E+00  0.4821373313E+04  0.1312090301E+05  0.2051796278E+05
L8 0.5821708186E+04  0.5806934599E+05  0.0000000000E+00  0.0000000000E+00
L9 0.0000000000E+00  0.0000000000E+00  0.0000000000E+00  0.1036150005E+01  0.0000000000E+00
L0     3000  0.1160000000E+03  -.3516531495E+06  0.9238230853E+05
L1 0.2988485241E+03  0.2988485241E+03  -.4440354581E+12  0.1000000000E+01
L2 0.1000000000E+01  0.1244028734E+03  0.1244028734E+03  0.1244028734E+03
L3 0.1482085457E+07  -.1709161122E+03  -.1723548735E+03  0.4620243381E+02
L4 -.9902285064E+02  0.1233793399E+05  0.1250320779E+05  0.1236021010E+05
L5 0.3720135188E+05  0.1416104382E+05  0.1434166444E+05  0.1186738289E+05
L6 0.4037009114E+05  -.4440354581E+06  0.4368381518E+05  -.5897767571E+06
L7 0.0000000000E+00  0.4797217230E+04  0.1313495044E+05  0.2048967796E+05
L8 0.5772874259E+04  0.5786276394E+05  0.0000000000E+00  0.0000000000E+00
L9 0.0000000000E+00  0.0000000000E+00  0.0000000000E+00  0.1036261645E+01  0.0000000000E+00
L0     4000  0.1180000000E+03  -.3512451797E+06  0.9292751664E+05
L1 0.3006122237E+03  0.3006122237E+03  -.4441726963E+12  0.1000000000E+01
L2 0.1000000000E+01  0.1244100791E+03  0.1244100791E+03  0.1244100791E+03
L3 0.1482324504E+07  -.1465185229E+03  0.5913162857E+02  0.2101403179E+03
L4 0.4091780786E+02  0.1255010541E+05  0.1241909866E+05  0.1249690902E+05
L5 0.3746611309E+05  0.1411322570E+05  0.1178825796E+05  0.1025504507E+05
L6 0.3615652872E+05  -.4441726963E+06  0.4461172800E+05  -.5910172947E+06
L7 0.0000000000E+00  0.4736445346E+04  0.1306051057E+05  0.2059562787E+05
L8 0.5822997725E+04  0.5801728882E+05  0.0000000000E+00  0.0000000000E+00
L9 0.0000000000E+00  0.0000000000E+00  0.0000000000E+00  0.1036094532E+01  0.0000000000E+00
L0     5000  0.1200000000E+03  -.3516856556E+06  0.9269803293E+05
L1 0.2998698643E+03  0.2998698643E+03  -.4443836885E+12  0.1000000000E+01
L2 0.1000000000E+01  0.1244451916E+03  0.1244451916E+03  0.1244451916E+03
L3 0.1483585242E+07  -.3284745306E+03  0.1340541106E+03  0.1968856340E+03
L4 0.8217380063E+00  0.1253204612E+05  0.1223928977E+05  0.1250920917E+05
L5 0.3728054506E+05  0.1603932892E+05  0.1080792864E+05  0.1040696521E+05
L6 0.3725422277E+05  -.4443836885E+06  0.4423584051E+05  -.5907277494E+06
L7 0.0000000000E+00  0.4781485900E+04  0.1302011307E+05  0.2049426305E+05
L8 0.5783043686E+04  0.5802931462E+05  0.0000000000E+00  0.0000000000E+00
L9 0.0000000000E+00  0.0000000000E+00  0.0000000000E+00  0.1035214068E+01  0.0000000000E+00
L0     6000  0.1220000000E+03  -.3513971994E+06  0.9298714615E+05
L1 0.3008051198E+03  0.3008051198E+03  -.4443843455E+12  0.1000000000E+01
L2 0.1000000000E+01  0.1244247141E+03  0.1244247141E+03  0.1244247141E+03
L3 0.1482868061E+07  -.2356383399E+03  0.5489115998E+02  -.1586137022E+03
L4 -.1131202940E+03  0.1237646887E+05  0.1244255578E+05  0.1253074201E+05
L5 0.3734976666E+05  0.1489127810E+05  0.1185673942E+05  0.1422351918E+05
L6 0.4097153669E+05  -.4443843455E+06  0.4446919132E+05  -.5911438302E+06
L7 0.0000000000E+00  0.4731450567E+04  0.1319339394E+05  0.2046225180E+05
L8 0.5800853619E+04  0.5810234347E+05  0.0000000000E+00  0.0000000000E+00
L9 0.0000000000E+00  0.0000000000E+00  0.0000000000E+00  0.1035714744E+01  0.0000000000E+00
L0     7000  0.1240000000E+03  -.3515730921E+06  0.9260283879E+05
L1 0.2995619198E+03  0.2995619198E+03  -.4441759309E+12  0.1000000000E+01
L2 0.1000000000E+01  0.1243750319E+03  0.1243750319E+03  0.1243750319E+03
L3 0.1481066353E+07  0.1278715588E+03  -.4921747642E+01  0.1306198593E+03
L4 0.8452322347E+02  0.1252355055E+05  0.1236268847E+05  0.1235862885E+05
L5 0.3724486786E+05  0.1116052168E+05  0.1241515114E+05  0.1096630485E+05
L6 0.3454197767E+05  -.4441759309E+06  0.4437704865E+05  -.5908777867E+06
L7 0.0000000000E+00  0.4752161239E+04  0.1310711507E+05  0.2048012366E+05
L8 0.5811283648E+04  0.5817412363E+05  0.0000000000E+00  0.0000000000E+00
L9 0.0000000000E+00  0.0000000000E+00  0.0000000000E+00  0.1036974685E+01  0.0000000000E+00
L0     8000  0.1260000000E+03  -.3512896973E+06  0.9268842564E+05
L1 0.2998387856E+03  0.2998387856E+03  -.4439781229E+12  0.1000000000E+01
L2 0.1000000000E+01  0.1244444414E+03  0.1244444414E+03  0.1244444414E+03
L3 0.1483572675E+07  0.4469130035E+02  -.1354548331E+03  -.2300856598E+03
L4 -.1069497309E+03  0.1252436867E+05  0.1242252175E+05  0.1226992807E+05
L5 0.3721681849E+05  0.1204718190E+05  0.1386882683E+05  0.1472664409E+05
L6 0.4064265282E+05  -.4439781229E+06  0.4396703171E+05  -.5901661740E+06
L7 0.0000000000E+00  0.4858451152E+04  0.1284838966E+05  0.2047517548E+05
L8 0.5859008305E+04  0.5817999474E+05  0.0000000000E+00  0.0000000000E+00
L9 0.0000000000E+00  0.0000000000E+00  0.0000000000E+00  0.1035222838E+01  0.0000000000E+00
L0     9000  0.1280000000E+03  -.3515819949E+06  0.9233431873E+05
L1 0.2986932814E+03  0.2986932814E+03  -.4439163137E+12  0.1000000000E+01
L2 0.1000000000E+01  0.1244333738E+03  0.1244333738E+03  0.1244333738E+03
L3 0.1483149920E+07  0.3460778204E+03  0.1331996286E+03  -.1888220126E+03
L4 0.9681847878E+02  0.1240404798E+05  0.1237409229E+05  0.1238118928E+05
L5 0.3715932954E+05  0.8709890545E+04  0.1095227220E+05  0.1439674243E+05
L6 0.3405890517E+05  -.4439163137E+06  0.4441877423E+05  -.5904223497E+06
L7 0.0000000000E+00  0.4828805596E+04  0.1314226581E+05  0.2042466464E+05
L8 0.5744695030E+04  0.5794683076E+05  0.0000000000E+00  0.0000000000E+00
L9 0.0000000000E+00  0.0000000000E+00  0.0000000000E+00  0.1035517916E+01  0.0000000000E+00
L0    10000  0.1300000000E+03  -.3510550883E+06  0.9316200276E+05
L1 0.3013707653E+03  0.3013707653E+03  -.4442170911E+12  0.1000000000E+01
L2 0.1000000000E+01  0.1244083588E+03  0.1244083588E+03  0.1244083588E+03
L3 0.1482270181E+07  0.8255603726E+02  0.1093916108E+02  -.1333303405E+03
L4 -.1327838071E+02  0.1249681465E+05  0.1267777729E+05  0.1244291452E+05
L5 0.3761750646E+05  0.1161610493E+05  0.1256107807E+05  0.1386528569E+05
L6 0.3804246868E+05  -.4442170911E+06  0.4385478533E+05  -.5901041189E+06
L7 0.0000000000E+00  0.4666095407E+04  0.1310674285E+05  0.2048169861E+05
L8 0.5802611127E+04  0.5797509453E+05  0.0000000000E+00  0.0000000000E+00
L9 0.0000000000E+00  0.0000000000E+00  0.0000000000E+00  0.1036132504E+01  0.0000000000E+00
L0    11000  0.1320000000E+03  -.3522828989E+06  0.9234161747E+05
L1 0.2987168922E+03  0.2987168922E+03  -.4446245164E+12  0.1000000000E+01
L2 0.1000000000E+01  0.1244242985E+03  0.1244242985E+03  0.1244242985E+03
L3 0.1482853832E+07  -.1711890998E+03  -.1769991760E+03  -.5477127083E+01
L4 -.1178884676E+03  0.1233041468E+05  0.1233554171E+05  0.1232631281E+05
L5 0.3699226920E+05  0.1415738307E+05  0.1422451653E+05  0.1238476593E+05
L6 0.4076666553E+05  -.4446245164E+06  0.4410777427E+05  -.5906986870E+06
L7 0.0000000000E+00  0.4678651904E+04  0.1304423618E+05  0.2040663757E+05
L8 0.5796640736E+04  0.5804022993E+05  0.0000000000E+00  0.0000000000E+00
L9 0.0000000000E+00  0.0000000000E+00  0.0000000000E+00  0.1035724682E+01  0.0000000000E+00
L0    12000  0.1340000000E+03  -.3514545568E+06  0.9307417327E+05
L1 0.3010866448E+03  0.3010866448E+03  -.4445287301E+12  0.1000000000E+01
L2 0.1000000000E+01  0.1243508843E+03  0.1243508843E+03  0.1243508843E+03
L3 0.1480229677E+07  -.2000189996E+03  0.7410997075E+02  -.2070250373E+03
L4 -.1109780221E+03  0.1251714546E+05  0.1250591610E+05  0.1242087266E+05
L5 0.3744393422E+05  0.1464801538E+05  0.1171639757E+05  0.1462638026E+05
L6 0.4099079321E+05  -.4445287301E+06  0.4433625657E+05  -.5910726141E+06
L7 0.0000000000E+00  0.4757136675E+04  0.1317520259E+05  0.2051544795E+05
L8 0.5732240452E+04  0.5802759976E+05  0.0000000000E+00  0.0000000000E+00
L9 0.0000000000E+00  0.0000000000E+00  0.0000000000E+00  0.1037560817E+01  0.0000000000E+00
L0    13000  0.1360000000E+03  -.3520201659E+06  0.9258411326E+05
L1 0.2995013444E+03  0.2995013444E+03  -.4446042791E+12  0.1000000000E+01
L2 0.1000000000E+01  0.1243775993E+03  0.1243775993E+03  0.1243775993E+03
L3 0.1481186131E+07  -.2055824616E+03  0.4097805258E+02  -.2189525734E+03
L4 -.1278523275E+03  0.1252079955E+05  0.1254681201E+05  0.1227070046E+05
L5 0.3733831201E+05  0.1471235407E+05  0.1210997690E+05  0.1460478333E+05
L6 0.4142711429E+05  -.4446042791E+06  0.4457557753E+05  -.5912354129E+06
L7 0.0000000000E+00  0.4732703358E+04  0.1298972981E+05  0.2038588056E+05
L8 0.5821387345E+04  0.5812585517E+05  0.0000000000E+00  0.0000000000E+00
L9 0.0000000000E+00  0.0000000000E+00  0.0000000000E+00  0.1036890828E+01  0.0000000000E+00
L0    14000  0.1380000000E+03  -.3517525812E+06  0.9272620518E+05
L1 0.2999609991E+03  0.2999609991E+03  -.4444787864E+12  0.1000000000E+01
L2 0.1000000000E+01  0.1243631336E+03  0.1243631336E+03  0.1243631336E+03
L3 0.1480643136E+07  -.6608310081E+02  0.1067351401E+03  0.1720249579E+03
L4 0.7089233241E+02  0.1231581885E+05  0.1237578299E+05  0.1254789973E+05
L5 0.3723950158E+05  0.1302002108E+05  0.1123837990E+05  0.1071474790E+05
L6 0.3497314888E+05  -.4444787864E+06  0.4460981515E+05  -.5914265258E+06
L7 0.0000000000E+00  0.4854734098E+04  0.1317056972E+05  0.2056329452E+05
L8 0.5765004412E+04  0.5798432146E+05  0.0000000000E+00  0.0000000000E+00
L9 0.0000000000E+00  0.0000000000E+00  0.0000000000E+00  0.1037271086E+01  0.0000000000E+00
L0    15000  0.1400000000E+03  -.3509909307E+06  0.9312741554E+05
L1 0.3012588788E+03  0.3012588788E+03  -.4441183462E+12  0.1000000000E+01
L2 0.1000000000E+01  0.1243405104E+03  0.1243405104E+03  0.1243405104E+03
L3 0.1479841235E+07  0.1084663358E+03  -.7862806270E+02  0.4663070031E+02
L4 0.2548965781E+02  0.1245775861E+05  0.1254806370E+05  0.1254222414E+05
L5 0.3754804644E+05  0.1130253335E+05  0.1338549517E+05  0.1204558191E+05
L6 0.3673361044E+05  -.4441183462E+06  0.4402559873E+05  -.5903579080E+06
L7 0.0000000000E+00  0.4773698538E+04  0.1309525023E+05  0.2043293583E+05
L8 0.5838967091E+04  0.5807311136E+05  0.0000000000E+00  0.0000000000E+00
L9 0.0000000000E+00  0.0000000000E+00  0.0000000000E+00  0.1037833166E+01  0.0000000000E+00
L0    16000  0.1420000000E+03  -.3509068400E+06  0.9315062415E+05
L1 0.3013339565E+03  0.3013339565E+03  -.4440574642E+12  0.1000000000E+01
L2 0.1000000000E+01  0.1243416076E+03  0.1243416076E+03  0.1243416076E+03
L3 0.1479890229E+07  0.2901390806E+02  -.1108587998E+03  -.6488561387E+02
L4 -.4891016854E+02  0.1249983833E+05  0.1245582766E+05  0.1249366106E+05
L5 0.3744932705E+05  0.1219081425E+05  0.1363657304E+05  0.1318475089E+05
L6 0.3901213818E+05  -.4440574642E+06  0.4396357589E+05  -.5900363499E+06
L7 0.0000000000E+00  0.4717497445E+04  0.1304864043E+05  0.2042893190E+05
L8 0.5790403875E+04  0.5802983619E+05  0.0000000000E+00  0.0000000000E+00
L9 0.0000000000E+00  0.0000000000E+00  0.0000000000E+00  0.1037798807E+01  0.0000000000E+00
L0    17000  0.1440000000E+03  -.3516230478E+06  0.9238012302E+05
L1 0.2988414541E+03  0.2988414541E+03  -.4440031708E+12  0.1000000000E+01
L2 0.1000000000E+01  0.1243184286E+03  0.1243184286E+03  0.1243184286E+03
L3 0.1479056991E+07  0.1530976391E+03  -.1506225677E+03  -.1784950437E+02
L4 -.5124810970E+01  0.1241651969E+05  0.1229303507E+05  0.1240819562E+05
L5 0.3711775038E+05  0.1078681099E+05  0.1389639688E+05  0.1259820177E+05
L6 0.3728140964E+05  -.4440031708E+06  0.4391264777E+05  -.5898960264E+06
L7 0.0000000000E+00  0.4858701129E+04  0.1306492225E+05  0.2042575138E+05
L8 0.5791708763E+04  0.5783912429E+05  0.0000000000E+00  0.0000000000E+00
L9 0.0000000000E+00  0.0000000000E+00  0.0000000000E+00  0.1038383459E+01  0.0000000000E+00
L0    18000  0.1460000000E+03  -.3521305203E+06  0.9229314914E+05
L1 0.2985601014E+03  0.2985601014E+03  -.4444236694E+12  0.1000000000E+01
L2 0.1000000000E+01  0.1243495273E+03  0.1243495273E+03  0.1243495273E+03
L3 0.1480171828E+07  -.4252196533E+02  -.4019832560E+02  -.3684029829E+02
L4 -.3985352974E+02  0.1239492537E+05  0.1244791001E+05  0.1232427295E+05
L5 0.3716710833E+05  0.1284790852E+05  0.1287613960E+05  0.1271672974E+05
L6 0.3844077787E+05  -.4444236694E+06  0.4409083520E+05  -.5905400548E+06
L7 0.0000000000E+00  0.4721835386E+04  0.1316869005E+05  0.2044172914E+05
L8 0.5741984649E+04  0.5795131100E+05  0.0000000000E+00  0.0000000000E+00
L9 0.0000000000E+00  0.0000000000E+00  0.0000000000E+00  0.1037601368E+01  0.0000000000E+00
L0    19000  0.1480000000E+03  -.3520579706E+06  0.9256772598E+05
L1 0.2994483330E+03  0.2994483330E+03  -.4446256966E+12  0.1000000000E+01
L2 0.1000000000E+01  0.1243516247E+03  0.1243516247E+03  0.1243516247E+03
L3 0.1480240637E+07  0.1072321362E+03  0.4296564572E+02  -.1313878422E+03
L4 0.6269979907E+01  0.1235323385E+05  0.1234517742E+05  0.1232813958E+05
L5 0.3702655085E+05  0.1121084525E+05  0.1188744650E+05  0.1372786898E+05
L6 0.3682616073E+05  -.4446256966E+06  0.4407057882E+05  -.5908221494E+06
L7 0.0000000000E+00  0.4715350436E+04  0.1300630780E+05  0.2053108420E+05
L8 0.5798744878E+04  0.5807438665E+05  0.0000000000E+00  0.0000000000E+00
L9 0.0000000000E+00  0.0000000000E+00  0.0000000000E+00  0.1037553135E+01  0.0000000000E+00
L0    20000  0.1500000000E+03  -.3514831018E+06  0.9259585015E+05
L1 0.2995393122E+03  0.2995393122E+03  -.4440789519E+12  0.1000000000E+01
L2 0.1000000000E+01  0.1243913689E+03  0.1243913689E+03  0.1243913689E+03
L3 0.1481670725E+07  -.5373909107E+02  -.1577766525E+03  -.4087797522E+01
L4 -.7186784704E+02  0.1235990346E+05  0.1233228293E+05  0.1254107449E+05
L5 0.3723326087E+05  0.1293296148E+05  0.1401476722E+05  0.1258466557E+05
L6 0.3953239427E+05  -.4440789519E+06  0.4380014539E+05  -.5900268304E+06
L7 0.0000000000E+00  0.4826774642E+04  0.1298617184E+05  0.2043638530E+05
L8 0.5797378109E+04  0.5810102319E+05  0.0000000000E+00  0.0000000000E+00
L9 0.0000000000E+00  0.0000000000E+00  0.0000000000E+00  0.1036551703E+01  0.0000000000E+00
L0    21000  0.1520000000E+03  -.3508364330E+06  0.9284038820E+05
L1 0.3003303709E+03  0.3003303709E+03  -.4436768212E+12  0.1000000000E+01
L2 0.1000000000E+01  0.1243893194E+03  0.1243893194E+03  0.1243893194E+03
L3 0.1481584283E+07  -.8508825328E+02  -.8642413592E+02  0.2556516018E+03
L4 0.2804640420E+02  0.1239882783E+05  0.1258788411E+05  0.1237012230E+05
L5 0.3735683424E+05  0.1330613126E+05  0.1350943217E+05  0.9644087088E+04
L6 0.3645965051E+05  -.4436768212E+06  0.4389585499E+05  -.5897110357E+06
L7 0.0000000000E+00  0.4842029210E+04  0.1311857991E+05  0.2047100865E+05
L8 0.5801901027E+04  0.5790484062E+05  0.0000000000E+00  0.0000000000E+00
L9 0.0000000000E+00  0.0000000000E+00  0.0000000000E+00  0.1036612180E+01  0.0000000000E+00
L0    22000  0.1540000000E+03  -.3513022544E+06  0.9253304182E+05
L1 0.2993361328E+03  0.2993361328E+03  -.4438352962E+12  0.1000000000E+01
L2 0.1000000000E+01  0.1243640554E+03  0.1243640554E+03  0.1243640554E+03
L3 0.1480683199E+07  0.6578337280E+02  0.1652851428E+02  -.3180827210E+02
L4 0.1683453832E+02  0.1237008966E+05  0.1241853926E+05  0.1238620412E+05
L5 0.3717483304E+05  0.1166906247E+05  0.1224240147E+05  0.1272517220E+05
L6 0.3663663614E+05  -.4438352962E+06  0.4424893233E+05  -.5902085200E+06
L7 0.0000000000E+00  0.4745411039E+04  0.1312117554E+05  0.2042121008E+05
L8 0.5798913837E+04  0.5803758089E+05  0.0000000000E+00  0.0000000000E+00
L9 0.0000000000E+00  0.0000000000E+00  0.0000000000E+00  0.1037243020E+01  0.0000000000E+00
L0    23000  0.1560000000E+03  -.3508548991E+06  0.9327650198E+05
L1 0.3017411601E+03  0.3017411601E+03  -.4441314011E+12  0.1000000000E+01
L2 0.1000000000E+01  0.1244218052E+03  0.1244218052E+03  0.1244218052E+03
L3 0.1482753212E+07  -.6364547315E+02  -.6838766910E+02  0.3875019541E+02
L4 -.3109431561E+02  0.1263026265E+05  0.1244866535E+05  0.1269340219E+05
L5 0.3777233020E+05  0.1330945529E+05  0.1317846434E+05  0.1227987950E+05
L6 0.3876779913E+05  -.4441314011E+06  0.4357613041E+05  -.5897205017E+06
L7 0.0000000000E+00  0.4802910690E+04  0.1291481413E+05  0.2049691521E+05
L8 0.5777711489E+04  0.5802061872E+05  0.0000000000E+00  0.0000000000E+00
L9 0.0000000000E+00  0.0000000000E+00  0.0000000000E+00  0.1035794967E+01  0.0000000000E+00
L0    24000  0.1580000000E+03  -.3513850885E+06  0.9246138947E+05
L1 0.2991043439E+03  0.2991043439E+03  -.4438464780E+12  0.1000000000E+01
L2 0.1000000000E+01  0.1243737613E+03  0.1243737613E+03  0.1243737613E+03
L3 0.1481024913E+07  -.9247882099E+02  -.7447100718E+01  0.2637267985E+03
L4 0.5460029227E+02  0.1233304303E+05  0.1242593846E+05  0.1243506427E+05
L5 0.3719404576E+05  0.1331878041E+05  0.1250531756E+05  0.9623984260E+04
L6 0.3544808224E+05  -.4438464780E+06  0.4419009496E+05  -.5901192804E+06
L7 0.0000000000E+00  0.4769023463E+04  0.1312601835E+05  0.2048506038E+05
L8 0.5735088677E+04  0.5796751652E+05  0.0000000000E+00  0.0000000000E+00
L9 0.0000000000E+00  0.0000000000E+00  0.0000000000E+00  0.1037003700E+01  0.0000000000E+00
L0    25000  0.1600000000E+03  -.3512079855E+06  0.9300651334E+05
L1 0.3008677709E+03  0.3008677709E+03  -.4442144988E+12  0.1000000000E+01
L2 0.1000000000E+01  0.1243610582E+03  0.1243610582E+03  0.1243610582E+03
L3 0.1480572118E+07  0.2066621162E+03  -.2015282547E+03  0.1368683490E+03
L4 0.4733407016E+02  0.1248959848E+05  0.1235308700E+05  0.1263839267E+05
L5 0.3748107815E+05  0.1028744787E+05  0.1450053220E+05  0.1117995063E+05
L6 0.3596793070E+05  -.4442144988E+06  0.4393317467E+05  -.5902426658E+06
L7 0.0000000000E+00  0.4796075665E+04  0.1322326986E+05  0.2040368532E+05
L8 0.5707408921E+04  0.5796455257E+05  0.0000000000E+00  0.0000000000E+00
L9 0.0000000000E+00  0.0000000000E+00  0.0000000000E+00  0.1037320840E+01  0.0000000000E+00
L0    26000  0.1620000000E+03  -.3519835597E+06  0.9246625738E+05
L1 0.2991200911E+03  0.2991200911E+03  -.4444498171E+12  0.1000000000E+01
L2 0.1000000000E+01  0.1243645520E+03  0.1243645520E+03  0.1243645520E+03
L3 0.1480728266E+07  0.8633406277E+02  -.4907070293E+02  -.6074879022E+03
L4 -.1900748475E+03  0.1233227227E+05  0.1234623101E+05  0.1249572289E+05
L5 0.3717422618E+05  0.1141221656E+05  0.1286917386E+05  0.1896967647E+05
L6 0.4325106688E+05  -.4444498171E+06  0.4360789061E+05  -.5900928733E+06
L7 0.0000000000E+00  0.4751125042E+04  0.1300511975E+05  0.2047767610E+05
L8 0.5758093437E+04  0.5804315130E+05  0.0000000000E+00  0.0000000000E+00
L9 0.0000000000E+00  0.0000000000E+00  0.0000000000E+00  0.1037211451E+01  0.0000000000E+00
L0    27000  0.1640000000E+03  -.3515259800E+06  0.9285392367E+05
L1 0.3003741570E+03  0.3003741570E+03  -.4443799036E+12  0.1000000000E+01
L2 0.1000000000E+01  0.1243957958E+03  0.1243957958E+03  0.1243957958E+03
L3 0.1481827665E+07  -.1806087048E+03  -.5587093335E+02  0.4940669401E+02
L4 -.6235764806E+02  0.1250879495E+05  0.1248730339E+05  0.1244742309E+05
L5 0.3744352143E+05  0.1443495760E+05  0.1308315787E+05  0.1192050868E+05
L6 0.3943862415E+05  -.4443799036E+06  0.4382219917E+05  -.5904311287E+06
L7 0.0000000000E+00  0.4704393276E+04  0.1305035054E+05  0.2049183652E+05
L8 0.5818134298E+04  0.5816431122E+05  0.0000000000E+00  0.0000000000E+00
L9 0.0000000000E+00  0.0000000000E+00  0.0000000000E+00  0.1036441922E+01  0.0000000000E+00
L0    28000  0.1660000000E+03  -.3515344880E+06  0.9264830505E+05
L1 0.2997089991E+03  0.2997089991E+03  -.4441827931E+12  0.1000000000E+01
L2 0.1000000000E+01  0.1244060388E+03  0.1244060388E+03  0.1244060388E+03
L3 0.1482201019E+07  -.1692396726E+03  -.9711225539E+00  -.1819294384E+03
L4 -.1173800779E+03  0.1247457262E+05  0.1247671192E+05  0.1238290572E+05
L5 0.3733419026E+05  0.1427994114E+05  0.1248707139E+05  0.1432364263E+05
L6 0.4109065516E+05  -.4441827931E+06  0.4417834058E+05  -.5903133012E+06
L7 0.0000000000E+00  0.4668253514E+04  0.1298985738E+05  0.2046618713E+05
L8 0.5753919245E+04  0.5807395033E+05  0.0000000000E+00  0.0000000000E+00
L9 0.0000000000E+00  0.0000000000E+00  0.0000000000E+00  0.1036180851E+01  0.0000000000E+00
L0    29000  0.1680000000E+03  -.3509253960E+06  0.9318840638E+05
L1 0.3014561787E+03  0.3014561787E+03  -.4441138024E+12  0.1000000000E+01
L2 0.1000000000E+01  0.1244020287E+03  0.1244020287E+03  0.1244020287E+03
L3 0.1482048157E+07  -.1468335418E+03  -.1317353409E+03  0.1427683564E+03
L4 -.4526684209E+02  0.1259107832E+05  0.1251741066E+05  0.1238237322E+05
L5 0.3749086219E+05  0.1415726732E+05  0.1392255583E+05  0.1085954521E+05
L6 0.3893936836E+05  -.4441138024E+06  0.4431314762E+05  -.5907163478E+06
L7 0.0000000000E+00  0.4779304520E+04  0.1311070876E+05  0.2046656297E+05
L8 0.5842049948E+04  0.5809077154E+05  0.0000000000E+00  0.0000000000E+00
L9 0.0000000000E+00  0.0000000000E+00  0.0000000000E+00  0.1036287726E+01  0.0000000000E+00
L0    30000  0.1700000000E+03  -.3507100990E+06  0.9275108103E+05
L1 0.3000414702E+03  0.3000414702E+03  -.4434611800E+12  0.1000000000E+01
L2 0.1000000000E+01  0.1244317791E+03  0.1244317791E+03  0.1244317791E+03
L3 0.1483105621E+07  0.6548911842E+02  0.7798390741E+02  -.1414880768E+03
L4 0.6616496933E+00  0.1248964336E+05  0.1248128319E+05  0.1252871466E+05
L5 0.3749964121E+05  0.1179061016E+05  0.1164888015E+05  0.1403896348E+05
L6 0.3747845379E+05  -.4434611800E+06  0.4393051776E+05  -.5895157586E+06
L7 0.0000000000E+00  0.4742292021E+04  0.1307006360E+05  0.2053323069E+05
L8 0.5811693657E+04  0.5796678091E+05  0.0000000000E+00  0.0000000000E+00
L9 0.0000000000E+00  0.0000000000E+00  0.0000000000E+00  0.1035548846E+01  0.0000000000E+00
L0    31000  0.1720000000E+03  -.3514831908E+06  0.9268548635E+05
L1 0.2998292773E+03  0.2998292773E+03  -.4441686772E+12  0.1000000000E+01
L2 0.1000000000E+01  0.1243969596E+03  0.1243969596E+03  0.1243969596E+03
L3 0.1481867661E+07  0.5039814726E+02  -.9802494952E+02  -.1032547353E+03
L4 -.5029384586E+02  0.1229934858E+05  0.1248684975E+05  0.1239349628E+05
L5 0.3717969462E+05  0.1176184598E+05  0.1353229821E+05  0.1349472107E+05
L6 0.3878886526E+05  -.4441686772E+06  0.4401230493E+05  -.5902085650E+06
L7 0.0000000000E+00  0.4731154229E+04  0.1298687021E+05  0.2047492065E+05
L8 0.5835347535E+04  0.5799929026E+05  0.0000000000E+00  0.0000000000E+00
L9 0.0000000000E+00  0.0000000000E+00  0.0000000000E+00  0.1036413949E+01  0.0000000000E+00
L0    32000  0.1740000000E+03  -.3514734363E+06  0.9280136266E+05
L1 0.3002041268E+03  0.3002041268E+03  -.4442747990E+12  0.1000000000E+01
L2 0.1000000000E+01  0.1244055359E+03  0.1244055359E+03  0.1244055359E+03
L3 0.1482148517E+07  -.5205175266E+02  0.1469354510E+03  0.3364292266E+03
L4 0.1437709750E+03  0.1250755713E+05  0.1248555306E+05  0.1237105025E+05
L5 0.3736416043E+05  0.1306280085E+05  0.1091817092E+05  0.8782310036E+04
L6 0.3276328181E+05  -.4442747990E+06  0.4420666534E+05  -.5906773342E+06
L7 0.0000000000E+00  0.4734875439E+04  0.1313826558E+05  0.2052928275E+05
L8 0.5790027942E+04  0.5800341813E+05  0.0000000000E+00  0.0000000000E+00
L9 0.0000000000E+00  0.0000000000E+00  0.0000000000E+00  0.1036217556E+01  0.0000000000E+00
L0    33000  0.1760000000E+03  -.3511980040E+06  0.9252442513E+05
L1 0.2993082586E+03  0.2993082586E+03  -.4437224291E+12  0.1000000000E+01
L2 0.1000000000E+01  0.1243775597E+03  0.1243775597E+03  0.1243775597E+03
L3 0.1481160618E+07  0.1214153505E+03  -.1170539181E+03  0.1592637091E+03
L4 0.5454171386E+02  0.1240284925E+05  0.1237724725E+05  0.1240808638E+05
L5 0.3718818289E+05  0.1110855705E+05  0.1362504642E+05  0.1071032926E+05
L6 0.3544393273E+05  -.4437224291E+06  0.4354217975E+05  -.5893535707E+06
L7 0.0000000000E+00  0.4788497531E+04  0.1308791237E+05  0.2040056062E+05
L8 0.5785250372E+04  0.5802674091E+05  0.0000000000E+00  0.0000000000E+00
L9 0.0000000000E+00  0.0000000000E+00  0.0000000000E+00  0.1036908689E+01  0.0000000000E+00
L0    34000  0.1780000000E+03  -.3508126904E+06  0.9301346557E+05
L1 0.3008902608E+03  0.3008902608E+03  -.4438261560E+12  0.1000000000E+01
L2 0.1000000000E+01  0.1243846728E+03  0.1243846728E+03  0.1243846728E+03
L3 0.1481407233E+07  0.1803445095E+03  -.9778567192E+02  0.2517992930E+03
L4 0.1114527102E+03  0.1245806007E+05  0.1245748941E+05  0.1267151555E+05
L5 0.3758706503E+05  0.1053526072E+05  0.1350006191E+05  0.9986878702E+04
L6 0.3402220134E+05  -.4438261560E+06  0.4432778603E+05  -.5902841918E+06
L7 0.0000000000E+00  0.4798111596E+04  0.1318124873E+05  0.2041038093E+05
L8 0.5764212532E+04  0.5797629600E+05  0.0000000000E+00  0.0000000000E+00
L9 0.0000000000E+00  0.0000000000E+00  0.0000000000E+00  0.1036736071E+01  0.0000000000E+00
L0    35000  0.1800000000E+03  -.3511832709E+06  0.9272098032E+05
L1 0.2999440971E+03  0.2999440971E+03  -.4439042512E+12  0.1000000000E+01
L2 0.1000000000E+01  0.1243614889E+03  0.1243614889E+03  0.1243614889E+03
L3 0.1480587014E+07  -.3868623913E+02  0.7085915236E+02  0.1209231496E+03
L4 0.5103202095E+02  0.1252283671E+05  0.1249997490E+05  0.1243047928E+05
L5 0.3745329089E+05  0.1293507377E+05  0.1174490620E+05  0.1114193316E+05
L6 0.3582191313E+05  -.4439042512E+06  0.4358790885E+05  -.5896203212E+06
L7 0.0000000000E+00  0.4767860520E+04  0.1303539625E+05  0.2041767038E+05
L8 0.5813769989E+04  0.5809346404E+05  0.0000000000E+00  0.0000000000E+00
L9 0.0000000000E+00  0.0000000000E+00  0.0000000000E+00  0.1037310404E+01  0.0000000000E+00
L0    36000  0.1820000000E+03  -.3514652142E+06  0.9267263518E+05
L1 0.2997877049E+03  0.2997877049E+03  -.4441378494E+12  0.1000000000E+01
L2 0.1000000000E+01  0.1244076686E+03  0.1244076686E+03  0.1244076686E+03
L3 0.1482243485E+07  0.3713611072E+02  -.2807801241E+02  -.2986941326E+01
L4 0.2023718995E+01  0.1237170991E+05  0.1244884111E+05  0.1237917325E+05
L5 0.3719972428E+05  0.1197554816E+05  0.1274837261E+05  0.1241103744E+05
L6 0.3713495820E+05  -.4441378494E+06  0.4433270533E+05  -.5904085098E+06
L7 0.0000000000E+00  0.4776790181E+04  0.1301493459E+05  0.2042258195E+05
L8 0.5784829353E+04  0.5793881902E+05  0.0000000000E+00  0.0000000000E+00
L9 0.0000000000E+00  0.0000000000E+00  0.0000000000E+00  0.1036151165E+01  0.0000000000E+00
L0    37000  0.1840000000E+03  -.3510034172E+06  0.9279058631E+05
L1 0.3001692663E+03  0.3001692663E+03  -.4437940035E+12  0.1000000000E+01
L2 0.1000000000E+01  0.1243541095E+03  0.1243541095E+03  0.1243541095E+03
L3 0.1480335377E+07  0.8329417667E+02  0.1095346068E+03  -.3103712676E+03
L4 -.3918082804E+02  0.1251355038E+05  0.1247757365E+05  0.1244601382E+05
L5 0.3743713785E+05  0.1162612604E+05  0.1131058119E+05  0.1575273980E+05
L6 0.3868944702E+05  -.4437940035E+06  0.4421010568E+05  -.5900713008E+06
L7 0.0000000000E+00  0.4721284711E+04  0.1311022657E+05  0.2042774898E+05
L8 0.5759984150E+04  0.5804794720E+05  0.0000000000E+00  0.0000000000E+00
L9 0.0000000000E+00  0.0000000000E+00  0.0000000000E+00  0.1037486733E+01  0.0000000000E+00
L0    38000  0.1860000000E+03  -.3516763977E+06  0.9283767308E+05
L1 0.3003215878E+03  0.3003215878E+03  -.4445140708E+12  0.1000000000E+01
L2 0.1000000000E+01  0.1243471311E+03  0.1243471311E+03  0.1243471311E+03
L3 0.1480074494E+07  -.5364965848E+02  0.4856344889E+02  0.1529452615E+03
L4 0.4928635064E+02  0.1247080351E+05  0.1249418989E+05  0.1246241815E+05
L5 0.3742741155E+05  0.1304229151E+05  0.1197688132E+05  0.1083321147E+05
L6 0.3585238430E+05  -.4445140708E+06  0.4431146390E+05  -.5908139368E+06
L7 0.0000000000E+00  0.4704859132E+04  0.1312567055E+05  0.2043139988E+05
L8 0.5780671603E+04  0.5794580090E+05  0.0000000000E+00  0.0000000000E+00
L9 0.0000000000E+00  0.0000000000E+00  0.0000000000E+00  0.1037669604E+01  0.0000000000E+00
L0    39000  0.1880000000E+03  -.3507932283E+06  0.9288404923E+05
L1 0.3004716105E+03  0.3004716105E+03  -.4436772776E+12  0.1000000000E+01
L2 0.1000000000E+01  0.1243717183E+03  0.1243717183E+03  0.1243717183E+03
L3 0.1480956740E+07  0.3464116020E+02  0.7431475176E+02  -.5436781251E+02
L4 0.1819603315E+02  0.1236064204E+05  0.1251624134E+05  0.1234374772E+05
L5 0.3722063110E+05  0.1199141680E+05  0.1172415234E+05  0.1292323087E+05
L6 0.3663880000E+05  -.4436772776E+06  0.4411375360E+05  -.5901784267E+06
L7 0.0000000000E+00  0.4918924571E+04  0.1315244498E+05  0.2043207697E+05
L8 0.5762756519E+04  0.5812119248E+05  0.0000000000E+00  0.0000000000E+00
L9 0.0000000000E+00  0.0000000000E+00  0.0000000000E+00  0.1037051436E+01  0.0000000000E+00
L0    40000  0.1900000000E+03  -.3513055614E+06  0.9320177068E+05
L1 0.3014994110E+03  0.3014994110E+03  -.4445073321E+12  0.1000000000E+01
L2 0.1000000000E+01  0.1243762328E+03  0.1243762328E+03  0.1243762328E+03
L3 0.1481124214E+07  -.2321939391E+03  -.6409803604E+02  0.2101348967E+03
L4 -.2871902615E+02  0.1256737799E+05  0.1243627468E+05  0.1246949951E+05
L5 0.3747315218E+05  0.1504251328E+05  0.1311954536E+05  0.1022950867E+05
L6 0.3839156730E+05  -.4445073321E+06  0.4438342351E+05  -.5908428244E+06
L7 0.0000000000E+00  0.4832651951E+04  0.1306420261E+05  0.2035835150E+05
L8 0.5728752570E+04  0.5796811021E+05  0.0000000000E+00  0.0000000000E+00
L9 0.0000000000E+00  0.0000000000E+00  0.0000000000E+00  0.1036934174E+01  0.0000000000E+00
L0    41000  0.1920000000E+03  -.3513481616E+06  0.9256137728E+05
L1 0.2994277955E+03  0.2994277955E+03  -.4439095389E+12  0.1000000000E+01
L2 0.1000000000E+01  0.1244099239E+03  0.1244099239E+03  0.1244099239E+03
L3 0.1482313023E+07  0.4728432244E+02  0.2668391509E+02  0.1833930539E+03
L4 0.8578709715E+02  0.1253619507E+05  0.1233819674E+05  0.1225147446E+05
L5 0.3712586627E+05  0.1203175024E+05  0.1205352389E+05  0.1029497655E+05
L6 0.3438025068E+05  -.4439095389E+06  0.4426982989E+05  -.5901283709E+06
L7 0.0000000000E+00  0.4731355080E+04  0.1310126283E+05  0.2033250196E+05
L8 0.5762671728E+04  0.5802121047E+05  0.0000000000E+00  0.0000000000E+00
L9 0.0000000000E+00  0.0000000000E+00  0.0000000000E+00  0.1036102557E+01  0.0000000000E+00
L0    42000  0.1940000000E+03  -.3509088626E+06  0.9281680900E+05
L1 0.3002540943E+03  0.3002540943E+03  -.4437256716E+12  0.1000000000E+01
L2 0.1000000000E+01  0.1243783599E+03  0.1243783599E+03  0.1243783599E+03
L3 0.1481188087E+07  0.2368174583E+02  0.2685571280E+03  -.1032275664E+03
L4 0.6300376914E+02  0.1237703454E+05  0.1260142266E+05  0.1262488100E+05
L5 0.3760333821E+05  0.1212458156E+05  0.9738540489E+04  0.1372531115E+05
L6 0.3558843320E+05  -.4437256716E+06  0.4396721363E+05  -.5897228357E+06
L7 0.0000000000E+00  0.4754011600E+04  0.1309284501E+05  0.2040754439E+05
L8 0.5776414608E+04  0.5799913483E+05  0.0000000000E+00  0.0000000000E+00
L9 0.0000000000E+00  0.0000000000E+00  0.0000000000E+00  0.1036889459E+01  0.0000000000E+00
L0    43000  0.1960000000E+03  -.3507572779E+06  0.9314729875E+05
L1 0.3013231992E+03  0.3013231992E+03  -.4439045767E+12  0.1000000000E+01
L2 0.1000000000E+01  0.1244021286E+03  0.1244021286E+03  0.1244021286E+03
L3 0.1482039650E+07  0.8074573103E+02  -.1768032584E+02  0.7526342361E+02
L4 0.4610960960E+02  0.1253426208E+05  0.1258157474E+05  0.1258426843E+05
L5 0.3770010526E+05  0.1167299872E+05  0.1277015954E+05  0.1178148136E+05
L6 0.3622463961E+05  -.4439045767E+06  0.4429449540E+05  -.5901370788E+06
L7 0.0000000000E+00  0.4743308748E+04  0.1297511810E+05  0.2046893916E+05
L8 0.5806707868E+04  0.5794393290E+05  0.0000000000E+00  0.0000000000E+00
L9 0.0000000000E+00  0.0000000000E+00  0.0000000000E+00  0.1036293674E+01  0.0000000000E+00
L0    44000  0.1980000000E+03  -.3509823301E+06  0.9251349097E+05
L1 0.2992728876E+03  0.2992728876E+03  -.4434958211E+12  0.1000000000E+01
L2 0.1000000000E+01  0.1244453309E+03  0.1244453309E+03  0.1244453309E+03
L3 0.1483576292E+07  0.6570000676E+02  -.5472036145E+02  0.3072772230E+03
L4 0.1060856228E+03  0.1246341540E+05  0.1235956780E+05  0.1250543069E+05
L5 0.3732841389E+05  0.1176190861E+05  0.1294384027E+05  0.9224501679E+04
L6 0.3393025056E+05  -.4434958211E+06  0.4422941300E+05  -.5897156943E+06
L7 0.0000000000E+00  0.4813135264E+04  0.1304981977E+05  0.2036576270E+05
L8 0.5809115361E+04  0.5795262708E+05  0.0000000000E+00  0.0000000000E+00
L9 0.0000000000E+00  0.0000000000E+00  0.0000000000E+00  0.1035220313E+01  0.0000000000E+00
L0    45000  0.2000000000E+03  -.3512131744E+06  0.9278642886E+05
L1 0.3001558173E+03  0.3001558173E+03  -.4439996032E+12  0.1000000000E+01
L2 0.1000000000E+01  0.1243770618E+03  0.1243770618E+03  0.1243770618E+03
L3 0.1481147822E+07  0.2446893528E+03  -.1106543643E+03  -.8375956419E+02
L4 0.1675847478E+02  0.1243813931E+05  0.1243467492E+05  0.1249623328E+05
L5 0.3736904750E+05  0.9829764143E+04  0.1361424441E+05  0.1338910567E+05
L6 0.3683311422E+05  -.4439996032E+06  0.4399047190E+05  -.5901624563E+06
L7 0.0000000000E+00  0.4908004236E+04  0.1307385510E+05  0.2048443585E+05
L8 0.5748719835E+04  0.5795736614E+05  0.0000000000E+00  0.0000000000E+00
L9 0.0000000000E+00  0.0000000000E+00  0.0000000000E+00  0.1036917647E+01  0.0000000000E+00
L0    46000  0.2020000000E+03  -.3510056719E+06  0.9296757724E+05
L1 0.3007418161E+03  0.3007418161E+03  -.4439732491E+12  0.1000000000E+01
L2 0.1000000000E+01  0.1243907802E+03  0.1243907802E+03  0.1243907802E+03
L3 0.1481627593E+07  0.4936005892E+01  0.7736442261E+02  0.2036028360E+03
L4 0.9530108818E+02  0.1252439626E+05  0.1256559966E+05  0.1257502538E+05
L5 0.3766502130E+05  0.1247176166E+05  0.1174063200E+05  0.1040392721E+05
L6 0.3461632087E+05  -.4439732491E+06  0.4454349068E+05  -.5907789262E+06
L7 0.0000000000E+00  0.4814836498E+04  0.1319702650E+05  0.2040706402E+05
L8 0.5791648395E+04  0.5805161099E+05  0.0000000000E+00  0.0000000000E+00
L9 0.0000000000E+00  0.0000000000E+00  0.0000000000E+00  0.1036581879E+01  0.0000000000E+00
L0    47000  0.2040000000E+03  -.3511023498E+06  0.9272756006E+05
L1 0.2999653820E+03  0.2999653820E+03  -.4438299099E+12  0.1000000000E+01
L2 0.1000000000E+01  0.1243715914E+03  0.1243715914E+03  0.1243715914E+03
L3 0.1480967639E+07  -.2222303414E+03  0.7245287781E+02  -.1460315864E+03
L4 -.9860301668E+02  0.1241331477E+05  0.1237741448E+05  0.1240114696E+05
L5 0.3719187622E+05  0.1478198991E+05  0.1160516471E+05  0.1395764634E+05
L6 0.4034480096E+05  -.4438299099E+06  0.4358536696E+05  -.5892890755E+06
L7 0.0000000000E+00  0.4773292134E+04  0.1303263795E+05  0.2038377284E+05
L8 0.5758462514E+04  0.5792563329E+05  0.0000000000E+00  0.0000000000E+00
L9 0.0000000000E+00  0.0000000000E+00  0.0000000000E+00  0.1037043804E+01  0.0000000000E+00
L0    48000  0.2060000000E+03  -.3515513718E+06  0.9276292815E+05
L1 0.3000797946E+03  0.3000797946E+03  -.4443143000E+12  0.1000000000E+01
L2 0.1000000000E+01  0.1243539803E+03  0.1243539803E+03  0.1243539803E+03
L3 0.1480336020E+07  -.1099333707E+03  -.8779856611E+02  -.3923113309E+02
L4 -.7898768996E+02  0.1243065257E+05  0.1233832820E+05  0.1245494359E+05
L5 0.3722392437E+05  0.1360189402E+05  0.1327374316E+05  0.1287291612E+05
L6 0.3974855329E+05  -.4443143000E+06  0.4396474656E+05  -.5904143830E+06
L7 0.0000000000E+00  0.4646245144E+04  0.1308895513E+05  0.2050268149E+05
L8 0.5832257418E+04  0.5806519731E+05  0.0000000000E+00  0.0000000000E+00
L9 0.0000000000E+00  0.0000000000E+00  0.0000000000E+00  0.1037486283E+01  0.0000000000E+00
L0    49000  0.2080000000E+03  -.3514148322E+06  0.9261007742E+05
L1 0.2995853361E+03  0.2995853361E+03  -.4440249096E+12  0.1000000000E+01
L2 0.1000000000E+01  0.1243633276E+03  0.1243633276E+03  0.1243633276E+03
L3 0.1480658405E+07  -.2364526327E+02  -.2182682575E+02  0.6871072083E+02
L4 0.7746210601E+01  0.1244484986E+05  0.1237625428E+05  0.1249509330E+05
L5 0.3731619744E+05  0.1269682379E+05  0.1260885017E+05  0.1176288279E+05
L6 0.3706855675E+05  -.4440249096E+06  0.4394635575E+05  -.5899956826E+06
L7 0.0000000000E+00  0.4851605272E+04  0.1315544667E+05  0.2040085475E+05
L8 0.5681348888E+04  0.5793516166E+05  0.0000000000E+00  0.0000000000E+00
L9 0.0000000000E+00  0.0000000000E+00  0.0000000000E+00  0.1037260390E+01  0.0000000000E+00
L0    50000  0.2100000000E+03  -.3515813109E+06  0.9273403587E+05
L1 0.2999863306E+03  0.2999863306E+03  -.4443153467E+12  0.1000000000E+01
L2 0.1000000000E+01  0.1243205904E+03  0.1243205904E+03  0.1243205904E+03
L3 0.1479126385E+07  0.1342184839E+03  -.5559762951E+01  0.3256285967E+02
L4 0.5374052687E+02  0.1241891351E+05  0.1250485376E+05  0.1253575868E+05
L5 0.3745952594E+05  0.1099010446E+05  0.1256403964E+05  0.1218911410E+05
L6 0.3574325820E+05  -.4443153467E+06  0.4438966192E+05  -.5905100581E+06
L7 0.0000000000E+00  0.4835263967E+04  0.1304303880E+05  0.2039568443E+05
L8 0.5723757453E+04  0.5780730476E+05  0.0000000000E+00  0.0000000000E+00
L9 0.0000000000E+00  0.0000000000E+00  0.0000000000E+00  0.1038334743E+01  0.0000000000E+00
L0    51000  0.2120000000E+03  -.3525836851E+06  0.9238357029E+05
L1 0.2988526058E+03  0.2988526058E+03  -.4449672554E+12  0.1000000000E+01
L2 0.1000000000E+01  0.1243241748E+03  0.1243241748E+03  0.1243241748E+03
L3 0.1479258607E+07  0.3979743566E+02  -.1145321885E+03  0.1386489930E+03
L4 0.2130474669E+02  0.1248849372E+05  0.1231289431E+05  0.1242646942E+05
L5 0.3722785746E+05  0.1206479635E+05  0.1353224392E+05  0.1095036390E+05
L6 0.3654740417E+05  -.4449672554E+06  0.4427726492E+05  -.5913222793E+06
L7 0.0000000000E+00  0.4814788366E+04  0.1302137500E+05  0.2040272653E+05
L8 0.5770916216E+04  0.5806795288E+05  0.0000000000E+00  0.0000000000E+00
L9 0.0000000000E+00  0.0000000000E+00  0.0000000000E+00  0.1038241932E+01  0.0000000000E+00
L0    52000  0.2140000000E+03  -.3522261165E+06  0.9225441599E+05
L1 0.2984348031E+03  0.2984348031E+03  -.4444805325E+12  0.1000000000E+01
L2 0.1000000000E+01  0.1243650226E+03  0.1243650226E+03  0.1243650226E+03
L3 0.1480708028E+07  -.9820862393E+02  0.1279081038E+03  0.2415461502E+03
L4 0.9041521002E+02  0.1237241952E+05  0.1237612713E+05  0.1246217037E+05
L5 0.3721071702E+05  0.1341900725E+05  0.1101303857E+05  0.9888066127E+04
L6 0.3432011195E+05  -.4444805325E+06  0.4452029668E+05  -.5910471071E+06
L7 0.0000000000E+00  0.4798254846E+04  0.1310106172E+05  0.2039960663E+05
L8 0.5760459679E+04  0.5798689506E+05  0.0000000000E+00  0.0000000000E+00
L9 0.0000000000E+00  0.0000000000E+00  0.0000000000E+00  0.1037225628E+01  0.0000000000E+00
L0    53000  0.2160000000E+03  -.3518331939E+06  0.9248637536E+05
L1 0.2991851710E+03  0.2991851710E+03  -.4443195693E+12  0.1000000000E+01
L2 0.1000000000E+01  0.1243494961E+03  0.1243494961E+03  0.1243494961E+03
L3 0.1480173620E+07  -.2383233326E+03  -.3476388497E+02  0.8752203925E+02
L4 -.6185505944E+02  0.1222040986E+05  0.1239353519E+05  0.1254977608E+05
L5 0.3716372113E+05  0.1475925261E+05  0.1276387256E+05  0.1161740957E+05
L6 0.3914053474E+05  -.4443195693E+06  0.4382597799E+05  -.5899820338E+06
L7 0.0000000000E+00  0.4761767225E+04  0.1294959314E+05  0.2035343424E+05
L8 0.5776370958E+04  0.5799532103E+05  0.0000000000E+00  0.0000000000E+00
L9 0.0000000000E+00  0.0000000000E+00  0.0000000000E+00  0.1037600112E+01  0.0000000000E+00
L0    54000  0.2180000000E+03  -.3514595958E+06  0.9273178819E+05
L1 0.2999790596E+03  0.2999790596E+03  -.4441913840E+12  0.1000000000E+01
L2 0.1000000000E+01  0.1243954372E+03  0.1243954372E+03  0.1243954372E+03
L3 0.1481822695E+07  0.3489735271E+02  -.1481764541E+03  -.2518414100E+03
L4 -.1217068371E+03  0.1246511911E+05  0.1249979341E+05  0.1248424617E+05
L5 0.3744915868E+05  0.1209294573E+05  0.1408006604E+05  0.1517008510E+05
L6 0.4134309686E+05  -.4441913840E+06  0.4399720215E+05  -.5902838000E+06
L7 0.0000000000E+00  0.4846178853E+04  0.1305103965E+05  0.2045347931E+05
L8 0.5790892766E+04  0.5795362326E+05  0.0000000000E+00  0.0000000000E+00
L9 0.0000000000E+00  0.0000000000E+00  0.0000000000E+00  0.1036445399E+01  0.0000000000E+00
L0    55000  0.2200000000E+03  -.3518794056E+06  0.9256064571E+05
L1 0.2994254289E+03  0.2994254289E+03  -.4444400513E+12  0.1000000000E+01
L2 0.1000000000E+01  0.1243948304E+03  0.1243948304E+03  0.1243948304E+03
L3 0.1481792403E+07  -.3596855347E+03  -.5547082752E+02  0.2453712255E+03
L4 -.5659504555E+02  0.1239337920E+05  0.1243746491E+05  0.1233984617E+05
L5 0.3717069028E+05  0.1622927602E+05  0.1302903824E+05  0.9723063976E+04
L6 0.3898137824E+05  -.4444400513E+06  0.4406365522E+05  -.5904891347E+06
L7 0.0000000000E+00  0.4745067970E+04  0.1303086521E+05  0.2034523035E+05
L8 0.5806505217E+04  0.5805775947E+05  0.0000000000E+00  0.0000000000E+00
L9 0.0000000000E+00  0.0000000000E+00  0.0000000000E+00  0.1036466587E+01  0.0000000000E+00
L0    56000  0.2220000000E+03  -.3518201974E+06  0.9263046051E+05
L1 0.2996512736E+03  0.2996512736E+03  -.4444506579E+12  0.1000000000E+01
L2 0.1000000000E+01  0.1243614725E+03  0.1243614725E+03  0.1243614725E+03
L3 0.1480595147E+07  -.1600436490E+03  0.1676650988E+03  -.5253211514E+02
L4 -.1497022177E+02  0.1231680630E+05  0.1243739199E+05  0.1247979872E+05
L5 0.3723399700E+05  0.1402222628E+05  0.1065075809E+05  0.1303957925E+05
L6 0.3771256361E+05  -.4444506579E+06  0.4411796256E+05  -.5905423397E+06
L7 0.0000000000E+00  0.4753009179E+04  0.1311349179E+05  0.2043645856E+05
L8 0.5751814044E+04  0.5791894566E+05  0.0000000000E+00  0.0000000000E+00
L9 0.0000000000E+00  0.0000000000E+00  0.0000000000E+00  0.1037304706E+01  0.0000000000E+00
L0    57000  0.2240000000E+03  -.3525392665E+06  0.9251086886E+05
L1 0.2992644053E+03  0.2992644053E+03  -.4450501354E+12  0.1000000000E+01
L2 0.1000000000E+01  0.1243473112E+03  0.1243473112E+03  0.1243473112E+03
L3 0.1480104493E+07  -.1418344434E+03  -.2123028430E+03  -.3353634086E+02
L4 -.1292245424E+03  0.1237203200E+05  0.1252533161E+05  0.1251108175E+05
L5 0.3740844536E+05  0.1388291441E+05  0.1478687418E+05  0.1286832549E+05
L6 0.4153811408E+05  -.4450501354E+06  0.4402579758E+05  -.5908909181E+06
L7 0.0000000000E+00  0.4685367570E+04  0.1300192974E+05  0.2037941921E+05
L8 0.5815486194E+04  0.5793278243E+05  0.0000000000E+00  0.0000000000E+00
L9 0.0000000000E+00  0.0000000000E+00  0.0000000000E+00  0.1037648572E+01  0.0000000000E+00
L0    58000  0.2260000000E+03  -.3511162523E+06  0.9291745128E+05
L1 0.3005796631E+03  0.3005796631E+03  -.4440337036E+12  0.1000000000E+01
L2 0.1000000000E+01  0.1244070730E+03  0.1244070730E+03  0.1244070730E+03
L3 0.1482210775E+07  0.6793743737E+02  0.8950362900E+01  0.1883474614E+03
L4 0.8841175388E+02  0.1247815961E+05  0.1260105987E+05  0.1263292717E+05
L5 0.3771214666E+05  0.1175343050E+05  0.1250558102E+05  0.1062371261E+05
L6 0.3488272414E+05  -.4440337036E+06  0.4399295846E+05  -.5899098552E+06
L7 0.0000000000E+00  0.4740852165E+04  0.1297233609E+05  0.2046567971E+05
L8 0.5800556501E+04  0.5790376862E+05  0.0000000000E+00  0.0000000000E+00
L9 0.0000000000E+00  0.0000000000E+00  0.0000000000E+00  0.1036174031E+01  0.0000000000E+00
L0    59000  0.2280000000E+03  -.3518078847E+06  0.9251192648E+05
L1 0.2992678266E+03  0.2992678266E+03  -.4443198112E+12  0.1000000000E+01
L2 0.1000000000E+01  0.1243858281E+03  0.1243858281E+03  0.1243858281E+03
L3 0.1481468829E+07  -.4484433393E+02  -.2269653388E+03  0.1449544893E+03
L4 -.4228506113E+02  0.1256806471E+05  0.1237319691E+05  0.1243595815E+05
L5 0.3737721977E+05  0.1304620647E+05  0.1479315941E+05  0.1089041631E+05
L6 0.3872978219E+05  -.4443198112E+06  0.4373438454E+05  -.5901443443E+06
L7 0.0000000000E+00  0.4804298915E+04  0.1305959942E+05  0.2039090677E+05
L8 0.5796247561E+04  0.5803909590E+05  0.0000000000E+00  0.0000000000E+00
L9 0.0000000000E+00  0.0000000000E+00  0.0000000000E+00  0.1036692966E+01  0.0000000000E+00
L0    60000  0.2300000000E+03  -.3512436988E+06  0.9322789056E+05
L1 0.3015839065E+03  0.3015839065E+03  -.4444715894E+12  0.1000000000E+01
L2 0.1000000000E+01  0.1243433019E+03  0.1243433019E+03  0.1243433019E+03
L3 0.1479927186E+07  0.1422125969E+03  0.4219073025E+03  -.1758315038E+03
L4 0.1294294652E+03  0.1247790741E+05  0.1241262584E+05  0.1252186555E+05
L5 0.3741239881E+05  0.1096317822E+05  0.7918823452E+04  0.1439467512E+05
L6 0.3327667679E+05  -.4444715894E+06  0.4435832358E+05  -.5906712431E+06
L7 0.0000000000E+00  0.4714749014E+04  0.1302461089E+05  0.2042970090E+05
L8 0.5750203211E+04  0.5792206608E+05  0.0000000000E+00  0.0000000000E+00
L9 0.0000000000E+00  0.0000000000E+00  0.0000000000E+00  0.1037772891E+01  0.0000000000E+00
L0    61000  0.2320000000E+03  -.3506318673E+06  0.9329635169E+05
L1 0.3018053721E+03  0.3018053721E+03  -.4439282190E+12  0.1000000000E+01
L2 0.1000000000E+01  0.1243653741E+03  0.1243653741E+03  0.1243653741E+03
L3 0.1480744985E+07  -.3382670692E+03  0.1284134381E+03  -.7317983861E+02
L4 -.9434448989E+02  0.1243973760E+05  0.1247817614E+05  0.1261073383E+05
L5 0.3752864756E+05  0.1604466540E+05  0.1110966819E+05  0.1339061475E+05
L6 0.4054494834E+05  -.4439282190E+06  0.4371760359E+05  -.5896564933E+06
L7 0.0000000000E+00  0.4767305666E+04  0.1302261068E+05  0.2039199334E+05
L8 0.5801177663E+04  0.5802758332E+05  0.0000000000E+00  0.0000000000E+00
L9 0.0000000000E+00  0.0000000000E+00  0.0000000000E+00  0.1037199740E+01  0.0000000000E+00
L0    62000  0.2340000000E+03  -.3518278064E+06  0.9247781506E+05
L1 0.2991574792E+03  0.2991574792E+03  -.4443056215E+12  0.1000000000E+01
L2 0.1000000000E+01  0.1243934707E+03  0.1243934707E+03  0.1243934707E+03
L3 0.1481736625E+07  -.1609664359E+03  0.1842984638E+03  -.2995219407E+02
L4 -.2206722088E+01  0.1235437022E+05  0.1250108438E+05  0.1233762927E+05
L5 0.3719308387E+05  0.1407094577E+05  0.1053569180E+05  0.1265704495E+05
L6 0.3726368253E+05  -.4443056215E+06  0.4420029258E+05  -.5904443453E+06
L7 0.0000000000E+00  0.4799236043E+04  0.1296595978E+05  0.2038774751E+05
L8 0.5775591242E+04  0.5800989670E+05  0.0000000000E+00  0.0000000000E+00
L9 0.0000000000E+00  0.0000000000E+00  0.0000000000E+00  0.1036505603E+01  0.0000000000E+00
L0    63000  0.2360000000E+03  -.3515578066E+06  0.9272847464E+05
L1 0.2999683406E+03  0.2999683406E+03  -.4442862812E+12  0.1000000000E+01
L2 0.1000000000E+01  0.1243963671E+03  0.1243963671E+03  0.1243963671E+03
L3 0.1481828465E+07  -.6600928818E+01  -.7255425749E+01  0.2719772071E+03
L4 0.8604028417E+02  0.1249194346E+05  0.1249266776E+05  0.1231260720E+05
L5 0.3729721841E+05  0.1256234133E+05  0.1257004574E+05  0.9412012671E+04
L6 0.3454439975E+05  -.4442862812E+06  0.4405019034E+05  -.5902538343E+06
L7 0.0000000000E+00  0.4779316889E+04  0.1293063665E+05  0.2038861448E+05
L8 0.5767557265E+04  0.5805123740E+05  0.0000000000E+00  0.0000000000E+00
L9 0.0000000000E+00  0.0000000000E+00  0.0000000000E+00  0.1036441363E+01  0.0000000000E+00
L0    64000  0.2380000000E+03  -.3511046241E+06  0.9257546265E+05
L1 0.2994733604E+03  0.2994733604E+03  -.4436800867E+12  0.1000000000E+01
L2 0.1000000000E+01  0.1244183729E+03  0.1244183729E+03  0.1244183729E+03
L3 0.1482640494E+07  -.2160756257E+03  0.1612237405E+03  -.2650134134E+03
L4 -.1066217662E+03  0.1235884357E+05  0.1241877601E+05  0.1263723820E+05
L5 0.3741485777E+05  0.1466451924E+05  0.1069840771E+05  0.1546511375E+05
L6 0.4082804070E+05  -.4436800867E+06  0.4408587204E+05  -.5897932102E+06
L7 0.0000000000E+00  0.4819397865E+04  0.1304026352E+05  0.2034854743E+05
L8 0.5771881011E+04  0.5804716165E+05  0.0000000000E+00  0.0000000000E+00
L9 0.0000000000E+00  0.0000000000E+00  0.0000000000E+00  0.1035873713E+01  0.0000000000E+00
L0    65000  0.2400000000E+03  -.3512815706E+06  0.9258659049E+05
L1 0.2995093580E+03  0.2995093580E+03  -.4438681610E+12  0.1000000000E+01
L2 0.1000000000E+01  0.1243973701E+03  0.1243973701E+03  0.1243973701E+03
L3 0.1481886651E+07  0.2663090583E+02  -.1295587385E+03  -.1459882051E+03
L4 -.8297201257E+02  0.1240706710E+05  0.1239773551E+05  0.1252641018E+05
L5 0.3733121278E+05  0.1212304149E+05  0.1377951351E+05  0.1408341277E+05
L6 0.3998596777E+05  -.4438681610E+06  0.4373902809E+05  -.5895767417E+06
L7 0.0000000000E+00  0.4818310999E+04  0.1296868370E+05  0.2033820886E+05
L8 0.5780058147E+04  0.5806429089E+05  0.0000000000E+00  0.0000000000E+00
L9 0.0000000000E+00  0.0000000000E+00  0.0000000000E+00  0.1036400667E+01  0.0000000000E+00
L0    66000  0.2420000000E+03  -.3515377583E+06  0.9302988466E+05
L1 0.3009433751E+03  0.3009433751E+03  -.4445676430E+12  0.1000000000E+01
L2 0.1000000000E+01  0.1243652523E+03  0.1243652523E+03  0.1243652523E+03
L3 0.1480711400E+07  0.3176799466E+03  -.2683735159E+02  0.9014727354E+02
L4 0.1269966229E+03  0.1250487387E+05  0.1243358543E+05  0.1247656865E+05
L5 0.3741502795E+05  0.9119420775E+04  0.1271958584E+05  0.1151588677E+05
L6 0.3335489339E+05  -.4445676430E+06  0.4412628196E+05  -.5905804440E+06
L7 0.0000000000E+00  0.4746505297E+04  0.1294000843E+05  0.2044572917E+05
L8 0.5779747963E+04  0.5797452826E+05  0.0000000000E+00  0.0000000000E+00
L9 0.0000000000E+00  0.0000000000E+00  0.0000000000E+00  0.1037223266E+01  0.0000000000E+00
L0    67000  0.2440000000E+03  -.3517279126E+06  0.9274577373E+05
L1 0.3000243016E+03  0.3000243016E+03  -.4444736864E+12  0.1000000000E+01
L2 0.1000000000E+01  0.1243326056E+03  0.1243326056E+03  0.1243326056E+03
L3 0.1479568964E+07  -.1133369997E+03  0.2354761478E+03  -.2718468997E+03
L4 -.4990258384E+02  0.1247407403E+05  0.1254347743E+05  0.1233806997E+05
L5 0.3735562143E+05  0.1368095240E+05  0.1003599028E+05  0.1523285407E+05
L6 0.3894979674E+05  -.4444736864E+06  0.4365599628E+05  -.5901013703E+06
L7 0.0000000000E+00  0.4805749036E+04  0.1304034438E+05  0.2044292273E+05
L8 0.5782977420E+04  0.5789969409E+05  0.0000000000E+00  0.0000000000E+00
L9 0.0000000000E+00  0.0000000000E+00  0.0000000000E+00  0.1038024148E+01  0.0000000000E+00
L0    68000  0.2460000000E+03  -.3515211337E+06  0.9305169734E+05
L1 0.3010139372E+03  0.3010139372E+03  -.4445728310E+12  0.1000000000E+01
L2 0.1000000000E+01  0.1243373502E+03  0.1243373502E+03  0.1243373502E+03
L3 0.1479735081E+07  0.3066033364E+01  -.1708626856E+02  -.6130952198E+02
L4 -.2510991906E+02  0.1253476057E+05  0.1249462855E+05  0.1253351209E+05
L5 0.3756290121E+05  0.1250210799E+05  0.1267659352E+05  0.1318644488E+05
L6 0.3836514639E+05  -.4445728310E+06  0.4366428408E+05  -.5902183371E+06
L7 0.0000000000E+00  0.4782386141E+04  0.1289732440E+05  0.2047802749E+05
L8 0.5797718504E+04  0.5802576552E+05  0.0000000000E+00  0.0000000000E+00
L9 0.0000000000E+00  0.0000000000E+00  0.0000000000E+00  0.1037907618E+01  0.0000000000E+00
L0    69000  0.2480000000E+03  -.3517623030E+06  0.9261098829E+05
L1 0.2995882827E+03  0.2995882827E+03  -.4443732912E+12  0.1000000000E+01
L2 0.1000000000E+01  0.1243438946E+03  0.1243438946E+03  0.1243438946E+03
L3 0.1479964042E+07  0.7806417450E+02  0.8941764368E+02  -.1358429286E+03
L4 0.1054629653E+02  0.1254149962E+05  0.1247072693E+05  0.1236608111E+05
L5 0.3737830766E+05  0.1171000487E+05  0.1151830154E+05  0.1381300197E+05
L6 0.3704130838E+05  -.4443732912E+06  0.4433292377E+05  -.5908314593E+06
L7 0.0000000000E+00  0.4767709588E+04  0.1296672733E+05  0.2046386546E+05
L8 0.5812034394E+04  0.5811490754E+05  0.0000000000E+00  0.0000000000E+00
L9 0.0000000000E+00  0.0000000000E+00  0.0000000000E+00  0.1037747047E+01  0.0000000000E+00
L0    70000  0.2500000000E+03  -.3510342197E+06  0.9281979862E+05
L1 0.3002637655E+03  0.3002637655E+03  -.4438540184E+12  0.1000000000E+01
L2 0.1000000000E+01  0.1243982771E+03  0.1243982771E+03  0.1243982771E+03
L3 0.1481906652E+07  0.3778279896E+02  -.1306938880E+02  0.8095334882E+01
L4 0.1093624835E+02  0.1244337509E+05  0.1251516239E+05  0.1229922211E+05
L5 0.3725775958E+05  0.1204040616E+05  0.1265455274E+05  0.1221288207E+05
L6 0.3690784097E+05  -.4438540184E+06  0.4402232507E+05  -.5899646157E+06
L7 0.0000000000E+00  0.4801696180E+04  0.1302151753E+05  0.2040921071E+05
L8 0.5795409235E+04  0.5806043864E+05  0.0000000000E+00  0.0000000000E+00
L9 0.0000000000E+00  0.0000000000E+00  0.0000000000E+00  0.1036386679E+01  0.0000000000E+00
L0    71000  0.2520000000E+03  -.3514352360E+06  0.9274972182E+05
L1 0.3000370733E+03  0.3000370733E+03  -.4441849578E+12  0.1000000000E+01
L2 0.1000000000E+01  0.1244152967E+03  0.1244152967E+03  0.1244152967E+03
L3 0.1482525444E+07  -.8224978175E+02  0.4872179254E+02  -.1711024742E+03
L4 -.6821015447E+02  0.1251947994E+05  0.1243008003E+05  0.1257874666E+05
L5 0.3752830663E+05  0.1339707362E+05  0.1191022531E+05  0.1440438617E+05
L6 0.3971168510E+05  -.4441849578E+06  0.4429276597E+05  -.5905618353E+06
L7 0.0000000000E+00  0.4814811495E+04  0.1317318031E+05  0.2033120090E+05
L8 0.5787910292E+04  0.5797700848E+05  0.0000000000E+00  0.0000000000E+00
L9 0.0000000000E+00  0.0000000000E+00  0.0000000000E+00  0.1035954102E+01  0.0000000000E+00
L0    72000  0.2540000000E+03  -.3520642554E+06  0.9259956407E+05
L1 0.2995513264E+03  0.2995513264E+03  -.4446638194E+12  0.1000000000E+01
L2 0.1000000000E+01  0.1243522329E+03  0.1243522329E+03  0.1243522329E+03
L3 0.1480253331E+07  0.2139315883E+03  -.8049035708E+02  0.9047488083E+02
L4 0.7463870400E+02  0.1247015995E+05  0.1239068593E+05  0.1243590498E+05
L5 0.3729675087E+05  0.1019103811E+05  0.1324819058E+05  0.1147203013E+05
L6 0.3491125882E+05  -.4446638194E+06  0.4404491885E+05  -.5905883652E+06
L7 0.0000000000E+00  0.4769232251E+04  0.1296300498E+05  0.2034286863E+05
L8 0.5813544359E+04  0.5799097667E+05  0.0000000000E+00  0.0000000000E+00
L9 0.0000000000E+00  0.0000000000E+00  0.0000000000E+00  0.1037544237E+01  0.0000000000E+00
L0    73000  0.2560000000E+03  -.3518488654E+06  0.9243739134E+05
L1 0.2990267121E+03  0.2990267121E+03  -.4442862568E+12  0.1000000000E+01
L2 0.1000000000E+01  0.1243895196E+03  0.1243895196E+03  0.1243895196E+03
L3 0.1481592090E+07  0.1752396158E+03  -.1170892684E+03  0.1117212025E+02
L4 0.2310748920E+02  0.1242092167E+05  0.1249370511E+05  0.1234199617E+05
L5 0.3725662296E+05  0.1055231660E+05  0.1374224472E+05  0.1222286625E+05
L6 0.3651742758E+05  -.4442862568E+06  0.4384314263E+05  -.5899371961E+06
L7 0.0000000000E+00  0.4712067858E+04  0.1296564038E+05  0.2040454889E+05
L8 0.5753246912E+04  0.5797229267E+05  0.0000000000E+00  0.0000000000E+00
L9 0.0000000000E+00  0.0000000000E+00  0.0000000000E+00  0.1036606718E+01  0.0000000000E+00
L0    74000  0.2580000000E+03  -.3512649301E+06  0.9283214407E+05
L1 0.3003037019E+03  0.3003037019E+03  -.4440970742E+12  0.1000000000E+01
L2 0.1000000000E+01  0.1244230238E+03  0.1244230238E+03  0.1244230238E+03
L3 0.1482789907E+07  -.1752058245E+03  0.1311370446E+03  0.1065844075E+03
L4 0.2083854252E+02  0.1261764203E+05  0.1234068062E+05  0.1247472422E+05
L5 0.3743304687E+05  0.1448739720E+05  0.1094121706E+05  0.1133728061E+05
L6 0.3676589487E+05  -.4440970742E+06  0.4385704775E+05  -.5898690706E+06
L7 0.0000000000E+00  0.4854479077E+04  0.1310066882E+05  0.2043235861E+05
L8 0.5762525206E+04  0.5776491689E+05  0.0000000000E+00  0.0000000000E+00
L9 0.0000000000E+00  0.0000000000E+00  0.0000000000E+00  0.1035769333E+01  0.0000000000E+00
L0    75000  0.2600000000E+03  -.3515401337E+06  0.9280314866E+05
L1 0.3002099044E+03  0.3002099044E+03  -.4443432823E+12  0.1000000000E+01
L2 0.1000000000E+01  0.1244129848E+03  0.1244129848E+03  0.1244129848E+03
L3 0.1482433843E+07  0.2222717113E+02  0.5305374016E+01  -.2894579160E+02
L4 -.4710821517E+00  0.1251086155E+05  0.1243812712E+05  0.1243562101E+05
L5 0.3738460968E+05  0.1227371539E+05  0.1238152302E+05  0.1274444948E+05
L6 0.3739968789E+05  -.4443432823E+06  0.4416012374E+05  -.5903955561E+06
L7 0.0000000000E+00  0.4813090790E+04  0.1302695767E+05  0.2037469308E+05
L8 0.5783476925E+04  0.5789393154E+05  0.0000000000E+00  0.0000000000E+00
L9 0.0000000000E+00  0.0000000000E+00  0.0000000000E+00  0.1036018114E+01  0.0000000000E+00
L0    76000  0.2620000000E+03  -.3517794562E+06  0.9300162540E+05
L1 0.3008519589E+03  0.3008519589E+03  -.4447810816E+12  0.1000000000E+01
L2 0.1000000000E+01  0.1243387724E+03  0.1243387724E+03  0.1243387724E+03
L3 0.1479781713E+07  -.5163058858E+02  0.5023915969E+02  0.2030838140E+02
L4 0.6305650836E+01  0.1237180157E+05  0.1246000342E+05  0.1243972223E+05
L5 0.3727152721E+05  0.1292167319E+05  0.1192495066E+05  0.1222343566E+05
L6 0.3707005952E+05  -.4447810816E+06  0.4393725065E+05  -.5906254842E+06
L7 0.0000000000E+00  0.4773578284E+04  0.1305198086E+05  0.2039087037E+05
L8 0.5773830071E+04  0.5791689241E+05  0.0000000000E+00  0.0000000000E+00
L9 0.0000000000E+00  0.0000000000E+00  0.0000000000E+00  0.1037874911E+01  0.0000000000E+00
L0    77000  0.2640000000E+03  -.3514706185E+06  0.9269852246E+05
L1 0.2998714479E+03  0.2998714479E+03  -.4441691409E+12  0.1000000000E+01
L2 0.1000000000E+01  0.1243327831E+03  0.1243327831E+03  0.1243327831E+03
L3 0.1479557964E+07  0.3130049316E+03  -.3802827816E+02  -.3061436695E+02
L4 0.8145409550E+02  0.1240349224E+05  0.1235123332E+05  0.1238522673E+05
L5 0.3713995229E+05  0.9070458237E+04  0.1275617756E+05  0.1271122391E+05
L6 0.3453785971E+05  -.4441691409E+06  0.4379564363E+05  -.5900088350E+06
L7 0.0000000000E+00  0.4916251168E+04  0.1306118309E+05  0.2037620522E+05
L8 0.5779219837E+04  0.5791119117E+05  0.0000000000E+00  0.0000000000E+00
L9 0.0000000000E+00  0.0000000000E+00  0.0000000000E+00  0.1038031866E+01  0.0000000000E+00
L0    78000  0.2660000000E+03  -.3507877594E+06  0.9291556927E+05
L1 0.3005735750E+03  0.3005735750E+03  -.4437033286E+12  0.1000000000E+01
L2 0.1000000000E+01  0.1243737074E+03  0.1243737074E+03  0.1243737074E+03
L3 0.1481031784E+07  -.7895895880E+02  -.4493864290E+02  0.8799528581E+02
L4 -.1196743863E+02  0.1236088323E+05  0.1252310629E+05  0.1253137238E+05
L5 0.3741536190E+05  0.1320251548E+05  0.1300211225E+05  0.1159342092E+05
L6 0.3779804864E+05  -.4437033286E+06  0.4430453783E+05  -.5902105851E+06
L7 0.0000000000E+00  0.4862817015E+04  0.1307706016E+05  0.2040666440E+05
L8 0.5783648902E+04  0.5807252816E+05  0.0000000000E+00  0.0000000000E+00
L9 0.0000000000E+00  0.0000000000E+00  0.0000000000E+00  0.1036998888E+01  0.0000000000E+00
L0    79000  0.2680000000E+03  -.3507854641E+06  0.9304050169E+05
L1 0.3009777202E+03  0.3009777202E+03  -.4438259658E+12  0.1000000000E+01
L2 0.1000000000E+01  0.1243876547E+03  0.1243876547E+03  0.1243876547E+03
L3 0.1481536953E+07  0.1090542238E+03  -.2306291618E+03  -.7013745251E+02
L4 -.6390413016E+02  0.1260755952E+05  0.1245952480E+05  0.1246245241E+05
L5 0.3752953673E+05  0.1144474202E+05  0.1491866500E+05  0.1321031026E+05
L6 0.3957371728E+05  -.4438259658E+06  0.4389027567E+05  -.5899110302E+06
L7 0.0000000000E+00  0.4726239969E+04  0.1297356988E+05  0.2042190863E+05
L8 0.5867773179E+04  0.5820529713E+05  0.0000000000E+00  0.0000000000E+00
L9 0.0000000000E+00  0.0000000000E+00  0.0000000000E+00  0.1036645297E+01  0.0000000000E+00
L0    80000  0.2700000000E+03  -.3513595014E+06  0.9286257758E+05
L1 0.3004021516E+03  0.3004021516E+03  -.4442220790E+12  0.1000000000E+01
L2 0.1000000000E+01  0.1243917460E+03  0.1243917460E+03  0.1243917460E+03
L3 0.1481669717E+07  0.1570344012E+03  -.1431416149E+03  0.9923138489E+02
L4 0.3770805707E+02  0.1246838058E+05  0.1240691932E+05  0.1244361879E+05
L5 0.3731891869E+05  0.1079381258E+05  0.1393333879E+05  0.1138544491E+05
L6 0.3611259629E+05  -.4442220790E+06  0.4391039415E+05  -.5899732769E+06
L7 0.0000000000E+00  0.4772602413E+04  0.1301080094E+05  0.2041042548E+05
L8 0.5765636201E+04  0.5788133873E+05  0.0000000000E+00  0.0000000000E+00
L9 0.0000000000E+00  0.0000000000E+00  0.0000000000E+00  0.1036552409E+01  0.0000000000E+00
L0    81000  0.2720000000E+03  -.3509299793E+06  0.9314586825E+05
L1 0.3013185717E+03  0.3013185717E+03  -.4440758476E+12  0.1000000000E+01
L2 0.1000000000E+01  0.1243892918E+03  0.1243892918E+03  0.1243892918E+03
L3 0.1481583404E+07  -.8157632730E+02  0.8704285241E+02  0.7626957029E+02
L4 0.2724536513E+02  0.1243539746E+05  0.1252795249E+05  0.1248567668E+05
L5 0.3744902664E+05  0.1330525240E+05  0.1159980756E+05  0.1167240812E+05
L6 0.3657746808E+05  -.4440758476E+06  0.4405390815E+05  -.5902271500E+06
L7 0.0000000000E+00  0.4779762094E+04  0.1304093865E+05  0.2046107233E+05
L8 0.5791648942E+04  0.5802397222E+05  0.0000000000E+00  0.0000000000E+00
L9 0.0000000000E+00  0.0000000000E+00  0.0000000000E+00  0.1036612796E+01  0.0000000000E+00
L0    82000  0.2740000000E+03  -.3514896956E+06  0.9288651473E+05
L1 0.3004795862E+03  0.3004795862E+03  -.4443762103E+12  0.1000000000E+01
L2 0.1000000000E+01  0.1243575453E+03  0.1243575453E+03  0.1243575453E+03
L3 0.1480447434E+07  -.2679204215E+03  0.2942089592E+03  0.9803548801E+02
L4 0.4144134191E+02  0.1240007774E+05  0.1253627595E+05  0.1230953018E+05
L5 0.3724588386E+05  0.1525474431E+05  0.9401507511E+04  0.1126497139E+05
L6 0.3592122321E+05  -.4443762103E+06  0.4399772840E+05  -.5902771715E+06
L7 0.0000000000E+00  0.4792683833E+04  0.1309306737E+05  0.2034670355E+05
L8 0.5749536898E+04  0.5792124109E+05  0.0000000000E+00  0.0000000000E+00
L9 0.0000000000E+00  0.0000000000E+00  0.0000000000E+00  0.1037408204E+01  0.0000000000E+00
L0    83000  0.2760000000E+03  -.3511562182E+06  0.9276512793E+05
L1 0.3000869107E+03  0.3000869107E+03  -.4439213461E+12  0.1000000000E+01
L2 0.1000000000E+01  0.1244210999E+03  0.1244210999E+03  0.1244210999E+03
L3 0.1482706303E+07  0.1139993627E+03  0.7929188780E+02  0.2054548697E+03
L4 0.1329153734E+03  0.1250332008E+05  0.1244003444E+05  0.1235371296E+05
L5 0.3729706748E+05  0.1128681441E+05  0.1159389786E+05  0.1016127075E+05
L6 0.3304198302E+05  -.4439213461E+06  0.4474123120E+05  -.5906943270E+06
L7 0.0000000000E+00  0.4766946679E+04  0.1294572183E+05  0.2050323448E+05
L8 0.5783511959E+04  0.5803233478E+05  0.0000000000E+00  0.0000000000E+00
L9 0.0000000000E+00  0.0000000000E+00  0.0000000000E+00  0.1035827737E+01  0.0000000000E+00
L0    84000  0.2780000000E+03  -.3509191628E+06  0.9309544332E+05
L1 0.3011554515E+03  0.3011554515E+03  -.4440146061E+12  0.1000000000E+01
L2 0.1000000000E+01  0.1243927069E+03  0.1243927069E+03  0.1243927069E+03
L3 0.1481723393E+07  -.3479202749E+03  0.7835284129E+01  0.1422907393E+02
L4 -.1086186390E+03  0.1258404303E+05  0.1253014392E+05  0.1248026015E+05
L5 0.3759444710E+05  0.1629429544E+05  0.1244658777E+05  0.1232852005E+05
L6 0.4106940325E+05  -.4440146061E+06  0.4410453153E+05  -.5902555952E+06
L7 0.0000000000E+00  0.4739488412E+04  0.1323115029E+05  0.2036506036E+05
L8 0.5805188706E+04  0.5799556979E+05  0.0000000000E+00  0.0000000000E+00
L9 0.0000000000E+00  0.0000000000E+00  0.0000000000E+00  0.1036514859E+01  0.0000000000E+00
L0    85000  0.2800000000E+03  -.3516532293E+06  0.9247569913E+05
L1 0.2991506344E+03  0.2991506344E+03  -.4441289284E+12  0.1000000000E+01
L2 0.1000000000E+01  0.1244199518E+03  0.1244199518E+03  0.1244199518E+03
L3 0.1482696229E+07  -.1782168016E+03  0.7748546039E+02  -.2030395665E+03
L4 -.1012569692E+03  0.1253717084E+05  0.1229060074E+05  0.1244023271E+05
L5 0.3726800429E+05  0.1443893828E+05  0.1146374646E+05  0.1460688610E+05
L6 0.4050957084E+05  -.4441289284E+06  0.4405677714E+05  -.5903584419E+06
L7 0.0000000000E+00  0.4756108147E+04  0.1315999908E+05  0.2039791417E+05
L8 0.5762259600E+04  0.5809645532E+05  0.0000000000E+00  0.0000000000E+00
L9 0.0000000000E+00  0.0000000000E+00  0.0000000000E+00  0.1035834774E+01  0.0000000000E+00
L0    86000  0.2820000000E+03  -.3512410396E+06  0.9235677216E+05
L1 0.2987659162E+03  0.2987659162E+03  -.4435978117E+12  0.1000000000E+01
L2 0.1000000000E+01  0.1243985063E+03  0.1243985063E+03  0.1243985063E+03
L3 0.1481900248E+07  0.2022090920E+03  0.9441278177E+02  0.6736872217E+02
L4 0.1213301987E+03  0.1237220699E+05  0.1250765478E+05  0.1234117849E+05
L5 0.3722104025E+05  0.1021557407E+05  0.1150070840E+05  0.1162266676E+05
L6 0.3333894923E+05  -.4435978117E+06  0.4415915040E+05  -.5898737878E+06
L7 0.0000000000E+00  0.4770294557E+04  0.1309759909E+05  0.2046175188E+05
L8 0.5825764809E+04  0.5796141535E+05  0.0000000000E+00  0.0000000000E+00
L9 0.0000000000E+00  0.0000000000E+00  0.0000000000E+00  0.1036391158E+01  0.0000000000E+00
L0    87000  0.2840000000E+03  -.3512000177E+06  0.9285944826E+05
L1 0.3003920285E+03  0.3003920285E+03  -.4440594659E+12  0.1000000000E+01
L2 0.1000000000E+01  0.1243758188E+03  0.1243758188E+03  0.1243758188E+03
L3 0.1481110526E+07  -.1226144928E+03  -.8993225938E+02  0.1014014864E+03
L4 -.3704842192E+02  0.1235164876E+05  0.1251860448E+05  0.1244421454E+05
L5 0.3731446778E+05  0.1365867966E+05  0.1347725333E+05  0.1136330744E+05
L6 0.3849924042E+05  -.4440594659E+06  0.4411706446E+05  -.5900472593E+06
L7 0.0000000000E+00  0.4742276203E+04  0.1303976630E+05  0.2038349799E+05
L8 0.5784228202E+04  0.5792096016E+05  0.0000000000E+00  0.0000000000E+00
L9 0.0000000000E+00  0.0000000000E+00  0.0000000000E+00  0.1036943757E+01  0.0000000000E+00
L0    88000  0.2860000000E+03  -.3520545288E+06  0.9238645868E+05
L1 0.2988619494E+03  0.2988619494E+03  -.4444409875E+12  0.1000000000E+01
L2 0.1000000000E+01  0.1243656575E+03  0.1243656575E+03  0.1243656575E+03
L3 0.1480764475E+07  -.2308061174E+03  -.9833829721E+02  -.1666338231E+03
L4 -.1652594125E+03  0.1224900063E+05  0.1244807339E+05  0.1240801888E+05
L5 0.3710509289E+05  0.1470874447E+05  0.1349608296E+05  0.1418386661E+05
L6 0.4238869404E+05  -.4444409875E+06  0.4356578833E+05  -.5902494317E+06
L7 0.0000000000E+00  0.4813662093E+04  0.1316486173E+05  0.2050849906E+05
L8 0.5761020748E+04  0.5799461216E+05  0.0000000000E+00  0.0000000000E+00
L9 0.0000000000E+00  0.0000000000E+00  0.0000000000E+00  0.1037186089E+01  0.0000000000E+00
L0    89000  0.2880000000E+03  -.3522966668E+06  0.9255870033E+05
L1 0.2994191358E+03  0.2994191358E+03  -.4448553671E+12  0.1000000000E+01
L2 0.1000000000E+01  0.1243545879E+03  0.1243545879E+03  0.1243545879E+03
L3 0.1480333576E+07  -.1718495908E+03  0.1627818672E+03  0.3205957197E+03
L4 0.1038426654E+03  0.1242811609E+05  0.1246517008E+05  0.1244340763E+05
L5 0.3733669379E+05  0.1425901628E+05  0.1073087818E+05  0.9027753483E+04
L6 0.3401764795E+05  -.4448553671E+06  0.4412570216E+05  -.5911679397E+06
L7 0.0000000000E+00  0.4720655239E+04  0.1302332586E+05  0.2049616854E+05
L8 0.5785328344E+04  0.5816139238E+05  0.0000000000E+00  0.0000000000E+00
L9 0.0000000000E+00  0.0000000000E+00  0.0000000000E+00  0.1037487995E+01  0.0000000000E+00
L0    90000  0.2900000000E+03  -.3524712720E+06  0.9248406496E+05
L1 0.2991776971E+03  0.2991776971E+03  -.4449553369E+12  0.1000000000E+01
L2 0.1000000000E+01  0.1243490012E+03  0.1243490012E+03  0.1243490012E+03
L3 0.1480146354E+07  0.7742160098E+02  -.1159012599E+03  0.7084335497E+02
L4 0.1078789868E+02  0.1253900334E+05  0.1245481724E+05  0.1253296594E+05
L5 0.3752678652E+05  0.1171425132E+05  0.1368948297E+05  0.1177829025E+05
L6 0.3718202455E+05  -.4449553369E+06  0.4424092504E+05  -.5912077909E+06
L7 0.0000000000E+00  0.4804333128E+04  0.1319700204E+05  0.2035715801E+05
L8 0.5746130750E+04  0.5790690493E+05  0.0000000000E+00  0.0000000000E+00
L9 0.0000000000E+00  0.0000000000E+00  0.0000000000E+00  0.1037619226E+01  0.0000000000E+00
L0    91000  0.2920000000E+03  -.3524599314E+06  0.9236954379E+05
L1 0.2988072313E+03  0.2988072313E+03  -.4448294752E+12  0.1000000000E+01
L2 0.1000000000E+01  0.1243311663E+03  0.1243311663E+03  0.1243311663E+03
L3 0.1479516260E+07  -.2178294932E+03  0.2706884253E+03  -.1725646032E+03
L4 -.3990189035E+02  0.1226654791E+05  0.1243535314E+05  0.1234571514E+05
L5 0.3704761619E+05  0.1458604057E+05  0.9553007838E+04  0.1418321806E+05
L6 0.3832226648E+05  -.4448294752E+06  0.4378763843E+05  -.5906026216E+06
L7 0.0000000000E+00  0.4698518496E+04  0.1302295524E+05  0.2047917846E+05
L8 0.5809680702E+04  0.5797517509E+05  0.0000000000E+00  0.0000000000E+00
L9 0.0000000000E+00  0.0000000000E+00  0.0000000000E+00  0.1038061125E+01  0.0000000000E+00
L0    92000  0.2940000000E+03  -.3514712343E+06  0.9275115862E+05
L1 0.3000417212E+03  0.3000417212E+03  -.4442223930E+12  0.1000000000E+01
L2 0.1000000000E+01  0.1243611457E+03  0.1243611457E+03  0.1243611457E+03
L3 0.1480579842E+07  -.3413781198E+03  0.1389842937E+03  0.2399827049E+03
L4 0.1252962628E+02  0.1241280163E+05  0.1254111889E+05  0.1236926753E+05
L5 0.3732318805E+05  0.1605047830E+05  0.1106012203E+05  0.9812045974E+04
L6 0.3692264630E+05  -.4442223930E+06  0.4374113059E+05  -.5898913894E+06
L7 0.0000000000E+00  0.4747707552E+04  0.1303821262E+05  0.2031041300E+05
L8 0.5819007693E+04  0.5801252504E+05  0.0000000000E+00  0.0000000000E+00
L9 0.0000000000E+00  0.0000000000E+00  0.0000000000E+00  0.1037315429E+01  0.0000000000E+00
L0    93000  0.2960000000E+03  -.3515845367E+06  0.9262817257E+05
L1 0.2996438723E+03  0.2996438723E+03  -.4442127093E+12  0.1000000000E+01
L2 0.1000000000E+01  0.1243646670E+03  0.1243646670E+03  0.1243646670E+03
L3 0.1480709250E+07  -.2293177633E+02  -.2382735486E+03  0.2161749178E+03
L4 -.1501013571E+02  0.1247822079E+05  0.1244466918E+05  0.1246808128E+05
L5 0.3739097124E+05  0.1272259989E+05  0.1498390013E+05  0.1016435078E+05
L6 0.3787085079E+05  -.4442127093E+06  0.4387092634E+05  -.5900583207E+06
L7 0.0000000000E+00  0.4743304568E+04  0.1297416240E+05  0.2037648095E+05
L8 0.5840458897E+04  0.5804027826E+05  0.0000000000E+00  0.0000000000E+00
L9 0.0000000000E+00  0.0000000000E+00  0.0000000000E+00  0.1037224771E+01  0.0000000000E+00
L0    94000  0.2980000000E+03  -.3511934435E+06  0.9297413875E+05
L1 0.3007630420E+03  0.3007630420E+03  -.4441675822E+12  0.1000000000E+01
L2 0.1000000000E+01  0.1243653306E+03  0.1243653306E+03  0.1243653306E+03
L3 0.1480725010E+07  -.3887838350E+01  0.1251366959E+03  0.1418301763E+02
L4 0.4514395838E+02  0.1240606171E+05  0.1252513801E+05  0.1259559459E+05
L5 0.3752679430E+05  0.1244749402E+05  0.1119156844E+05  0.1244444755E+05
L6 0.3608351001E+05  -.4441675822E+06  0.4384465267E+05  -.5899155613E+06
L7 0.0000000000E+00  0.4750628562E+04  0.1312448860E+05  0.2038079806E+05
L8 0.5770910793E+04  0.5787650033E+05  0.0000000000E+00  0.0000000000E+00
L9 0.0000000000E+00  0.0000000000E+00  0.0000000000E+00  0.1037213732E+01  0.0000000000E+00
L0    95000  0.3000000000E+03  -.3517862133E+06  0.9272477589E+05
L1 0.2999563754E+03  0.2999563754E+03  -.4445109892E+12  0.1000000000E+01
L2 0.1000000000E+01  0.1243822854E+03  0.1243822854E+03  0.1243822854E+03
L3 0.1481351552E+07  -.1269210787E+03  -.5311560746E+01  -.2058486808E+03
L4 -.1126937734E+03  0.1238221154E+05  0.1238094243E+05  0.1262505832E+05
L5 0.3738821229E+05  0.1373536942E+05  0.1243757116E+05  0.1481969587E+05
L6 0.4099263645E+05  -.4445109892E+06  0.4456411287E+05  -.5910189852E+06
L7 0.0000000000E+00  0.4736154820E+04  0.1306315982E+05  0.2041634586E+05
L8 0.5837521277E+04  0.5789070132E+05  0.0000000000E+00  0.0000000000E+00
L9 0.0000000000E+00  0.0000000000E+00  0.0000000000E+00  0.1036775039E+01  0.0000000000E+00
L0    96000  0.3020000000E+03  -.3518190770E+06  0.9259659338E+05
L1 0.2995417165E+03  0.2995417165E+03  -.4444156704E+12  0.1000000000E+01
L2 0.1000000000E+01  0.1243145602E+03  0.1243145602E+03  0.1243145602E+03
L3 0.1478906131E+07  0.4111269593E+03  -.7113823111E+02  -.6444121998E+02
L4 0.9184916940E+02  0.1234197499E+05  0.1232889057E+05  0.1251829466E+05
L5 0.3718916022E+05  0.7966016989E+04  0.1308607252E+05  0.1320419488E+05
L6 0.3425628439E+05  -.4444156704E+06  0.4419589603E+05  -.5904232915E+06
L7 0.0000000000E+00  0.4723570282E+04  0.1311707901E+05  0.2030146477E+05
L8 0.5777419000E+04  0.5789219193E+05  0.0000000000E+00  0.0000000000E+00
L9 0.0000000000E+00  0.0000000000E+00  0.0000000000E+00  0.1038489382E+01  0.0000000000E+00
L0    97000  0.3040000000E+03  -.3520616670E+06  0.9279259495E+05
L1 0.3001757640E+03  0.3001757640E+03  -.4448542620E+12  0.1000000000E+01
L2 0.1000000000E+01  0.1243584501E+03  0.1243584501E+03  0.1243584501E+03
L3 0.1480491176E+07  -.6331268715E+02  -.1736173601E+02  -.5463670466E+02
L4 -.4510370927E+02  0.1248241340E+05  0.1265015797E+05  0.1234079488E+05
L5 0.3747336624E+05  0.1315702398E+05  0.1283515108E+05  0.1292296096E+05
L6 0.3891513601E+05  -.4448542620E+06  0.4441942862E+05  -.5910146175E+06
L7 0.0000000000E+00  0.4870375660E+04  0.1293053627E+05  0.2030504402E+05
L8 0.5750673814E+04  0.5788429719E+05  0.0000000000E+00  0.0000000000E+00
L9 0.0000000000E+00  0.0000000000E+00  0.0000000000E+00  0.1037377553E+01  0.0000000000E+00
L0    98000  0.3060000000E+03  -.3512106756E+06  0.9291201349E+05
L1 0.3005620724E+03  0.3005620724E+03  -.4441226891E+12  0.1000000000E+01
L2 0.1000000000E+01  0.1244203094E+03  0.1244203094E+03  0.1244203094E+03
L3 0.1482683918E+07  -.1318049402E+03  0.2009028908E+03  0.1963787606E+03
L4 0.8849223708E+02  0.1240055161E+05  0.1258479985E+05  0.1250943793E+05
L5 0.3749478939E+05  0.1380704225E+05  0.1044096492E+05  0.1041388000E+05
L6 0.3466188716E+05  -.4441226891E+06  0.4434147082E+05  -.5904573628E+06
L7 0.0000000000E+00  0.4912665234E+04  0.1299666915E+05  0.2042180877E+05
L8 0.5761282581E+04  0.5790077709E+05  0.0000000000E+00  0.0000000000E+00
L9 0.0000000000E+00  0.0000000000E+00  0.0000000000E+00  0.1035843375E+01  0.0000000000E+00
L0    99000  0.3080000000E+03  -.3519123034E+06  0.9264577939E+05
L1 0.2997008288E+03  0.2997008288E+03  -.4445580828E+12  0.1000000000E+01
L2 0.1000000000E+01  0.1244080658E+03  0.1244080658E+03  0.1244080658E+03
L3 0.1482268434E+07  -.1643071745E+03  0.8128558034E+02  -.1548739721E+03
L4 -.7929852209E+02  0.1218117203E+05  0.1254396192E+05  0.1256043255E+05
L5 0.3728556649E+05  0.1393400271E+05  0.1167680648E+05  0.1421262973E+05
L6 0.3982343892E+05  -.4445580828E+06  0.4382055486E+05  -.5902482142E+06
L7 0.0000000000E+00  0.4684947641E+04  0.1307804643E+05  0.2033350075E+05
L8 0.5811957532E+04  0.5796112423E+05  0.0000000000E+00  0.0000000000E+00
L9 0.0000000000E+00  0.0000000000E+00  0.0000000000E+00  0.1036133725E+01  0.0000000000E+00
L0   100000  0.3100000000E+03  -.3518542010E+06  0.9259756811E+05
L1 0.2995448696E+03  0.2995448696E+03  -.4444517692E+12  0.1000000000E+01
L2 0.1000000000E+01  0.1243723367E+03  0.1243723367E+03  0.1243723367E+03
L3 0.1480982418E+07  0.4552002083E+02  -.2008238077E+03  0.1284444059E+03
L4 -.8953126984E+01  0.1251510629E+05  0.1245448893E+05  0.1246241381E+05
L5 0.3743200902E+05  0.1202991953E+05  0.1459502071E+05  0.1109335635E+05
L6 0.3771829659E+05  -.4444517692E+06  0.4410691209E+05  -.5904330356E+06
L7 0.0000000000E+00  0.4841646393E+04  0.1299753902E+05  0.2041211641E+05
L8 0.5778839052E+04  0.5784421349E+05  0.0000000000E+00  0.0000000000E+00
L9 0.0000000000E+00  0.0000000000E+00  0.0000000000E+00  0.1037033455E+01  0.0000000000E+00
