L0  Nsteps           time(ps)         Etot             EKinetic        
L1  Temp             T_solute         T_solv           Pres_scal_solu  
L2  Pres_scal_solv   BoxX             BoxY             BoxZ            
L3  volume           pres_X           pres_Y           pres_Z          
L4  Pressure         EKCoM_x          EKCoM_y          EKCoM_z         
L5  EKComTot         VIRIAL_x         VIRIAL_y         VIRIAL_z        
L6  VIRIAL_tot       E_pot            E_vdw            E_el            
L7  E_hbon           E_bon            E_angle          E_dih           
L8  E_14vdw          E_14el           E_const          E_pol           
L9  AV_permMoment    AV_indMoment     AV_totMoment     Density          dV/dlambda      
L0     1000  0.1120000000E+03  -.3233739388E+06  0.8616758562E+05
L1 0.2993647461E+03  0.2993647461E+03  -.4095415245E+12  0.1000000000E+01
L2 0.1000000000E+01  0.1213370150E+03  0.1213370150E+03  0.1213370150E+03
L3 0.1375179360E+07  0.2447816996E+02  0.1047744598E+03  -.2261310345E+03
L4 -.3229280159E+02  0.1128029766E+05  0.1142647538E+05  0.1129875776E+05
L5 0.3400553080E+05  0.1103803032E+05  0.1038949305E+05  0.1353684028E+05
L6 0.3496436365E+05  -.4095415245E+06  0.3934818507E+05  -.5522480212E+06
L7 0.0000000000E+00  0.4921688094E+04  0.1319444740E+05  0.2065376985E+05
L8 0.5828649534E+04  0.5875975679E+05  0.0000000000E+00  0.0000000000E+00
L9 0.0000000000E+00  0.0000000000E+00  0.0000000000E+00  0.1039137734E+01  0.0000000000E+00
L0     2000  0.1140000000E+03  -.3234474779E+06  0.8600243031E+05
L1 0.2987909610E+03  0.2987909610E+03  -.4094499082E+12  0.1000000000E+01
L2 0.1000000000E+01  0.1212905222E+03  0.1212905222E+03  0.1212905222E+03
L3 0.1373596222E+07  -.1815021760E+03  0.1525591609E+03  0.4531091499E+01
L4 -.8137307876E+01  0.1132096136E+05  0.1146951566E+05  0.1121947292E+05
L5 0.3400994993E+05  0.1311527147E+05  0.9961332941E+04  0.1117467906E+05
L6 0.3425128347E+05  -.4094499082E+06  0.3947768014E+05  -.5522417405E+06
L7 0.0000000000E+00  0.4883029168E+04  0.1310081710E+05  0.2054748818E+05
L8 0.5877577909E+04  0.5890523979E+05  0.0000000000E+00  0.0000000000E+00
L9 0.0000000000E+00  0.0000000000E+00  0.0000000000E+00  0.1040335392E+01  0.0000000000E+00
L0     3000  0.1160000000E+03  -.3230385093E+06  0.8657651540E+05
L1 0.3007854562E+03  0.3007854562E+03  -.4096150247E+12  0.1000000000E+01
L2 0.1000000000E+01  0.1213076281E+03  0.1213076281E+03  0.1213076281E+03
L3 0.1374187605E+07  -.9189274294E+02  -.7686031280E+01  -.1729380461E+03
L4 -.9083894011E+02  0.1138582738E+05  0.1144735832E+05  0.1139460284E+05
L5 0.3422778854E+05  0.1229465983E+05  0.1152337428E+05  0.1310498498E+05
L6 0.3692301909E+05  -.4096150247E+06  0.3861578604E+05  -.5515706452E+06
L7 0.0000000000E+00  0.4756010615E+04  0.1321882792E+05  0.2056128990E+05
L8 0.5868124603E+04  0.5893558137E+05  0.0000000000E+00  0.0000000000E+00
L9 0.0000000000E+00  0.0000000000E+00  0.0000000000E+00  0.1039887683E+01  0.0000000000E+00
L0     4000  0.1180000000E+03  -.3232958384E+06  0.8613950592E+05
L1 0.2992671912E+03  0.2992671912E+03  -.4094353443E+12  0.1000000000E+01
L2 0.1000000000E+01  0.1213221959E+03  0.1213221959E+03  0.1213221959E+03
L3 0.1374666844E+07  -.1012072344E+03  0.3392962848E+02  0.1836651726E+03
L4 0.3879585556E+02  0.1126502332E+05  0.1136731832E+05  0.1137980186E+05
L5 0.3401214350E+05  0.1226632650E+05  0.1103163239E+05  0.9562693403E+04
L6 0.3286065230E+05  -.4094353443E+06  0.3885144167E+05  -.5515125211E+06
L7 0.0000000000E+00  0.4836173996E+04  0.1329259497E+05  0.2052888897E+05
L8 0.5801838860E+04  0.5876623835E+05  0.0000000000E+00  0.0000000000E+00
L9 0.0000000000E+00  0.0000000000E+00  0.0000000000E+00  0.1039525155E+01  0.0000000000E+00
L0     5000  0.1200000000E+03  -.3229388682E+06  0.8646080590E+05
L1 0.3003834565E+03  0.3003834565E+03  -.4093996741E+12  0.1000000000E+01
L2 0.1000000000E+01  0.1213136583E+03  0.1213136583E+03  0.1213136583E+03
L3 0.1374375691E+07  -.1874652389E+02  0.1691212507E+03  -.1043634812E+02
L4 0.4664612624E+02  0.1140275583E+05  0.1132455657E+05  0.1129424942E+05
L5 0.3402156182E+05  0.1158818702E+05  0.9651694142E+04  0.1139748053E+05
L6 0.3263736170E+05  -.4093996741E+06  0.3893554559E+05  -.5514227860E+06
L7 0.0000000000E+00  0.4773564392E+04  0.1327950146E+05  0.2050200002E+05
L8 0.5834969217E+04  0.5869753125E+05  0.0000000000E+00  0.0000000000E+00
L9 0.0000000000E+00  0.0000000000E+00  0.0000000000E+00  0.1039745371E+01  0.0000000000E+00
L0     6000  0.1220000000E+03  -.3227801627E+06  0.8653341516E+05
L1 0.3006357167E+03  0.3006357167E+03  -.4093135779E+12  0.1000000000E+01
L2 0.1000000000E+01  0.1212715399E+03  0.1212715399E+03  0.1212715399E+03
L3 0.1372950983E+07  -.1519674175E+03  0.5560318428E+02  0.8236082356E+02
L4 -.4667803205E+01  0.1139588299E+05  0.1134651343E+05  0.1145250295E+05
L5 0.3419489937E+05  0.1289751009E+05  0.1079708481E+05  0.1063867558E+05
L6 0.3433327048E+05  -.4093135779E+06  0.3902106861E+05  -.5513021004E+06
L7 0.0000000000E+00  0.4894141681E+04  0.1294975353E+05  0.2057733508E+05
L8 0.5788096439E+04  0.5875812715E+05  0.0000000000E+00  0.0000000000E+00
L9 0.0000000000E+00  0.0000000000E+00  0.0000000000E+00  0.1040824313E+01  0.0000000000E+00
L0     7000  0.1240000000E+03  -.3227818023E+06  0.8670160147E+05
L1 0.3012200322E+03  0.3012200322E+03  -.4094834038E+12  0.1000000000E+01
L2 0.1000000000E+01  0.1212803530E+03  0.1212803530E+03  0.1212803530E+03
L3 0.1373248503E+07  0.5828462260E+02  -.6340863436E+02  0.3588193313E+02
L4 0.1025264046E+02  0.1145704494E+05  0.1127421143E+05  0.1149974028E+05
L5 0.3423099665E+05  0.1088099557E+05  0.1190090337E+05  0.1114510532E+05
L6 0.3392700427E+05  -.4094834038E+06  0.3861375111E+05  -.5510838481E+06
L7 0.0000000000E+00  0.4795601389E+04  0.1305804485E+05  0.2056670757E+05
L8 0.5854928280E+04  0.5871141112E+05  0.0000000000E+00  0.0000000000E+00
L9 0.0000000000E+00  0.0000000000E+00  0.0000000000E+00  0.1040598814E+01  0.0000000000E+00
L0     8000  0.1260000000E+03  -.3231183287E+06  0.8652726677E+05
L1 0.3006143559E+03  0.3006143559E+03  -.4096455955E+12  0.1000000000E+01
L2 0.1000000000E+01  0.1212835743E+03  0.1212835743E+03  0.1212835743E+03
L3 0.1373350905E+07  0.9454882643E+02  -.4233470516E+01  0.1124947623E+03
L4 0.6760337273E+02  0.1127150509E+05  0.1127818399E+05  0.1148475533E+05
L5 0.3403444442E+05  0.1033697296E+05  0.1132002813E+05  0.1037284338E+05
L6 0.3202984446E+05  -.4096455955E+06  0.3911167187E+05  -.5518209510E+06
L7 0.0000000000E+00  0.4759578746E+04  0.1319568672E+05  0.2057834743E+05
L8 0.5837446703E+04  0.5869262400E+05  0.0000000000E+00  0.0000000000E+00
L9 0.0000000000E+00  0.0000000000E+00  0.0000000000E+00  0.1040521224E+01  0.0000000000E+00
L0     9000  0.1280000000E+03  -.3233690927E+06  0.8592090791E+05
L1 0.2985077346E+03  0.2985077346E+03  -.4092900006E+12  0.1000000000E+01
L2 0.1000000000E+01  0.1212674050E+03  0.1212674050E+03  0.1212674050E+03
L3 0.1372822026E+07  -.2729847432E+03  0.2848469528E+02  -.5064501255E+02
L4 -.9838168681E+02  0.1126430150E+05  0.1125107498E+05  0.1141307500E+05
L5 0.3392845148E+05  0.1396147693E+05  0.1096963720E+05  0.1191346370E+05
L6 0.3684457783E+05  -.4092900006E+06  0.3847343454E+05  -.5510064318E+06
L7 0.0000000000E+00  0.4760788762E+04  0.1321315725E+05  0.2064554117E+05
L8 0.5829935572E+04  0.5879357386E+05  0.0000000000E+00  0.0000000000E+00
L9 0.0000000000E+00  0.0000000000E+00  0.0000000000E+00  0.1040922084E+01  0.0000000000E+00
L0    10000  0.1300000000E+03  -.3232460736E+06  0.8641766933E+05
L1 0.3002335908E+03  0.3002335908E+03  -.4096637429E+12  0.1000000000E+01
L2 0.1000000000E+01  0.1212740277E+03  0.1212740277E+03  0.1212740277E+03
L3 0.1373057894E+07  -.1423108395E+03  -.1482038363E+03  -.2724955751E+03
L4 -.1876700836E+03  0.1134964831E+05  0.1141880474E+05  0.1130689725E+05
L5 0.3407535029E+05  0.1275596590E+05  0.1288335701E+05  0.1399970211E+05
L6 0.3963902502E+05  -.4096637429E+06  0.3839001336E+05  -.5509302852E+06
L7 0.0000000000E+00  0.4719388047E+04  0.1306865216E+05  0.2050404650E+05
L8 0.5870851415E+04  0.5871359083E+05  0.0000000000E+00  0.0000000000E+00
L9 0.0000000000E+00  0.0000000000E+00  0.0000000000E+00  0.1040743271E+01  0.0000000000E+00
L0    11000  0.1320000000E+03  -.3232114657E+06  0.8645961659E+05
L1 0.3003793246E+03  0.3003793246E+03  -.4096710823E+12  0.1000000000E+01
L2 0.1000000000E+01  0.1212155255E+03  0.1212155255E+03  0.1212155255E+03
L3 0.1371046348E+07  0.1394142752E+03  0.2447710411E+02  -.1031711219E+03
L4 0.2024008582E+02  0.1136232318E+05  0.1144800330E+05  0.1135099699E+05
L5 0.3416132347E+05  0.9986647809E+04  0.1120647460E+05  0.1236904174E+05
L6 0.3356216415E+05  -.4096710823E+06  0.3877801792E+05  -.5516433661E+06
L7 0.0000000000E+00  0.4838718364E+04  0.1315748778E+05  0.2061089745E+05
L8 0.5835488423E+04  0.5875167389E+05  0.0000000000E+00  0.0000000000E+00
L9 0.0000000000E+00  0.0000000000E+00  0.0000000000E+00  0.1042270209E+01  0.0000000000E+00
L0    12000  0.1340000000E+03  -.3233199660E+06  0.8652062825E+05
L1 0.3005912922E+03  0.3005912922E+03  -.4098405943E+12  0.1000000000E+01
L2 0.1000000000E+01  0.1213056202E+03  0.1213056202E+03  0.1213056202E+03
L3 0.1374101472E+07  -.1574099778E+02  0.9967457204E+01  0.1713082284E+03
L4 0.5517822926E+02  0.1131269092E+05  0.1147457625E+05  0.1129039764E+05
L5 0.3407766481E+05  0.1146836189E+05  0.1137600285E+05  0.9596240817E+04
L6 0.3244060556E+05  -.4098405943E+06  0.3891095141E+05  -.5517158550E+06
L7 0.0000000000E+00  0.4810870406E+04  0.1303200320E+05  0.2050053692E+05
L8 0.5829861420E+04  0.5879103739E+05  0.0000000000E+00  0.0000000000E+00
L9 0.0000000000E+00  0.0000000000E+00  0.0000000000E+00  0.1039952866E+01  0.0000000000E+00
L0    13000  0.1360000000E+03  -.3236197060E+06  0.8572794043E+05
L1 0.2978373241E+03  0.2978373241E+03  -.4093476464E+12  0.1000000000E+01
L2 0.1000000000E+01  0.1212876780E+03  0.1212876780E+03  0.1212876780E+03
L3 0.1373510932E+07  -.8961173785E+02  0.1621902014E+02  -.2287338126E+03
L4 -.1007088434E+03  0.1125817260E+05  0.1136672394E+05  0.1124633029E+05
L5 0.3387122683E+05  0.1214400916E+05  0.1120639448E+05  0.1350742664E+05
L6 0.3685783028E+05  -.4093476464E+06  0.3901502943E+05  -.5515623709E+06
L7 0.0000000000E+00  0.4865127683E+04  0.1319746401E+05  0.2058223463E+05
L8 0.5879500811E+04  0.5867536793E+05  0.0000000000E+00  0.0000000000E+00
L9 0.0000000000E+00  0.0000000000E+00  0.0000000000E+00  0.1040399993E+01  0.0000000000E+00
L0    14000  0.1380000000E+03  -.3236981786E+06  0.8616150252E+05
L1 0.2993436121E+03  0.2993436121E+03  -.4098596811E+12  0.1000000000E+01
L2 0.1000000000E+01  0.1212256993E+03  0.1212256993E+03  0.1212256993E+03
L3 0.1371414098E+07  -.2467154923E+03  -.7531961520E+02  -.1690612386E+03
L4 -.1636987820E+03  0.1130422283E+05  0.1129057881E+05  0.1124061554E+05
L5 0.3383541719E+05  0.1373934981E+05  0.1203399717E+05  0.1290928085E+05
L6 0.3868262783E+05  -.4098596811E+06  0.3881217744E+05  -.5517277459E+06
L7 0.0000000000E+00  0.4795897857E+04  0.1304713594E+05  0.2052890721E+05
L8 0.5821387405E+04  0.5886255897E+05  0.0000000000E+00  0.0000000000E+00
L9 0.0000000000E+00  0.0000000000E+00  0.0000000000E+00  0.1041990721E+01  0.0000000000E+00
L0    15000  0.1400000000E+03  -.3235190412E+06  0.8622025320E+05
L1 0.2995477247E+03  0.2995477247E+03  -.4097392944E+12  0.1000000000E+01
L2 0.1000000000E+01  0.1212621961E+03  0.1212621961E+03  0.1212621961E+03
L3 0.1372632413E+07  -.1367713274E+02  -.5548090786E+02  0.8555638428E+02
L4 0.5466114560E+01  0.1130699352E+05  0.1141350759E+05  0.1135336496E+05
L5 0.3407386607E+05  0.1144210925E+05  0.1196160076E+05  0.1050815763E+05
L6 0.3391186764E+05  -.4097392944E+06  0.3918400747E+05  -.5519739696E+06
L7 0.0000000000E+00  0.4811049440E+04  0.1322974252E+05  0.2058425939E+05
L8 0.5808237053E+04  0.5861737928E+05  0.0000000000E+00  0.0000000000E+00
L9 0.0000000000E+00  0.0000000000E+00  0.0000000000E+00  0.1041065875E+01  0.0000000000E+00
L0    16000  0.1420000000E+03  -.3228424300E+06  0.8576206741E+05
L1 0.2979558885E+03  0.2979558885E+03  -.4086044974E+12  0.1000000000E+01
L2 0.1000000000E+01  0.1212312490E+03  0.1212312490E+03  0.1212312490E+03
L3 0.1371586687E+07  0.1397578887E+03  -.1899679944E+02  -.2251632498E+03
L4 -.3480072018E+02  0.1135937629E+05  0.1129437568E+05  0.1128160547E+05
L5 0.3393535744E+05  0.9979766807E+04  0.1148190115E+05  0.1350428756E+05
L6 0.3496595552E+05  -.4086044974E+06  0.3815516409E+05  -.5500219180E+06
L7 0.0000000000E+00  0.4885932457E+04  0.1321843777E+05  0.2062352900E+05
L8 0.5789449053E+04  0.5874490826E+05  0.0000000000E+00  0.0000000000E+00
L9 0.0000000000E+00  0.0000000000E+00  0.0000000000E+00  0.1041859605E+01  0.0000000000E+00
L0    17000  0.1440000000E+03  -.3230933667E+06  0.8651569398E+05
L1 0.3005741495E+03  0.3005741495E+03  -.4096090607E+12  0.1000000000E+01
L2 0.1000000000E+01  0.1212921798E+03  0.1212921798E+03  0.1212921798E+03
L3 0.1373646607E+07  -.7609846672E+02  -.8893793229E+02  0.2858274719E+03
L4 0.4026369097E+02  0.1138797706E+05  0.1135500861E+05  0.1156063547E+05
L5 0.3430362114E+05  0.1214030554E+05  0.1223427126E+05  0.8734873567E+04
L6 0.3310945037E+05  -.4096090607E+06  0.3868042154E+05  -.5514148233E+06
L7 0.0000000000E+00  0.4951065931E+04  0.1327245053E+05  0.2058318534E+05
L8 0.5788668867E+04  0.5852997038E+05  0.0000000000E+00  0.0000000000E+00
L9 0.0000000000E+00  0.0000000000E+00  0.0000000000E+00  0.1040297233E+01  0.0000000000E+00
L0    18000  0.1460000000E+03  -.3231108809E+06  0.8628616168E+05
L1 0.2997767049E+03  0.2997767049E+03  -.4093970426E+12  0.1000000000E+01
L2 0.1000000000E+01  0.1212690031E+03  0.1212690031E+03  0.1212690031E+03
L3 0.1372855811E+07  -.1821586986E+02  -.2473385357E+01  0.2274465517E+03
L4 0.6891909883E+02  0.1140419678E+05  0.1132733349E+05  0.1141110090E+05
L5 0.3414263116E+05  0.1158417975E+05  0.1135177192E+05  0.9163801872E+04
L6 0.3209975354E+05  -.4093970426E+06  0.3896769383E+05  -.5515089277E+06
L7 0.0000000000E+00  0.4795291282E+04  0.1323597033E+05  0.2058251765E+05
L8 0.5822943677E+04  0.5870746834E+05  0.0000000000E+00  0.0000000000E+00
L9 0.0000000000E+00  0.0000000000E+00  0.0000000000E+00  0.1040896467E+01  0.0000000000E+00
L0    19000  0.1480000000E+03  -.3232404536E+06  0.8630400516E+05
L1 0.2998386970E+03  0.2998386970E+03  -.4095444588E+12  0.1000000000E+01
L2 0.1000000000E+01  0.1212806667E+03  0.1212806667E+03  0.1212806667E+03
L3 0.1373236779E+07  0.1402720165E+03  0.2979551296E+03  0.1406581479E+03
L4 0.1929617647E+03  0.1145736898E+05  0.1126208121E+05  0.1139023225E+05
L5 0.3410968244E+05  0.1007101847E+05  0.8317301085E+04  0.1000006549E+05
L6 0.2838838504E+05  -.4095444588E+06  0.3904874237E+05  -.5516264705E+06
L7 0.0000000000E+00  0.4781306937E+04  0.1318097295E+05  0.2055312794E+05
L8 0.5816341536E+04  0.5870151996E+05  0.0000000000E+00  0.0000000000E+00
L9 0.0000000000E+00  0.0000000000E+00  0.0000000000E+00  0.1040607698E+01  0.0000000000E+00
L0    20000  0.1500000000E+03  -.3228660404E+06  0.8635955783E+05
L1 0.3000316989E+03  0.3000316989E+03  -.4092255982E+12  0.1000000000E+01
L2 0.1000000000E+01  0.1212521319E+03  0.1212521319E+03  0.1212521319E+03
L3 0.1372297650E+07  -.2476277471E+01  -.1826922548E+03  0.3063392741E+02
L4 -.5151153496E+02  0.1141215719E+05  0.1143170785E+05  0.1137059023E+05
L5 0.3421445527E+05  0.1143661425E+05  0.1323607551E+05  0.1106803297E+05
L6 0.3574072273E+05  -.4092255982E+06  0.3875858544E+05  -.5510503032E+06
L7 0.0000000000E+00  0.4728309001E+04  0.1304410068E+05  0.2060320841E+05
L8 0.5832034244E+04  0.5885846718E+05  0.0000000000E+00  0.0000000000E+00
L9 0.0000000000E+00  0.0000000000E+00  0.0000000000E+00  0.1041319836E+01  0.0000000000E+00
L0    21000  0.1520000000E+03  -.3233984405E+06  0.8598641700E+05
L1 0.2987353273E+03  0.2987353273E+03  -.4093848575E+12  0.1000000000E+01
L2 0.1000000000E+01  0.1212935113E+03  0.1212935113E+03  0.1212935113E+03
L3 0.1373696374E+07  0.5351565687E+02  -.4378259200E+01  -.3926665691E+02
L4 0.3290246920E+01  0.1122656990E+05  0.1134932789E+05  0.1131612391E+05
L5 0.3389202170E+05  0.1069748156E+05  0.1139261402E+05  0.1170433797E+05
L6 0.3379443355E+05  -.4093848575E+06  0.3939414745E+05  -.5517877992E+06
L7 0.0000000000E+00  0.4763525819E+04  0.1315294156E+05  0.2054709197E+05
L8 0.5827882172E+04  0.5871735271E+05  0.0000000000E+00  0.0000000000E+00
L9 0.0000000000E+00  0.0000000000E+00  0.0000000000E+00  0.1040259544E+01  0.0000000000E+00
L0    22000  0.1540000000E+03  -.3238221741E+06  0.8626291464E+05
L1 0.2996959397E+03  0.2996959397E+03  -.4100850888E+12  0.1000000000E+01
L2 0.1000000000E+01  0.1212519224E+03  0.1212519224E+03  0.1212519224E+03
L3 0.1372274697E+07  0.2741779910E+02  0.9934744153E+02  0.1068681402E+03
L4 0.7787779361E+02  0.1137827144E+05  0.1135446848E+05  0.1148326869E+05
L5 0.3421600861E+05  0.1110748294E+05  0.1037327574E+05  0.1042779870E+05
L6 0.3190855738E+05  -.4100850888E+06  0.3925572003E+05  -.5525684942E+06
L7 0.0000000000E+00  0.4876323033E+04  0.1308115373E+05  0.2060476353E+05
L8 0.5788801780E+04  0.5887664333E+05  0.0000000000E+00  0.0000000000E+00
L9 0.0000000000E+00  0.0000000000E+00  0.0000000000E+00  0.1041337253E+01  0.0000000000E+00
L0    23000  0.1560000000E+03  -.3233277860E+06  0.8637433091E+05
L1 0.3000830238E+03  0.3000830238E+03  -.4097021170E+12  0.1000000000E+01
L2 0.1000000000E+01  0.1212352628E+03  0.1212352628E+03  0.1212352628E+03
L3 0.1371727072E+07  -.6491258178E+02  0.3638536820E+02  -.1775219495E+03
L4 -.6868305435E+02  0.1129761223E+05  0.1128703960E+05  0.1140832166E+05
L5 0.3399297350E+05  0.1193845749E+05  0.1092782742E+05  0.1316089560E+05
L6 0.3602718050E+05  -.4097021170E+06  0.3868923827E+05  -.5516263950E+06
L7 0.0000000000E+00  0.4816102798E+04  0.1323850598E+05  0.2059772536E+05
L8 0.5830048672E+04  0.5875265695E+05  0.0000000000E+00  0.0000000000E+00
L9 0.0000000000E+00  0.0000000000E+00  0.0000000000E+00  0.1041752979E+01  0.0000000000E+00
L0    24000  0.1580000000E+03  -.3230949873E+06  0.8638677269E+05
L1 0.3001262492E+03  0.3001262492E+03  -.4094817600E+12  0.1000000000E+01
L2 0.1000000000E+01  0.1212620298E+03  0.1212620298E+03  0.1212620298E+03
L3 0.1372637577E+07  -.2805263207E+03  -.1848465239E+02  0.5052044879E+02
L4 -.8283017477E+02  0.1136993745E+05  0.1144755674E+05  0.1137894428E+05
L5 0.3419643847E+05  0.1414125364E+05  0.1163016641E+05  0.1087985336E+05
L6 0.3665127341E+05  -.4094817600E+06  0.3832105992E+05  -.5508293400E+06
L7 0.0000000000E+00  0.4716533553E+04  0.1308157602E+05  0.2055270421E+05
L8 0.5797751898E+04  0.5887795442E+05  0.0000000000E+00  0.0000000000E+00
L9 0.0000000000E+00  0.0000000000E+00  0.0000000000E+00  0.1041061958E+01  0.0000000000E+00
L0    25000  0.1600000000E+03  -.3229165718E+06  0.8660673511E+05
L1 0.3008904460E+03  0.3008904460E+03  -.4095233069E+12  0.1000000000E+01
L2 0.1000000000E+01  0.1212584383E+03  0.1212584383E+03  0.1212584383E+03
L3 0.1372501462E+07  -.7225748002E+02  0.1277788110E+03  0.4282660887E+02
L4 0.3278264661E+02  0.1139672644E+05  0.1144567142E+05  0.1150475776E+05
L5 0.3434715561E+05  0.1211048644E+05  0.1018347124E+05  0.1108171615E+05
L6 0.3337567383E+05  -.4095233069E+06  0.3850968269E+05  -.5510585867E+06
L7 0.0000000000E+00  0.4798012210E+04  0.1313860637E+05  0.2049516462E+05
L8 0.5818946750E+04  0.5877486717E+05  0.0000000000E+00  0.0000000000E+00
L9 0.0000000000E+00  0.0000000000E+00  0.0000000000E+00  0.1041165204E+01  0.0000000000E+00
L0    26000  0.1620000000E+03  -.3231374338E+06  0.8658884941E+05
L1 0.3008283072E+03  0.3008283072E+03  -.4097262832E+12  0.1000000000E+01
L2 0.1000000000E+01  0.1212917968E+03  0.1212917968E+03  0.1212917968E+03
L3 0.1373622310E+07  -.2377514272E+03  0.2276649090E+03  0.4071569584E+03
L4 0.1323568134E+03  0.1136381976E+05  0.1138149531E+05  0.1126866580E+05
L5 0.3401398086E+05  0.1371424828E+05  0.9130782865E+04  0.7243481430E+04
L6 0.3008851257E+05  -.4097262832E+06  0.3846057981E+05  -.5513149107E+06
L7 0.0000000000E+00  0.4792648701E+04  0.1331902794E+05  0.2057252798E+05
L8 0.5833546466E+04  0.5861029657E+05  0.0000000000E+00  0.0000000000E+00
L9 0.0000000000E+00  0.0000000000E+00  0.0000000000E+00  0.1040315634E+01  0.0000000000E+00
L0    27000  0.1640000000E+03  -.3234868204E+06  0.8622721718E+05
L1 0.2995719190E+03  0.2995719190E+03  -.4097140375E+12  0.1000000000E+01
L2 0.1000000000E+01  0.1212035942E+03  0.1212035942E+03  0.1212035942E+03
L3 0.1370644453E+07  0.1728492349E+03  -.2518659069E+03  0.6798176397E+02
L4 -.3678302672E+01  0.1137492670E+05  0.1124070246E+05  0.1129384781E+05
L5 0.3390947698E+05  0.9669830629E+04  0.1372526983E+05  0.1062323195E+05
L6 0.3401833241E+05  -.4097140375E+06  0.3905299943E+05  -.5517653227E+06
L7 0.0000000000E+00  0.4848195250E+04  0.1306657242E+05  0.2051598628E+05
L8 0.5848027134E+04  0.5871950465E+05  0.0000000000E+00  0.0000000000E+00
L9 0.0000000000E+00  0.0000000000E+00  0.0000000000E+00  0.1042575819E+01  0.0000000000E+00
L0    28000  0.1660000000E+03  -.3232753915E+06  0.8639018680E+05
L1 0.3001381106E+03  0.3001381106E+03  -.4096655783E+12  0.1000000000E+01
L2 0.1000000000E+01  0.1212085132E+03  0.1212085132E+03  0.1212085132E+03
L3 0.1370819247E+07  -.4636815664E+02  -.3443791780E+02  -.1242191538E+03
L4 -.6834174275E+02  0.1130792485E+05  0.1135905720E+05  0.1143350932E+05
L5 0.3410049137E+05  0.1176538851E+05  0.1169881830E+05  0.1265904325E+05
L6 0.3612325007E+05  -.4096655783E+06  0.3879330586E+05  -.5517536977E+06
L7 0.0000000000E+00  0.4880656664E+04  0.1318935359E+05  0.2055803971E+05
L8 0.5766894062E+04  0.5889986948E+05  0.0000000000E+00  0.0000000000E+00
L9 0.0000000000E+00  0.0000000000E+00  0.0000000000E+00  0.1042442880E+01  0.0000000000E+00
L0    29000  0.1680000000E+03  -.3236376078E+06  0.8628237328E+05
L1 0.2997635432E+03  0.2997635432E+03  -.4099199811E+12  0.1000000000E+01
L2 0.1000000000E+01  0.1212474506E+03  0.1212474506E+03  0.1212474506E+03
L3 0.1372121553E+07  -.1387007367E+03  0.2287597370E+03  0.1759700540E+03
L4 0.8867635145E+02  0.1137756315E+05  0.1131720189E+05  0.1142993154E+05
L5 0.3412469659E+05  0.1274727097E+05  0.9058136750E+04  0.9692178997E+04
L6 0.3149758672E+05  -.4099199811E+06  0.3889056305E+05  -.5517828111E+06
L7 0.0000000000E+00  0.4798752932E+04  0.1316852560E+05  0.2056065185E+05
L8 0.5785360972E+04  0.5865897557E+05  0.0000000000E+00  0.0000000000E+00
L9 0.0000000000E+00  0.0000000000E+00  0.0000000000E+00  0.1041453478E+01  0.0000000000E+00
L0    30000  0.1700000000E+03  -.3234108041E+06  0.8657215559E+05
L1 0.3007703093E+03  0.3007703093E+03  -.4099829597E+12  0.1000000000E+01
L2 0.1000000000E+01  0.1212729153E+03  0.1212729153E+03  0.1212729153E+03
L3 0.1372997909E+07  0.5634062414E+01  0.5914278611E+02  -.8399938916E+02
L4 -.6407513545E+01  0.1132822919E+05  0.1149156720E+05  0.1134593794E+05
L5 0.3416573433E+05  0.1127255574E+05  0.1090714294E+05  0.1217598475E+05
L6 0.3435568343E+05  -.4099829597E+06  0.3873614432E+05  -.5518222721E+06
L7 0.0000000000E+00  0.4853557233E+04  0.1317425839E+05  0.2044655314E+05
L8 0.5850532067E+04  0.5877826731E+05  0.0000000000E+00  0.0000000000E+00
L9 0.0000000000E+00  0.0000000000E+00  0.0000000000E+00  0.1040788740E+01  0.0000000000E+00
L0    31000  0.1720000000E+03  -.3229114870E+06  0.8658897949E+05
L1 0.3008287591E+03  0.3008287591E+03  -.4095004664E+12  0.1000000000E+01
L2 0.1000000000E+01  0.1212261180E+03  0.1212261180E+03  0.1212261180E+03
L3 0.1371411688E+07  0.2319677320E+03  -.9207198095E+02  -.2233670507E+03
L4 -.2782376656E+02  0.1129739227E+05  0.1140859989E+05  0.1142759875E+05
L5 0.3413359091E+05  0.9007832408E+04  0.1231736556E+05  0.1363226847E+05
L6 0.3495746644E+05  -.4095004664E+06  0.3880168238E+05  -.5514004419E+06
L7 0.0000000000E+00  0.4875883268E+04  0.1324759597E+05  0.2052843161E+05
L8 0.5801975750E+04  0.5864440650E+05  0.0000000000E+00  0.0000000000E+00
L9 0.0000000000E+00  0.0000000000E+00  0.0000000000E+00  0.1041992551E+01  0.0000000000E+00
L0    32000  0.1740000000E+03  -.3232492998E+06  0.8635411846E+05
L1 0.3000128014E+03  0.3000128014E+03  -.4096034182E+12  0.1000000000E+01
L2 0.1000000000E+01  0.1212293375E+03  0.1212293375E+03  0.1212293375E+03
L3 0.1371522204E+07  0.1163144484E+03  -.2145321365E+03  -.1586715526E+02
L4 -.3802828113E+02  0.1131855664E+05  0.1132199596E+05  0.1132625262E+05
L5 0.3396680521E+05  0.1017042129E+05  0.1343963424E+05  0.1148287668E+05
L6 0.3509293222E+05  -.4096034182E+06  0.3882574871E+05  -.5516149512E+06
L7 0.0000000000E+00  0.4887243522E+04  0.1333502245E+05  0.2043606672E+05
L8 0.5849748154E+04  0.5867770340E+05  0.0000000000E+00  0.0000000000E+00
L9 0.0000000000E+00  0.0000000000E+00  0.0000000000E+00  0.1041908589E+01  0.0000000000E+00
L0    33000  0.1760000000E+03  -.3233985847E+06  0.8642061491E+05
L1 0.3002438244E+03  0.3002438244E+03  -.4098191996E+12  0.1000000000E+01
L2 0.1000000000E+01  0.1212539316E+03  0.1212539316E+03  0.1212539316E+03
L3 0.1372357931E+07  -.8106265834E+02  -.1836814575E+02  -.3484883275E+02
L4 -.4475987895E+02  0.1122443498E+05  0.1148064558E+05  0.1136614017E+05
L5 0.3407122073E+05  0.1202508887E+05  0.1166206731E+05  0.1171034123E+05
L6 0.3539749742E+05  -.4098191996E+06  0.3844335502E+05  -.5513759353E+06
L7 0.0000000000E+00  0.4842518353E+04  0.1308019787E+05  0.2053396675E+05
L8 0.5809663305E+04  0.5884703444E+05  0.0000000000E+00  0.0000000000E+00
L9 0.0000000000E+00  0.0000000000E+00  0.0000000000E+00  0.1041274096E+01  0.0000000000E+00
L0    34000  0.1780000000E+03  -.3231028107E+06  0.8639198145E+05
L1 0.3001443456E+03  0.3001443456E+03  -.4094947922E+12  0.1000000000E+01
L2 0.1000000000E+01  0.1212039290E+03  0.1212039290E+03  0.1212039290E+03
L3 0.1370650270E+07  0.8100338619E+02  0.4184034383E+02  0.2072386368E+01
L4 0.4163870546E+02  0.1136988719E+05  0.1128149963E+05  0.1137836705E+05
L5 0.3402975387E+05  0.1057081427E+05  0.1086875781E+05  0.1135792361E+05
L6 0.3279749569E+05  -.4094947922E+06  0.3855378168E+05  -.5510649828E+06
L7 0.0000000000E+00  0.4723174664E+04  0.1307031503E+05  0.2057818546E+05
L8 0.5822575503E+04  0.5882215830E+05  0.0000000000E+00  0.0000000000E+00
L9 0.0000000000E+00  0.0000000000E+00  0.0000000000E+00  0.1042571395E+01  0.0000000000E+00
L0    35000  0.1800000000E+03  -.3228060093E+06  0.8653002586E+05
L1 0.3006239415E+03  0.3006239415E+03  -.4093360351E+12  0.1000000000E+01
L2 0.1000000000E+01  0.1212255109E+03  0.1212255109E+03  0.1212255109E+03
L3 0.1371373476E+07  0.2697448592E+02  0.2186844360E+03  0.1026773674E+03
L4 0.1161120964E+03  0.1132270842E+05  0.1135780263E+05  0.1143789190E+05
L5 0.3411840295E+05  0.1105647320E+05  0.9199411236E+04  0.1042447755E+05
L6 0.3068036199E+05  -.4093360351E+06  0.3888560438E+05  -.5512227350E+06
L7 0.0000000000E+00  0.4832209504E+04  0.1323988904E+05  0.2048281513E+05
L8 0.5775938399E+04  0.5867024342E+05  0.0000000000E+00  0.0000000000E+00
L9 0.0000000000E+00  0.0000000000E+00  0.0000000000E+00  0.1042021585E+01  0.0000000000E+00
L0    36000  0.1820000000E+03  -.3231427952E+06  0.8667769625E+05
L1 0.3011369803E+03  0.3011369803E+03  -.4098204914E+12  0.1000000000E+01
L2 0.1000000000E+01  0.1212633150E+03  0.1212633150E+03  0.1212633150E+03
L3 0.1372677548E+07  -.2036787832E+03  0.4852994798E+02  -.3358830348E+01
L4 -.5283588853E+02  0.1142410080E+05  0.1151646226E+05  0.1132597613E+05
L5 0.3426653920E+05  0.1343629968E+05  0.1103702152E+05  0.1135915894E+05
L6 0.3583248014E+05  -.4098204914E+06  0.3838386172E+05  -.5511260787E+06
L7 0.0000000000E+00  0.4772988865E+04  0.1313782338E+05  0.2053859333E+05
L8 0.5806011542E+04  0.5866630847E+05  0.0000000000E+00  0.0000000000E+00
L9 0.0000000000E+00  0.0000000000E+00  0.0000000000E+00  0.1041031644E+01  0.0000000000E+00
L0    37000  0.1840000000E+03  -.3233634017E+06  0.8619420174E+05
L1 0.2994572162E+03  0.2994572162E+03  -.4095576034E+12  0.1000000000E+01
L2 0.1000000000E+01  0.1212494355E+03  0.1212494355E+03  0.1212494355E+03
L3 0.1372194333E+07  -.4637561280E+02  0.2125022711E+02  0.1590453039E+03
L4 0.4463997275E+02  0.1119655976E+05  0.1135029308E+05  0.1125992139E+05
L5 0.3380677423E+05  0.1165455595E+05  0.1114043012E+05  0.9689222083E+04
L6 0.3248420816E+05  -.4095576034E+06  0.3834554992E+05  -.5509064409E+06
L7 0.0000000000E+00  0.4821281730E+04  0.1316040052E+05  0.2051069965E+05
L8 0.5803958094E+04  0.5870694755E+05  0.0000000000E+00  0.0000000000E+00
L9 0.0000000000E+00  0.0000000000E+00  0.0000000000E+00  0.1041398241E+01  0.0000000000E+00
L0    38000  0.1860000000E+03  -.3229075622E+06  0.8624249827E+05
L1 0.2996250088E+03  0.2996250088E+03  -.4091500605E+12  0.1000000000E+01
L2 0.1000000000E+01  0.1212778602E+03  0.1212778602E+03  0.1212778602E+03
L3 0.1373160234E+07  0.3895436039E+02  0.2579695113E+03  -.1781799433E+03
L4 0.3958130949E+02  0.1120337528E+05  0.1155483185E+05  0.1128214636E+05
L5 0.3404035350E+05  0.1081839909E+05  0.9005383732E+04  0.1304305415E+05
L6 0.3286683697E+05  -.4091500605E+06  0.3877550453E+05  -.5508596045E+06
L7 0.0000000000E+00  0.4814627336E+04  0.1299175551E+05  0.2052176179E+05
L8 0.5808013642E+04  0.5879788120E+05  0.0000000000E+00  0.0000000000E+00
L9 0.0000000000E+00  0.0000000000E+00  0.0000000000E+00  0.1040665705E+01  0.0000000000E+00
L0    39000  0.1880000000E+03  -.3232493501E+06  0.8638408198E+05
L1 0.3001169011E+03  0.3001169011E+03  -.4096334321E+12  0.1000000000E+01
L2 0.1000000000E+01  0.1212661836E+03  0.1212661836E+03  0.1212661836E+03
L3 0.1372762410E+07  0.1733422304E+03  -.1679244240E+03  0.1437243192E+03
L4 0.4971404185E+02  0.1143727885E+05  0.1144145358E+05  0.1139187532E+05
L5 0.3427060775E+05  0.9724677272E+04  0.1310052784E+05  0.9971895352E+04
L6 0.3279710046E+05  -.4096334321E+06  0.3848065908E+05  -.5508272711E+06
L7 0.0000000000E+00  0.4775944208E+04  0.1304615554E+05  0.2047582706E+05
L8 0.5802971314E+04  0.5861228185E+05  0.0000000000E+00  0.0000000000E+00
L9 0.0000000000E+00  0.0000000000E+00  0.0000000000E+00  0.1040967288E+01  0.0000000000E+00
L0    40000  0.1900000000E+03  -.3233218064E+06  0.8645173797E+05
L1 0.3003519526E+03  0.3003519526E+03  -.4097735444E+12  0.1000000000E+01
L2 0.1000000000E+01  0.1212229315E+03  0.1212229315E+03  0.1212229315E+03
L3 0.1371282588E+07  0.2037805377E+03  -.5495946208E+02  0.2816883169E+03
L4 0.1435031308E+03  0.1151416882E+05  0.1124766953E+05  0.1147657689E+05
L5 0.3423841524E+05  0.9503010568E+04  0.1179007744E+05  0.8696528364E+04
L6 0.2998961637E+05  -.4097735444E+06  0.3876762472E+05  -.5514288247E+06
L7 0.0000000000E+00  0.4795692816E+04  0.1324584690E+05  0.2043662088E+05
L8 0.5798850696E+04  0.5861064432E+05  0.0000000000E+00  0.0000000000E+00
L9 0.0000000000E+00  0.0000000000E+00  0.0000000000E+00  0.1042090650E+01  0.0000000000E+00
L0    41000  0.1920000000E+03  -.3235103480E+06  0.8617831529E+05
L1 0.2994020233E+03  0.2994020233E+03  -.4096886633E+12  0.1000000000E+01
L2 0.1000000000E+01  0.1212375898E+03  0.1212375898E+03  0.1212375898E+03
L3 0.1371796064E+07  0.2011588593E+03  0.1230629473E+02  -.1744151460E+03
L4 0.1301666935E+02  0.1141009286E+05  0.1125678058E+05  0.1130292915E+05
L5 0.3396980259E+05  0.9424065184E+04  0.1113528137E+05  0.1302491797E+05
L6 0.3358426453E+05  -.4096886633E+06  0.3866354257E+05  -.5514626286E+06
L7 0.0000000000E+00  0.4761624866E+04  0.1332120609E+05  0.2046264669E+05
L8 0.5846090247E+04  0.5871885476E+05  0.0000000000E+00  0.0000000000E+00
L9 0.0000000000E+00  0.0000000000E+00  0.0000000000E+00  0.1041700586E+01  0.0000000000E+00
L0    42000  0.1940000000E+03  -.3236339086E+06  0.8623001819E+05
L1 0.2995816503E+03  0.2995816503E+03  -.4098639268E+12  0.1000000000E+01
L2 0.1000000000E+01  0.1212376891E+03  0.1212376891E+03  0.1212376891E+03
L3 0.1371800620E+07  -.9359122121E+02  -.7322968125E+02  0.1767786308E+03
L4 0.3319242772E+01  0.1129839234E+05  0.1142919546E+05  0.1123705331E+05
L5 0.3396464110E+05  0.1222241514E+05  0.1215218950E+05  0.9491724163E+04
L6 0.3386632880E+05  -.4098639268E+06  0.3897635621E+05  -.5518024799E+06
L7 0.0000000000E+00  0.4775302337E+04  0.1321156893E+05  0.2050176022E+05
L8 0.5795971287E+04  0.5867759409E+05  0.0000000000E+00  0.0000000000E+00
L9 0.0000000000E+00  0.0000000000E+00  0.0000000000E+00  0.1041697126E+01  0.0000000000E+00
L0    43000  0.1960000000E+03  -.3231969435E+06  0.8635093240E+05
L1 0.3000017323E+03  0.3000017323E+03  -.4095478759E+12  0.1000000000E+01
L2 0.1000000000E+01  0.1212999793E+03  0.1212999793E+03  0.1212999793E+03
L3 0.1373920475E+07  -.1704474151E+03  0.5226117201E+01  0.6908949561E+02
L4 -.3204393411E+02  0.1141293629E+05  0.1146266664E+05  0.1132143396E+05
L5 0.3419703688E+05  0.1309835804E+05  0.1141098963E+05  0.1063826174E+05
L6 0.3514760941E+05  -.4095478759E+06  0.3915267497E+05  -.5519919059E+06
L7 0.0000000000E+00  0.4836043699E+04  0.1326627284E+05  0.2052364813E+05
L8 0.5851606733E+04  0.5881378365E+05  0.0000000000E+00  0.0000000000E+00
L9 0.0000000000E+00  0.0000000000E+00  0.0000000000E+00  0.1040089867E+01  0.0000000000E+00
L0    44000  0.1980000000E+03  -.3229493252E+06  0.8634155928E+05
L1 0.2999691681E+03  0.2999691681E+03  -.4092908845E+12  0.1000000000E+01
L2 0.1000000000E+01  0.1212582468E+03  0.1212582468E+03  0.1212582468E+03
L3 0.1372490884E+07  0.1439190114E+03  0.1704790915E+03  -.1161582671E+03
L4 0.6607994527E+02  0.1137279458E+05  0.1133494225E+05  0.1134999021E+05
L5 0.3405772704E+05  0.9951172312E+04  0.9650961315E+04  0.1249739372E+05
L6 0.3209952735E+05  -.4092908845E+06  0.3915988902E+05  -.5517519047E+06
L7 0.0000000000E+00  0.4833499761E+04  0.1335254385E+05  0.2039758615E+05
L8 0.5883383458E+04  0.5883411798E+05  0.0000000000E+00  0.0000000000E+00
L9 0.0000000000E+00  0.0000000000E+00  0.0000000000E+00  0.1041173228E+01  0.0000000000E+00
L0    45000  0.2000000000E+03  -.3244283608E+06  0.8602372625E+05
L1 0.2988649477E+03  0.2988649477E+03  -.4104520870E+12  0.1000000000E+01
L2 0.1000000000E+01  0.1212346620E+03  0.1212346620E+03  0.1212346620E+03
L3 0.1371698399E+07  0.5588350955E+02  -.7997564181E+02  0.2104662517E+02
L4 -.1015169028E+01  0.1125007773E+05  0.1126106661E+05  0.1137472742E+05
L5 0.3388587176E+05  0.1069838294E+05  0.1205060444E+05  0.1116695032E+05
L6 0.3391593770E+05  -.4104520870E+06  0.3850700405E+05  -.5519305814E+06
L7 0.0000000000E+00  0.4927984784E+04  0.1310248208E+05  0.2050625363E+05
L8 0.5826941274E+04  0.5860782858E+05  0.0000000000E+00  0.0000000000E+00
L9 0.0000000000E+00  0.0000000000E+00  0.0000000000E+00  0.1041774755E+01  0.0000000000E+00
L0    46000  0.2020000000E+03  -.3238678667E+06  0.8638371922E+05
L1 0.3001156408E+03  0.3001156408E+03  -.4102515859E+12  0.1000000000E+01
L2 0.1000000000E+01  0.1211897043E+03  0.1211897043E+03  0.1211897043E+03
L3 0.1370173342E+07  -.6539025124E+01  -.2058049473E+03  0.1997587435E+03
L4 -.4195076306E+01  0.1130844269E+05  0.1133129642E+05  0.1143746796E+05
L5 0.3407720707E+05  0.1137292567E+05  0.1336079104E+05  0.9467596482E+04
L6 0.3420131320E+05  -.4102515859E+06  0.3830902925E+05  -.5517005124E+06
L7 0.0000000000E+00  0.4782185151E+04  0.1317318727E+05  0.2055299058E+05
L8 0.5801447608E+04  0.5883008666E+05  0.0000000000E+00  0.0000000000E+00
L9 0.0000000000E+00  0.0000000000E+00  0.0000000000E+00  0.1042934291E+01  0.0000000000E+00
L0    47000  0.2040000000E+03  -.3237077600E+06  0.8628663525E+05
L1 0.2997783502E+03  0.2997783502E+03  -.4099943953E+12  0.1000000000E+01
L2 0.1000000000E+01  0.1212021268E+03  0.1212021268E+03  0.1212021268E+03
L3 0.1370586102E+07  0.2212734355E+03  -.3785690144E+02  0.1584363699E+02
L4 0.6642005701E+02  0.1139531919E+05  0.1148343279E+05  0.1136638973E+05
L5 0.3424514170E+05  0.9212628565E+04  0.1185686173E+05  0.1121010455E+05
L6 0.3227959484E+05  -.4099943953E+06  0.3837855407E+05  -.5515300873E+06
L7 0.0000000000E+00  0.4833620156E+04  0.1308473852E+05  0.2055342161E+05
L8 0.5857044142E+04  0.5882831356E+05  0.0000000000E+00  0.0000000000E+00
L9 0.0000000000E+00  0.0000000000E+00  0.0000000000E+00  0.1042620206E+01  0.0000000000E+00
L0    48000  0.2060000000E+03  -.3239197212E+06  0.8621020226E+05
L1 0.2995128055E+03  0.2995128055E+03  -.4101299235E+12  0.1000000000E+01
L2 0.1000000000E+01  0.1212432308E+03  0.1212432308E+03  0.1212432308E+03
L3 0.1371982775E+07  0.1454922203E+03  -.4292644894E+02  0.5366271296E+02
L4 0.5207616143E+02  0.1131042659E+05  0.1130719596E+05  0.1126409762E+05
L5 0.3388172017E+05  0.9873796325E+04  0.1173106354E+05  0.1073421721E+05
L6 0.3233907708E+05  -.4101299235E+06  0.3959642427E+05  -.5526969145E+06
L7 0.0000000000E+00  0.4801061781E+04  0.1310163425E+05  0.2047614283E+05
L8 0.5819263266E+04  0.5877246465E+05  0.0000000000E+00  0.0000000000E+00
L9 0.0000000000E+00  0.0000000000E+00  0.0000000000E+00  0.1041558823E+01  0.0000000000E+00
L0    49000  0.2080000000E+03  -.3231477092E+06  0.8641474377E+05
L1 0.3002234267E+03  0.3002234267E+03  -.4095624530E+12  0.1000000000E+01
L2 0.1000000000E+01  0.1212149085E+03  0.1212149085E+03  0.1212149085E+03
L3 0.1371014565E+07  0.2150049534E+03  0.1675608552E+03  -.5578728654E+02
L4 0.1089261740E+03  0.1141180462E+05  0.1131325293E+05  0.1138273237E+05
L5 0.3410778992E+05  0.9290284699E+04  0.9659878497E+04  0.1193320266E+05
L6 0.3088336586E+05  -.4095624530E+06  0.3913216880E+05  -.5517328245E+06
L7 0.0000000000E+00  0.4830253974E+04  0.1314952304E+05  0.2052198856E+05
L8 0.5831733116E+04  0.5870470405E+05  0.0000000000E+00  0.0000000000E+00
L9 0.0000000000E+00  0.0000000000E+00  0.0000000000E+00  0.1042294371E+01  0.0000000000E+00
L0    50000  0.2100000000E+03  -.3234930785E+06  0.8644314746E+05
L1 0.3003221073E+03  0.3003221073E+03  -.4099362259E+12  0.1000000000E+01
L2 0.1000000000E+01  0.1212315498E+03  0.1212315498E+03  0.1212315498E+03
L3 0.1371608352E+07  -.2493862061E+03  0.5978003100E+01  -.1418511862E+03
L4 -.1284197964E+03  0.1143116579E+05  0.1138431882E+05  0.1133104471E+05
L5 0.3414652931E+05  0.1389300185E+05  0.1132530648E+05  0.1273134014E+05
L6 0.3794964847E+05  -.4099362259E+06  0.3844602123E+05  -.5516313527E+06
L7 0.0000000000E+00  0.4880275000E+04  0.1307282778E+05  0.2053261267E+05
L8 0.5848883465E+04  0.5891450665E+05  0.0000000000E+00  0.0000000000E+00
L9 0.0000000000E+00  0.0000000000E+00  0.0000000000E+00  0.1041843149E+01  0.0000000000E+00
L0    51000  0.2120000000E+03  -.3233195881E+06  0.8653305900E+05
L1 0.3006344793E+03  0.3006344793E+03  -.4098526471E+12  0.1000000000E+01
L2 0.1000000000E+01  0.1212275269E+03  0.1212275269E+03  0.1212275269E+03
L3 0.1371454235E+07  -.1547908745E+03  0.6691505377E+02  0.1335890071E+03
L4 0.1523772880E+02  0.1141988492E+05  0.1141841494E+05  0.1136018265E+05
L5 0.3419848251E+05  0.1294774384E+05  0.1075793181E+05  0.1004159616E+05
L6 0.3374727180E+05  -.4098526471E+06  0.3865912626E+05  -.5513322297E+06
L7 0.0000000000E+00  0.4679862071E+04  0.1314217511E+05  0.2048002111E+05
L8 0.5866971937E+04  0.5865142617E+05  0.0000000000E+00  0.0000000000E+00
L9 0.0000000000E+00  0.0000000000E+00  0.0000000000E+00  0.1041960225E+01  0.0000000000E+00
L0    52000  0.2140000000E+03  -.3236239275E+06  0.8630032067E+05
L1 0.2998258963E+03  0.2998258963E+03  -.4099242481E+12  0.1000000000E+01
L2 0.1000000000E+01  0.1212079499E+03  0.1212079499E+03  0.1212079499E+03
L3 0.1370818174E+07  -.4870437040E+03  0.3769479998E+02  -.1982720035E+03
L4 -.2158736358E+03  0.1122948176E+05  0.1122452304E+05  0.1150067441E+05
L5 0.3395467921E+05  0.1603460319E+05  0.1085263015E+05  0.1345680492E+05
L6 0.4034403827E+05  -.4099242481E+06  0.3892960992E+05  -.5516584246E+06
L7 0.0000000000E+00  0.4819493036E+04  0.1308553933E+05  0.2042073998E+05
L8 0.5886119840E+04  0.5859267438E+05  0.0000000000E+00  0.0000000000E+00
L9 0.0000000000E+00  0.0000000000E+00  0.0000000000E+00  0.1042443696E+01  0.0000000000E+00
L0    53000  0.2160000000E+03  -.3228555309E+06  0.8650374643E+05
L1 0.3005326412E+03  0.3005326412E+03  -.4093592773E+12  0.1000000000E+01
L2 0.1000000000E+01  0.1212066923E+03  0.1212066923E+03  0.1212066923E+03
L3 0.1370745312E+07  0.1976006295E+02  -.1531458970E+03  0.2265975142E+03
L4 0.3107056006E+02  0.1137737656E+05  0.1150106163E+05  0.1134532164E+05
L5 0.3422375983E+05  0.1118243625E+05  0.1301190247E+05  0.9109853470E+04
L6 0.3330419218E+05  -.4093592773E+06  0.3843492098E+05  -.5507197601E+06
L7 0.0000000000E+00  0.4739642639E+04  0.1311153202E+05  0.2051747645E+05
L8 0.5827973079E+04  0.5872893766E+05  0.0000000000E+00  0.0000000000E+00
L9 0.0000000000E+00  0.0000000000E+00  0.0000000000E+00  0.1042499107E+01  0.0000000000E+00
L0    54000  0.2180000000E+03  -.3234743902E+06  0.8605804941E+05
L1 0.2989841937E+03  0.2989841937E+03  -.4095324396E+12  0.1000000000E+01
L2 0.1000000000E+01  0.1212127241E+03  0.1212127241E+03  0.1212127241E+03
L3 0.1370969710E+07  0.2691826524E+03  -.3808268865E+03  -.2794642726E+03
L4 -.1303695022E+03  0.1151092015E+05  0.1127676153E+05  0.1132998380E+05
L5 0.3411766548E+05  0.8854899128E+04  0.1503437446E+05  0.1408745340E+05
L6 0.3797672699E+05  -.4095324396E+06  0.3838505780E+05  -.5510356808E+06
L7 0.0000000000E+00  0.4788626899E+04  0.1325234888E+05  0.2053100211E+05
L8 0.5823879031E+04  0.5872232656E+05  0.0000000000E+00  0.0000000000E+00
L9 0.0000000000E+00  0.0000000000E+00  0.0000000000E+00  0.1042328473E+01  0.0000000000E+00
L0    55000  0.2200000000E+03  -.3231568384E+06  0.8643055640E+05
L1 0.3002783632E+03  0.3002783632E+03  -.4095873948E+12  0.1000000000E+01
L2 0.1000000000E+01  0.1212376803E+03  0.1212376803E+03  0.1212376803E+03
L3 0.1371788163E+07  0.2334036220E+03  -.4797851348E+01  0.7941896404E+02
L4 0.1026749115E+03  0.1142003225E+05  0.1113908655E+05  0.1146123920E+05
L5 0.3402035801E+05  0.9115667509E+04  0.1118645514E+05  0.1067714571E+05
L6 0.3097926836E+05  -.4095873948E+06  0.3886787898E+05  -.5516357774E+06
L7 0.0000000000E+00  0.4866930874E+04  0.1320080777E+05  0.2054092890E+05
L8 0.5803717960E+04  0.5876811808E+05  0.0000000000E+00  0.0000000000E+00
L9 0.0000000000E+00  0.0000000000E+00  0.0000000000E+00  0.1041706586E+01  0.0000000000E+00
L0    56000  0.2220000000E+03  -.3234831133E+06  0.8622937569E+05
L1 0.2995794181E+03  0.2995794181E+03  -.4097124890E+12  0.1000000000E+01
L2 0.1000000000E+01  0.1212404851E+03  0.1212404851E+03  0.1212404851E+03
L3 0.1371902870E+07  -.2914517557E+03  -.1950559180E+03  0.3165691218E+03
L4 -.5664618397E+02  0.1138199030E+05  0.1124069007E+05  0.1129500075E+05
L5 0.3391768111E+05  0.1425969761E+05  0.1316661376E+05  0.8169292085E+04
L6 0.3559560346E+05  -.4097124890E+06  0.3847381081E+05  -.5512440940E+06
L7 0.0000000000E+00  0.4782575504E+04  0.1319073550E+05  0.2045549131E+05
L8 0.5770817374E+04  0.5885817443E+05  0.0000000000E+00  0.0000000000E+00
L9 0.0000000000E+00  0.0000000000E+00  0.0000000000E+00  0.1041619487E+01  0.0000000000E+00
L0    57000  0.2240000000E+03  -.3231907388E+06  0.8637041330E+05
L1 0.3000694132E+03  0.3000694132E+03  -.4095611521E+12  0.1000000000E+01
L2 0.1000000000E+01  0.1212256170E+03  0.1212256170E+03  0.1212256170E+03
L3 0.1371376345E+07  0.2148799838E+03  0.6880481769E+02  0.8260211193E+02
L4 0.1220956378E+03  0.1139429357E+05  0.1130907729E+05  0.1129270412E+05
L5 0.3399607498E+05  0.9273447269E+04  0.1062997986E+05  0.1047742863E+05
L6 0.3038085577E+05  -.4095611521E+06  0.3876524240E+05  -.5511952897E+06
L7 0.0000000000E+00  0.4753744364E+04  0.1302009530E+05  0.2057445758E+05
L8 0.5809319135E+04  0.5871127876E+05  0.0000000000E+00  0.0000000000E+00
L9 0.0000000000E+00  0.0000000000E+00  0.0000000000E+00  0.1042019405E+01  0.0000000000E+00
L0    58000  0.2260000000E+03  -.3226488043E+06  0.8660162132E+05
L1 0.3008726796E+03  0.3008726796E+03  -.4092504256E+12  0.1000000000E+01
L2 0.1000000000E+01  0.1212673554E+03  0.1212673554E+03  0.1212673554E+03
L3 0.1372794723E+07  0.3080800431E+03  0.6347947549E+02  -.3913858647E+02
L4 0.1108069774E+03  0.1130372727E+05  0.1129580917E+05  0.1134418548E+05
L5 0.3394372193E+05  0.8259859746E+04  0.1066862439E+05  0.1173087938E+05
L6 0.3065936352E+05  -.4092504256E+06  0.3899097118E+05  -.5514533120E+06
L7 0.0000000000E+00  0.4838623094E+04  0.1299425040E+05  0.2057989307E+05
L8 0.5844922078E+04  0.5895422663E+05  0.0000000000E+00  0.0000000000E+00
L9 0.0000000000E+00  0.0000000000E+00  0.0000000000E+00  0.1040942787E+01  0.0000000000E+00
L0    59000  0.2280000000E+03  -.3231140798E+06  0.8623969350E+05
L1 0.2996152644E+03  0.2996152644E+03  -.4093537733E+12  0.1000000000E+01
L2 0.1000000000E+01  0.1212763198E+03  0.1212763198E+03  0.1212763198E+03
L3 0.1373102095E+07  -.2717453971E+01  -.9115636712E+02  0.3550753090E+03
L4 0.8706716263E+02  0.1147898521E+05  0.1139327541E+05  0.1138468350E+05
L5 0.3425694413E+05  0.1150583999E+05  0.1229411284E+05  0.7875711659E+04
L6 0.3167566448E+05  -.4093537733E+06  0.3888278990E+05  -.5514137731E+06
L7 0.0000000000E+00  0.4857795323E+04  0.1313435243E+05  0.2056904584E+05
L8 0.5828559496E+04  0.5878745686E+05  0.0000000000E+00  0.0000000000E+00
L9 0.0000000000E+00  0.0000000000E+00  0.0000000000E+00  0.1040709769E+01  0.0000000000E+00
L0    60000  0.2300000000E+03  -.3231156748E+06  0.8645430602E+05
L1 0.3003608745E+03  0.3003608745E+03  -.4095699808E+12  0.1000000000E+01
L2 0.1000000000E+01  0.1212602062E+03  0.1212602062E+03  0.1212602062E+03
L3 0.1372563764E+07  0.2675575612E+03  -.3270175544E+02  -.1920697379E+03
L4 0.1426202261E+02  0.1133398418E+05  0.1149084832E+05  0.1145224108E+05
L5 0.3427707358E+05  0.8690928342E+04  0.1181389120E+05  0.1334959371E+05
L6 0.3385441326E+05  -.4095699808E+06  0.3857598431E+05  -.5510661583E+06
L7 0.0000000000E+00  0.4705317478E+04  0.1313822580E+05  0.2045930412E+05
L8 0.5822987271E+04  0.5879435853E+05  0.0000000000E+00  0.0000000000E+00
L9 0.0000000000E+00  0.0000000000E+00  0.0000000000E+00  0.1041117944E+01  0.0000000000E+00
L0    61000  0.2320000000E+03  -.3227531955E+06  0.8640412320E+05
L1 0.3001865286E+03  0.3001865286E+03  -.4091573187E+12  0.1000000000E+01
L2 0.1000000000E+01  0.1212959051E+03  0.1212959051E+03  0.1212959051E+03
L3 0.1373779883E+07  0.3106623336E+03  -.4468645251E+02  -.3093477400E+03
L4 -.1445728632E+02  0.1132893868E+05  0.1133618120E+05  0.1129669042E+05
L5 0.3396181029E+05  0.8257355130E+04  0.1177800551E+05  0.1435527631E+05
L6 0.3439063695E+05  -.4091573187E+06  0.3905889816E+05  -.5512134119E+06
L7 0.0000000000E+00  0.4644492172E+04  0.1307727015E+05  0.2052523459E+05
L8 0.5871446000E+04  0.5887875217E+05  0.0000000000E+00  0.0000000000E+00
L9 0.0000000000E+00  0.0000000000E+00  0.0000000000E+00  0.1040196309E+01  0.0000000000E+00
L0    62000  0.2340000000E+03  -.3230586963E+06  0.8633961681E+05
L1 0.2999624195E+03  0.2999624195E+03  -.4093983131E+12  0.1000000000E+01
L2 0.1000000000E+01  0.1212674637E+03  0.1212674637E+03  0.1212674637E+03
L3 0.1372810722E+07  0.1346765939E+03  0.1507432114E+03  -.2548243935E+03
L4 0.1019847059E+02  0.1142699832E+05  0.1129057165E+05  0.1128561781E+05
L5 0.3400318779E+05  0.1009636203E+05  0.9801193409E+04  0.1380334252E+05
L6 0.3370089796E+05  -.4093983131E+06  0.3911458502E+05  -.5514816678E+06
L7 0.0000000000E+00  0.4806138574E+04  0.1326267282E+05  0.2051472443E+05
L8 0.5775788945E+04  0.5860944488E+05  0.0000000000E+00  0.0000000000E+00
L9 0.0000000000E+00  0.0000000000E+00  0.0000000000E+00  0.1040930655E+01  0.0000000000E+00
L0    63000  0.2360000000E+03  -.3234173828E+06  0.8644670141E+05
L1 0.3003344545E+03  0.3003344545E+03  -.4098640842E+12  0.1000000000E+01
L2 0.1000000000E+01  0.1212512807E+03  0.1212512807E+03  0.1212512807E+03
L3 0.1372257422E+07  -.3166751627E+03  0.2596068027E+03  0.1801238572E+03
L4 0.4101849907E+02  0.1136305539E+05  0.1143688582E+05  0.1136357422E+05
L5 0.3416351543E+05  0.1449061914E+05  0.8872943580E+04  0.9584625593E+04
L6 0.3294818831E+05  -.4098640842E+06  0.3886931156E+05  -.5518142116E+06
L7 0.0000000000E+00  0.4906830900E+04  0.1303538735E+05  0.2051934894E+05
L8 0.5828411397E+04  0.5879083727E+05  0.0000000000E+00  0.0000000000E+00
L9 0.0000000000E+00  0.0000000000E+00  0.0000000000E+00  0.1041350362E+01  0.0000000000E+00
L0    64000  0.2380000000E+03  -.3232676915E+06  0.8645048679E+05
L1 0.3003476057E+03  0.3003476057E+03  -.4097181783E+12  0.1000000000E+01
L2 0.1000000000E+01  0.1212330975E+03  0.1212330975E+03  0.1212330975E+03
L3 0.1371638684E+07  0.4926712806E+02  0.1042467064E+03  0.5520222641E+01
L4 0.5301135238E+02  0.1139041691E+05  0.1148602889E+05  0.1133302022E+05
L5 0.3420946602E+05  0.1090406172E+05  0.1045692635E+05  0.1127852569E+05
L6 0.3263951377E+05  -.4097181783E+06  0.3853407535E+05  -.5512219857E+06
L7 0.0000000000E+00  0.4770299709E+04  0.1311998906E+05  0.2046179844E+05
L8 0.5868220472E+04  0.5874942436E+05  0.0000000000E+00  0.0000000000E+00
L9 0.0000000000E+00  0.0000000000E+00  0.0000000000E+00  0.1041820109E+01  0.0000000000E+00
L0    65000  0.2400000000E+03  -.3234797599E+06  0.8648276620E+05
L1 0.3004597513E+03  0.3004597513E+03  -.4099625261E+12  0.1000000000E+01
L2 0.1000000000E+01  0.1212219418E+03  0.1212219418E+03  0.1212219418E+03
L3 0.1371263339E+07  0.6959198871E+02  -.8655370421E+02  0.9581678988E+02
L4 0.2628502479E+02  0.1141028791E+05  0.1131639241E+05  0.1144793198E+05
L5 0.3417461230E+05  0.1072347778E+05  0.1217059937E+05  0.1050230672E+05
L6 0.3339638387E+05  -.4099625261E+06  0.3897939861E+05  -.5520003340E+06
L7 0.0000000000E+00  0.4817779010E+04  0.1326370905E+05  0.2047540623E+05
L8 0.5778381196E+04  0.5872313378E+05  0.0000000000E+00  0.0000000000E+00
L9 0.0000000000E+00  0.0000000000E+00  0.0000000000E+00  0.1042105279E+01  0.0000000000E+00
L0    66000  0.2420000000E+03  -.3234569932E+06  0.8610824765E+05
L1 0.2991585932E+03  0.2991585932E+03  -.4095652408E+12  0.1000000000E+01
L2 0.1000000000E+01  0.1212162445E+03  0.1212162445E+03  0.1212162445E+03
L3 0.1371051474E+07  0.1936240064E+03  0.2861469541E+03  0.5369111398E+02
L4 0.1778206915E+03  0.1148335573E+05  0.1136111543E+05  0.1128463638E+05
L5 0.3412910754E+05  0.9572756743E+04  0.8537539523E+04  0.1075483540E+05
L6 0.2886513167E+05  -.4095652408E+06  0.3883848330E+05  -.5513360615E+06
L7 0.0000000000E+00  0.4747382707E+04  0.1310932151E+05  0.2054420931E+05
L8 0.5850497390E+04  0.5868092648E+05  0.0000000000E+00  0.0000000000E+00
L9 0.0000000000E+00  0.0000000000E+00  0.0000000000E+00  0.1042266312E+01  0.0000000000E+00
L0    67000  0.2440000000E+03  -.3230401497E+06  0.8657146770E+05
L1 0.3007679194E+03  0.3007679194E+03  -.4096116174E+12  0.1000000000E+01
L2 0.1000000000E+01  0.1212481701E+03  0.1212481701E+03  0.1212481701E+03
L3 0.1372161712E+07  -.4092902653E+02  0.3627613427E+02  -.1149334526E+03
L4 -.3986211497E+02  0.1146374072E+05  0.1138755721E+05  0.1120518729E+05
L5 0.3405648523E+05  0.1186793792E+05  0.1102930995E+05  0.1234021988E+05
L6 0.3523746775E+05  -.4096116174E+06  0.3873302782E+05  -.5516038032E+06
L7 0.0000000000E+00  0.4765451215E+04  0.1333004040E+05  0.2063299501E+05
L8 0.5774465590E+04  0.5875620572E+05  0.0000000000E+00  0.0000000000E+00
L9 0.0000000000E+00  0.0000000000E+00  0.0000000000E+00  0.1041422998E+01  0.0000000000E+00
L0    68000  0.2460000000E+03  -.3237480776E+06  0.8590690336E+05
L1 0.2984590798E+03  0.2984590798E+03  -.4096549809E+12  0.1000000000E+01
L2 0.1000000000E+01  0.1211629639E+03  0.1211629639E+03  0.1211629639E+03
L3 0.1369251272E+07  0.3108866597E+03  0.2151536811E+00  0.5182895865E+02
L4 0.1209769240E+03  0.1132885944E+05  0.1130268799E+05  0.1127822754E+05
L5 0.3390977497E+05  0.8265190596E+04  0.1130056774E+05  0.1076747302E+05
L6 0.3033323135E+05  -.4096549809E+06  0.3885948363E+05  -.5517586047E+06
L7 0.0000000000E+00  0.4820800283E+04  0.1320040482E+05  0.2061240040E+05
L8 0.5818122010E+04  0.5879241266E+05  0.0000000000E+00  0.0000000000E+00
L9 0.0000000000E+00  0.0000000000E+00  0.0000000000E+00  0.1043636616E+01  0.0000000000E+00
L0    69000  0.2480000000E+03  -.3242546646E+06  0.8625154784E+05
L1 0.2996564490E+03  0.2996564490E+03  -.4105062125E+12  0.1000000000E+01
L2 0.1000000000E+01  0.1211885556E+03  0.1211885556E+03  0.1211885556E+03
L3 0.1370120440E+07  -.1611234509E+03  0.3185062484E+03  0.1722871367E+03
L4 0.1098899781E+03  0.1123441006E+05  0.1140784054E+05  0.1127047405E+05
L5 0.3391272465E+05  0.1282322780E+05  0.8267091168E+04  0.9571572631E+04
L6 0.3066189160E+05  -.4105062125E+06  0.3935676503E+05  -.5528120359E+06
L7 0.0000000000E+00  0.4894669977E+04  0.1305018176E+05  0.2043895591E+05
L8 0.5808901738E+04  0.5875634898E+05  0.0000000000E+00  0.0000000000E+00
L9 0.0000000000E+00  0.0000000000E+00  0.0000000000E+00  0.1042974560E+01  0.0000000000E+00
L0    70000  0.2500000000E+03  -.3238853545E+06  0.8648451384E+05
L1 0.3004658230E+03  0.3004658230E+03  -.4103698684E+12  0.1000000000E+01
L2 0.1000000000E+01  0.1212231920E+03  0.1212231920E+03  0.1212231920E+03
L3 0.1371308458E+07  -.7004736006E+02  -.2202532220E+02  0.1049580110E+03
L4 0.4295109591E+01  0.1145909854E+05  0.1131233586E+05  0.1138518616E+05
L5 0.3415662056E+05  0.1215042552E+05  0.1152971307E+05  0.1034931122E+05
L6 0.3402944981E+05  -.4103698684E+06  0.3880316123E+05  -.5523156054E+06
L7 0.0000000000E+00  0.4782812351E+04  0.1324735143E+05  0.2051719534E+05
L8 0.5835646774E+04  0.5875956994E+05  0.0000000000E+00  0.0000000000E+00
L9 0.0000000000E+00  0.0000000000E+00  0.0000000000E+00  0.1042070991E+01  0.0000000000E+00
L0    71000  0.2520000000E+03  -.3232944965E+06  0.8616056237E+05
L1 0.2993403458E+03  0.2993403458E+03  -.4094550589E+12  0.1000000000E+01
L2 0.1000000000E+01  0.1212036391E+03  0.1212036391E+03  0.1212036391E+03
L3 0.1370652535E+07  0.5292762834E+02  -.2145088476E+03  -.1043770303E+02
L4 -.5733964075E+02  0.1131541864E+05  0.1125948287E+05  0.1142641760E+05
L5 0.3400131911E+05  0.1079330338E+05  0.1337554865E+05  0.1152938242E+05
L6 0.3569823445E+05  -.4094550589E+06  0.3854781412E+05  -.5509413519E+06
L7 0.0000000000E+00  0.4773447322E+04  0.1297182294E+05  0.2056277346E+05
L8 0.5867763819E+04  0.5876267139E+05  0.0000000000E+00  0.0000000000E+00
L9 0.0000000000E+00  0.0000000000E+00  0.0000000000E+00  0.1042569672E+01  0.0000000000E+00
L0    72000  0.2540000000E+03  -.3237792056E+06  0.8627919579E+05
L1 0.2997525039E+03  0.2997525039E+03  -.4100584014E+12  0.1000000000E+01
L2 0.1000000000E+01  0.1212655303E+03  0.1212655303E+03  0.1212655303E+03
L3 0.1372769856E+07  -.2167316941E+03  -.1649597081E+03  -.1951306903E+03
L4 -.1922740308E+03  0.1136418673E+05  0.1136827115E+05  0.1127955473E+05
L5 0.3401201261E+05  0.1350548290E+05  0.1299806320E+05  0.1320743427E+05
L6 0.3971098036E+05  -.4100584014E+06  0.3864627658E+05  -.5517795117E+06
L7 0.0000000000E+00  0.4808575553E+04  0.1314697540E+05  0.2050849162E+05
L8 0.5814733239E+04  0.5879605798E+05  0.0000000000E+00  0.0000000000E+00
L9 0.0000000000E+00  0.0000000000E+00  0.0000000000E+00  0.1040961642E+01  0.0000000000E+00
L0    73000  0.2560000000E+03  -.3228097145E+06  0.8638550204E+05
L1 0.3001218347E+03  0.3001218347E+03  -.4091952166E+12  0.1000000000E+01
L2 0.1000000000E+01  0.1212493972E+03  0.1212493972E+03  0.1212493972E+03
L3 0.1372194364E+07  0.9730246055E+02  0.1441701624E+03  -.1402220124E+03
L4 0.3375020352E+02  0.1138879589E+05  0.1142727782E+05  0.1141877930E+05
L5 0.3423485302E+05  0.1042785642E+05  0.1000348238E+05  0.1280358361E+05
L6 0.3323492241E+05  -.4091952166E+06  0.3907203888E+05  -.5515002215E+06
L7 0.0000000000E+00  0.4895365717E+04  0.1318872810E+05  0.2056731703E+05
L8 0.5831429811E+04  0.5875012542E+05  0.0000000000E+00  0.0000000000E+00
L9 0.0000000000E+00  0.0000000000E+00  0.0000000000E+00  0.1041398217E+01  0.0000000000E+00
L0    74000  0.2580000000E+03  -.3233661998E+06  0.8634520780E+05
L1 0.2999818438E+03  0.2999818438E+03  -.4097114076E+12  0.1000000000E+01
L2 0.1000000000E+01  0.1212484767E+03  0.1212484767E+03  0.1212484767E+03
L3 0.1372151399E+07  0.2643301354E+03  0.2295831463E+02  0.1011020546E+03
L4 0.1294635016E+03  0.1147284247E+05  0.1128800648E+05  0.1129899563E+05
L5 0.3405984458E+05  0.8862453110E+04  0.1106128190E+05  0.1030056339E+05
L6 0.3022429840E+05  -.4097114076E+06  0.3887041406E+05  -.5517932116E+06
L7 0.0000000000E+00  0.4701423278E+04  0.1323254073E+05  0.2055223832E+05
L8 0.5883147710E+04  0.5884203995E+05  0.0000000000E+00  0.0000000000E+00
L9 0.0000000000E+00  0.0000000000E+00  0.0000000000E+00  0.1041430825E+01  0.0000000000E+00
L0    75000  0.2600000000E+03  -.3231436364E+06  0.8618802848E+05
L1 0.2994357690E+03  0.2994357690E+03  -.4093316649E+12  0.1000000000E+01
L2 0.1000000000E+01  0.1212316456E+03  0.1212316456E+03  0.1212316456E+03
L3 0.1371618786E+07  -.1101410788E+03  -.1680465714E+03  -.2832285784E+03
L4 -.1871387428E+03  0.1116665991E+05  0.1129037544E+05  0.1128473602E+05
L5 0.3374177137E+05  0.1225393473E+05  0.1294927335E+05  0.1408067106E+05
L6 0.3928387914E+05  -.4093316649E+06  0.3840877947E+05  -.5508186950E+06
L7 0.0000000000E+00  0.4866605421E+04  0.1316745660E+05  0.2053392074E+05
L8 0.5836029781E+04  0.5867423810E+05  0.0000000000E+00  0.0000000000E+00
L9 0.0000000000E+00  0.0000000000E+00  0.0000000000E+00  0.1041835223E+01  0.0000000000E+00
L0    76000  0.2620000000E+03  -.3238066208E+06  0.8611671140E+05
L1 0.2991879981E+03  0.2991879981E+03  -.4099233322E+12  0.1000000000E+01
L2 0.1000000000E+01  0.1212663426E+03  0.1212663426E+03  0.1212663426E+03
L3 0.1372777522E+07  -.1966679701E+03  0.1079230963E+03  -.7675835811E-01
L4 -.2960721070E+02  0.1132848836E+05  0.1133863168E+05  0.1132729222E+05
L5 0.3399441226E+05  0.1327156699E+05  0.1027235199E+05  0.1132805059E+05
L6 0.3487196957E+05  -.4099233322E+06  0.3858000864E+05  -.5513210868E+06
L7 0.0000000000E+00  0.4783778486E+04  0.1308959548E+05  0.2043489419E+05
L8 0.5815658390E+04  0.5869381945E+05  0.0000000000E+00  0.0000000000E+00
L9 0.0000000000E+00  0.0000000000E+00  0.0000000000E+00  0.1040955829E+01  0.0000000000E+00
L0    77000  0.2640000000E+03  -.3238937539E+06  0.8619625190E+05
L1 0.2994643390E+03  0.2994643390E+03  -.4100900058E+12  0.1000000000E+01
L2 0.1000000000E+01  0.1212526739E+03  0.1212526739E+03  0.1212526739E+03
L3 0.1372302565E+07  0.2546710290E+02  -.1605196014E+03  0.3110879297E+03
L4 0.5867847706E+02  0.1138573973E+05  0.1133011933E+05  0.1138411049E+05
L5 0.3409996954E+05  0.1113421192E+05  0.1291550353E+05  0.8311626589E+04
L6 0.3236134205E+05  -.4100900058E+06  0.3913656849E+05  -.5522255018E+06
L7 0.0000000000E+00  0.4784737503E+04  0.1324404619E+05  0.2047408728E+05
L8 0.5846406817E+04  0.5864964967E+05  0.0000000000E+00  0.0000000000E+00
L9 0.0000000000E+00  0.0000000000E+00  0.0000000000E+00  0.1041316107E+01  0.0000000000E+00
L0    78000  0.2660000000E+03  -.3240232525E+06  0.8598159907E+05
L1 0.2987185888E+03  0.2987185888E+03  -.4100048516E+12  0.1000000000E+01
L2 0.1000000000E+01  0.1212255768E+03  0.1212255768E+03  0.1212255768E+03
L3 0.1371406193E+07  0.2897955610E+03  -.2369109794E+03  -.4520685562E+03
L4 -.1330613249E+03  0.1129103737E+05  0.1140715947E+05  0.1133562644E+05
L5 0.3403382328E+05  0.8430718736E+04  0.1374550063E+05  0.1579759994E+05
L6 0.3797381931E+05  -.4100048516E+06  0.3872800812E+05  -.5517468457E+06
L7 0.0000000000E+00  0.4802061487E+04  0.1315105232E+05  0.2045619704E+05
L8 0.5827377878E+04  0.5877729726E+05  0.0000000000E+00  0.0000000000E+00
L9 0.0000000000E+00  0.0000000000E+00  0.0000000000E+00  0.1041996726E+01  0.0000000000E+00
L0    79000  0.2680000000E+03  -.3231790896E+06  0.8625167070E+05
L1 0.2996568758E+03  0.2996568758E+03  -.4094307603E+12  0.1000000000E+01
L2 0.1000000000E+01  0.1212771264E+03  0.1212771264E+03  0.1212771264E+03
L3 0.1373142218E+07  -.5931778686E+02  -.7433929871E+02  0.8319248265E+02
L4 -.1682153430E+02  0.1139331476E+05  0.1124704127E+05  0.1132717805E+05
L5 0.3396753409E+05  0.1197952991E+05  0.1198170832E+05  0.1050501835E+05
L6 0.3446625659E+05  -.4094307603E+06  0.3854430271E+05  -.5509764727E+06
L7 0.0000000000E+00  0.4783916008E+04  0.1314587356E+05  0.2053538201E+05
L8 0.5852755587E+04  0.5868348251E+05  0.0000000000E+00  0.0000000000E+00
L9 0.0000000000E+00  0.0000000000E+00  0.0000000000E+00  0.1040679359E+01  0.0000000000E+00
L0    80000  0.2700000000E+03  -.3237861440E+06  0.8608146652E+05
L1 0.2990655498E+03  0.2990655498E+03  -.4098676106E+12  0.1000000000E+01
L2 0.1000000000E+01  0.1212685648E+03  0.1212685648E+03  0.1212685648E+03
L3 0.1372841103E+07  0.1749481275E+03  -.1470829412E+03  0.1746148439E+03
L4 0.6749334336E+02  0.1140920055E+05  0.1126333656E+05  0.1131240200E+05
L5 0.3398493911E+05  0.9680633812E+04  0.1271658264E+05  0.9587128252E+04
L6 0.3198434471E+05  -.4098676106E+06  0.3861243275E+05  -.5515594059E+06
L7 0.0000000000E+00  0.4763722196E+04  0.1320059675E+05  0.2049818742E+05
L8 0.5819455453E+04  0.5879740077E+05  0.0000000000E+00  0.0000000000E+00
L9 0.0000000000E+00  0.0000000000E+00  0.0000000000E+00  0.1040907619E+01  0.0000000000E+00
L0    81000  0.2720000000E+03  -.3238925055E+06  0.8625222332E+05
L1 0.2996587957E+03  0.2996587957E+03  -.4101447288E+12  0.1000000000E+01
L2 0.1000000000E+01  0.1211787298E+03  0.1211787298E+03  0.1211787298E+03
L3 0.1369809813E+07  -.1524104299E+03  -.5323218344E+02  -.1977804277E+02
L4 -.7514021870E+02  0.1130025646E+05  0.1135198636E+05  0.1142226324E+05
L5 0.3407450606E+05  0.1280281549E+05  0.1187678311E+05  0.1161724777E+05
L6 0.3629684636E+05  -.4101447288E+06  0.3904383351E+05  -.5522872170E+06
L7 0.0000000000E+00  0.4836222610E+04  0.1295470587E+05  0.2054745478E+05
L8 0.5859375496E+04  0.5890089593E+05  0.0000000000E+00  0.0000000000E+00
L9 0.0000000000E+00  0.0000000000E+00  0.0000000000E+00  0.1043211072E+01  0.0000000000E+00
L0    82000  0.2740000000E+03  -.3229534557E+06  0.8634034403E+05
L1 0.2999649460E+03  0.2999649460E+03  -.4092937997E+12  0.1000000000E+01
L2 0.1000000000E+01  0.1212401272E+03  0.1212401272E+03  0.1212401272E+03
L3 0.1371881242E+07  0.6737944875E+02  -.1119952242E+03  0.1070496010E+03
L4 0.2081127518E+02  0.1126243102E+05  0.1151339884E+05  0.1140736542E+05
L5 0.3418319529E+05  0.1059715702E+05  0.1261918870E+05  0.1035040640E+05
L6 0.3356675212E+05  -.4092937997E+06  0.3876988502E+05  -.5509363414E+06
L7 0.0000000000E+00  0.4752720243E+04  0.1317824063E+05  0.2045639186E+05
L8 0.5822705346E+04  0.5866259858E+05  0.0000000000E+00  0.0000000000E+00
L9 0.0000000000E+00  0.0000000000E+00  0.0000000000E+00  0.1041635909E+01  0.0000000000E+00
L0    83000  0.2760000000E+03  -.3232474830E+06  0.8639614518E+05
L1 0.3001588112E+03  0.3001588112E+03  -.4096436282E+12  0.1000000000E+01
L2 0.1000000000E+01  0.1212034910E+03  0.1212034910E+03  0.1212034910E+03
L3 0.1370629519E+07  0.1526112240E+03  0.1879447476E+03  -.7101618059E+02
L4 0.8984659701E+02  0.1134079128E+05  0.1136685281E+05  0.1133555541E+05
L5 0.3404319950E+05  0.9835352369E+04  0.9512865087E+04  0.1203609708E+05
L6 0.3138431454E+05  -.4096436282E+06  0.3857523534E+05  -.5513810190E+06
L7 0.0000000000E+00  0.4733182019E+04  0.1325280848E+05  0.2050273681E+05
L8 0.5842233660E+04  0.5883119446E+05  0.0000000000E+00  0.0000000000E+00
L9 0.0000000000E+00  0.0000000000E+00  0.0000000000E+00  0.1042587179E+01  0.0000000000E+00
L0    84000  0.2780000000E+03  -.3233181510E+06  0.8629062833E+05
L1 0.2997922230E+03  0.2997922230E+03  -.4096087793E+12  0.1000000000E+01
L2 0.1000000000E+01  0.1212711357E+03  0.1212711357E+03  0.1212711357E+03
L3 0.1372935510E+07  0.9918201201E+02  -.9843169476E+02  0.2798642251E+02
L4 0.9578913253E+01  0.1135743226E+05  0.1142777445E+05  0.1129065408E+05
L5 0.3407586079E+05  0.1037740166E+05  0.1240039106E+05  0.1101411653E+05
L6 0.3379190926E+05  -.4096087793E+06  0.3853498596E+05  -.5510081590E+06
L7 0.0000000000E+00  0.4858067776E+04  0.1304200765E+05  0.2051225475E+05
L8 0.5803519849E+04  0.5864854369E+05  0.0000000000E+00  0.0000000000E+00
L9 0.0000000000E+00  0.0000000000E+00  0.0000000000E+00  0.1040836043E+01  0.0000000000E+00
L0    85000  0.2800000000E+03  -.3237070354E+06  0.8645510966E+05
L1 0.3003636666E+03  0.3003636666E+03  -.4101621450E+12  0.1000000000E+01
L2 0.1000000000E+01  0.1211710710E+03  0.1211710710E+03  0.1211710710E+03
L3 0.1369543903E+07  -.1920776272E+03  0.1392526001E+03  -.2033210108E+02
L4 -.2438570939E+02  0.1130990060E+05  0.1130831155E+05  0.1149286515E+05
L5 0.3411107730E+05  0.1320315651E+05  0.9935737281E+04  0.1169327304E+05
L6 0.3483216683E+05  -.4101621450E+06  0.3871159185E+05  -.5516985777E+06
L7 0.0000000000E+00  0.4787045709E+04  0.1303105936E+05  0.2045116379E+05
L8 0.5843602640E+04  0.5871196933E+05  0.0000000000E+00  0.0000000000E+00
L9 0.0000000000E+00  0.0000000000E+00  0.0000000000E+00  0.1043413622E+01  0.0000000000E+00
L0    86000  0.2820000000E+03  -.3244117993E+06  0.8615482613E+05
L1 0.2993204169E+03  0.2993204169E+03  -.4105666254E+12  0.1000000000E+01
L2 0.1000000000E+01  0.1211912084E+03  0.1211912084E+03  0.1211912084E+03
L3 0.1370219267E+07  0.2398756438E+03  -.1479749460E+03  0.2055826346E+02
L4 0.3748632041E+02  0.1132762712E+05  0.1128529168E+05  0.1140817740E+05
L5 0.3402109620E+05  0.8962073465E+04  0.1274455894E+05  0.1120544037E+05
L6 0.3291207278E+05  -.4105666254E+06  0.3826667896E+05  -.5517776267E+06
L7 0.0000000000E+00  0.4756579237E+04  0.1313393596E+05  0.2043546386E+05
L8 0.5824567598E+04  0.5879377567E+05  0.0000000000E+00  0.0000000000E+00
L9 0.0000000000E+00  0.0000000000E+00  0.0000000000E+00  0.1042899336E+01  0.0000000000E+00
L0    87000  0.2840000000E+03  -.3231039532E+06  0.8655072728E+05
L1 0.3006958627E+03  0.3006958627E+03  -.4096546805E+12  0.1000000000E+01
L2 0.1000000000E+01  0.1212260743E+03  0.1212260743E+03  0.1212260743E+03
L3 0.1371389613E+07  0.2720805165E+03  -.1119067681E+03  0.2613379306E+03
L4 0.1405038930E+03  0.1135061635E+05  0.1141130245E+05  0.1140826477E+05
L5 0.3417018357E+05  0.8665179898E+04  0.1251582297E+05  0.8828857719E+04
L6 0.3000986059E+05  -.4096546805E+06  0.3898864893E+05  -.5515941332E+06
L7 0.0000000000E+00  0.4926651092E+04  0.1304278803E+05  0.2050921754E+05
L8 0.5814722148E+04  0.5865742501E+05  0.0000000000E+00  0.0000000000E+00
L9 0.0000000000E+00  0.0000000000E+00  0.0000000000E+00  0.1042009325E+01  0.0000000000E+00
L0    88000  0.2860000000E+03  -.3238333408E+06  0.8619623837E+05
L1 0.2994642919E+03  0.2994642919E+03  -.4100295792E+12  0.1000000000E+01
L2 0.1000000000E+01  0.1212482761E+03  0.1212482761E+03  0.1212482761E+03
L3 0.1372152540E+07  -.2252189229E+03  0.7920645231E+02  0.3394565847E+03
L4 0.6448137136E+02  0.1144553551E+05  0.1134381721E+05  0.1140024004E+05
L5 0.3418959277E+05  0.1366968437E+05  0.1056161411E+05  0.8047937463E+04
L6 0.3227923594E+05  -.4100295792E+06  0.3885249486E+05  -.5517183750E+06
L7 0.0000000000E+00  0.4717754114E+04  0.1304038887E+05  0.2058190461E+05
L8 0.5843526928E+04  0.5865272642E+05  0.0000000000E+00  0.0000000000E+00
L9 0.0000000000E+00  0.0000000000E+00  0.0000000000E+00  0.1041429959E+01  0.0000000000E+00
L0    89000  0.2880000000E+03  -.3233022704E+06  0.8657152921E+05
L1 0.3007681331E+03  0.3007681331E+03  -.4098737996E+12  0.1000000000E+01
L2 0.1000000000E+01  0.1211807028E+03  0.1211807028E+03  0.1211807028E+03
L3 0.1369873085E+07  -.4956537263E+02  0.1878913028E+03  -.2744740242E+03
L4 -.4538269801E+02  0.1131770336E+05  0.1146108483E+05  0.1139732066E+05
L5 0.3417610885E+05  0.1180637292E+05  0.9608647216E+04  0.1410338528E+05
L6 0.3551840542E+05  -.4098737996E+06  0.3862184945E+05  -.5514145154E+06
L7 0.0000000000E+00  0.4759734071E+04  0.1310924016E+05  0.2052529244E+05
L8 0.5790074519E+04  0.5873452515E+05  0.0000000000E+00  0.0000000000E+00
L9 0.0000000000E+00  0.0000000000E+00  0.0000000000E+00  0.1043162888E+01  0.0000000000E+00
L0    90000  0.2900000000E+03  -.3227869811E+06  0.8676359626E+05
L1 0.3014354154E+03  0.3014354154E+03  -.4095505774E+12  0.1000000000E+01
L2 0.1000000000E+01  0.1212003874E+03  0.1212003874E+03  0.1212003874E+03
L3 0.1370533193E+07  0.9271906923E+02  -.1361697491E+03  0.9299742778E+02
L4 0.1651558264E+02  0.1140522124E+05  0.1148651816E+05  0.1148250460E+05
L5 0.3437424401E+05  0.1049065493E+05  0.1282967515E+05  0.1056519260E+05
L6 0.3388552268E+05  -.4095505774E+06  0.3881081388E+05  -.5515139242E+06
L7 0.0000000000E+00  0.4869877330E+04  0.1319705478E+05  0.2052509676E+05
L8 0.5827789099E+04  0.5873271490E+05  0.0000000000E+00  0.0000000000E+00
L9 0.0000000000E+00  0.0000000000E+00  0.0000000000E+00  0.1042660456E+01  0.0000000000E+00
L0    91000  0.2920000000E+03  -.3231326461E+06  0.8678718994E+05
L1 0.3015173849E+03  0.3015173849E+03  -.4099198361E+12  0.1000000000E+01
L2 0.1000000000E+01  0.1212231469E+03  0.1212231469E+03  0.1212231469E+03
L3 0.1371315621E+07  0.1631497119E+03  -.7702150455E+02  -.2864667907E+03
L4 -.6677952778E+02  0.1137777265E+05  0.1138809715E+05  0.1137685759E+05
L5 0.3414272738E+05  0.9767570820E+04  0.1214825888E+05  0.1420413410E+05
L6 0.3611996381E+05  -.4099198361E+06  0.3835444115E+05  -.5510749366E+06
L7 0.0000000000E+00  0.4904029347E+04  0.1313973929E+05  0.2038399914E+05
L8 0.5824018925E+04  0.5854887265E+05  0.0000000000E+00  0.0000000000E+00
L9 0.0000000000E+00  0.0000000000E+00  0.0000000000E+00  0.1042065548E+01  0.0000000000E+00
L0    92000  0.2940000000E+03  -.3226509697E+06  0.8654482776E+05
L1 0.3006753665E+03  0.3006753665E+03  -.4091957975E+12  0.1000000000E+01
L2 0.1000000000E+01  0.1212571182E+03  0.1212571182E+03  0.1212571182E+03
L3 0.1372463778E+07  0.7059505188E+01  -.2619229549E+03  0.1782088172E+03
L4 -.2555154417E+02  0.1145164464E+05  0.1135715144E+05  0.1142769041E+05
L5 0.3423648648E+05  0.1138191270E+05  0.1394435758E+05  0.9667390529E+04
L6 0.3499366081E+05  -.4091957975E+06  0.3872395555E+05  -.5509349871E+06
L7 0.0000000000E+00  0.4811999806E+04  0.1319465575E+05  0.2054717273E+05
L8 0.5851990154E+04  0.5860941565E+05  0.0000000000E+00  0.0000000000E+00
L9 0.0000000000E+00  0.0000000000E+00  0.0000000000E+00  0.1041193791E+01  0.0000000000E+00
L0    93000  0.2960000000E+03  -.3238670378E+06  0.8628184972E+05
L1 0.2997617242E+03  0.2997617242E+03  -.4101488875E+12  0.1000000000E+01
L2 0.1000000000E+01  0.1212212074E+03  0.1212212074E+03  0.1212212074E+03
L3 0.1371254604E+07  -.1112683919E+03  -.4384717387E+02  -.1630348446E+03
L4 -.1060501368E+03  0.1131447294E+05  0.1144026961E+05  0.1137408648E+05
L5 0.3412882903E+05  0.1241258456E+05  0.1187299890E+05  0.1298308303E+05
L6 0.3726866649E+05  -.4101488875E+06  0.3845510214E+05  -.5515687192E+06
L7 0.0000000000E+00  0.4887510048E+04  0.1302410736E+05  0.2052042499E+05
L8 0.5847060484E+04  0.5868562672E+05  0.0000000000E+00  0.0000000000E+00
L9 0.0000000000E+00  0.0000000000E+00  0.0000000000E+00  0.1042111917E+01  0.0000000000E+00
L0    94000  0.2980000000E+03  -.3228639634E+06  0.8683409998E+05
L1 0.3016803605E+03  0.3016803605E+03  -.4096980634E+12  0.1000000000E+01
L2 0.1000000000E+01  0.1211731823E+03  0.1211731823E+03  0.1211731823E+03
L3 0.1369612666E+07  0.8989837154E+02  0.3448135781E+02  -.1281501525E+03
L4 -.1256807711E+01  0.1135129335E+05  0.1136629027E+05  0.1161873545E+05
L5 0.3433631908E+05  0.1046514554E+05  0.1102640002E+05  0.1288193939E+05
L6 0.3437348496E+05  -.4096980634E+06  0.3834371999E+05  -.5510804357E+06
L7 0.0000000000E+00  0.4788131602E+04  0.1320362548E+05  0.2051252685E+05
L8 0.5779854223E+04  0.5875451417E+05  0.0000000000E+00  0.0000000000E+00
L9 0.0000000000E+00  0.0000000000E+00  0.0000000000E+00  0.1043361236E+01  0.0000000000E+00
L0    95000  0.3000000000E+03  -.3230805476E+06  0.8643257914E+05
L1 0.3002853907E+03  0.3002853907E+03  -.4095131267E+12  0.1000000000E+01
L2 0.1000000000E+01  0.1211961698E+03  0.1211961698E+03  0.1211961698E+03
L3 0.1370405196E+07  -.1806991426E+03  0.4408553519E+02  -.1837730605E+03
L4 -.1067955560E+03  0.1134050714E+05  0.1125639354E+05  0.1148274517E+05
L5 0.3407964584E+05  0.1312272860E+05  0.1082158136E+05  0.1329528444E+05
L6 0.3723959439E+05  -.4095131267E+06  0.3851174084E+05  -.5511302833E+06
L7 0.0000000000E+00  0.4846630335E+04  0.1303776591E+05  0.2057995621E+05
L8 0.5841192086E+04  0.5879987116E+05  0.0000000000E+00  0.0000000000E+00
L9 0.0000000000E+00  0.0000000000E+00  0.0000000000E+00  0.1042757841E+01  0.0000000000E+00
L0    96000  0.3020000000E+03  -.3238003824E+06  0.8628253606E+05
L1 0.2997641087E+03  0.2997641087E+03  -.4100829184E+12  0.1000000000E+01
L2 0.1000000000E+01  0.1212501342E+03  0.1212501342E+03  0.1212501342E+03
L3 0.1372219146E+07  -.2785814898E+02  -.3354946202E+02  0.1685751564E+03
L4 0.3572251512E+02  0.1124156285E+05  0.1131367807E+05  0.1144578647E+05
L5 0.3400102740E+05  0.1151668928E+05  0.1164501178E+05  0.9780942159E+04
L6 0.3294264322E+05  -.4100829184E+06  0.3935078409E+05  -.5523799678E+06
L7 0.0000000000E+00  0.4803342236E+04  0.1309570936E+05  0.2059397620E+05
L8 0.5763960895E+04  0.5868927665E+05  0.0000000000E+00  0.0000000000E+00
L9 0.0000000000E+00  0.0000000000E+00  0.0000000000E+00  0.1041379410E+01  0.0000000000E+00
L0    97000  0.3040000000E+03  -.3237233742E+06  0.8629034441E+05
L1 0.2997912366E+03  0.2997912366E+03  -.4100137186E+12  0.1000000000E+01
L2 0.1000000000E+01  0.1212510251E+03  0.1212510251E+03  0.1212510251E+03
L3 0.1372258899E+07  0.2553995008E+02  -.6936637878E+02  -.8196908961E+02
L4 -.4193183944E+02  0.1151967753E+05  0.1141765193E+05  0.1121730957E+05
L5 0.3415463903E+05  0.1126743827E+05  0.1210273251E+05  0.1202685784E+05
L6 0.3539702862E+05  -.4100137186E+06  0.3887147326E+05  -.5516899067E+06
L7 0.0000000000E+00  0.4791473885E+04  0.1299734028E+05  0.2054973239E+05
L8 0.5794813697E+04  0.5867135461E+05  0.0000000000E+00  0.0000000000E+00
L9 0.0000000000E+00  0.0000000000E+00  0.0000000000E+00  0.1041349242E+01  0.0000000000E+00
L0    98000  0.3060000000E+03  -.3233885991E+06  0.8609493387E+05
L1 0.2991123383E+03  0.2991123383E+03  -.4094835329E+12  0.1000000000E+01
L2 0.1000000000E+01  0.1212257659E+03  0.1212257659E+03  0.1212257659E+03
L3 0.1371374376E+07  0.1914669368E+03  0.3359592028E+03  0.1106261827E+02
L4 0.1794962526E+03  0.1140541134E+05  0.1137924582E+05  0.1130584692E+05
L5 0.3409050408E+05  0.9515652441E+04  0.8063363170E+04  0.1119666002E+05
L6 0.2877567563E+05  -.4094835329E+06  0.3911638367E+05  -.5515292155E+06
L7 0.0000000000E+00  0.4882771938E+04  0.1303494440E+05  0.2061331625E+05
L8 0.5779654018E+04  0.5861861228E+05  0.0000000000E+00  0.0000000000E+00
L9 0.0000000000E+00  0.0000000000E+00  0.0000000000E+00  0.1042020902E+01  0.0000000000E+00
L0    99000  0.3080000000E+03  -.3238250140E+06  0.8625474166E+05
L1 0.2996675450E+03  0.2996675450E+03  -.4100797557E+12  0.1000000000E+01
L2 0.1000000000E+01  0.1211840512E+03  0.1211840512E+03  0.1211840512E+03
L3 0.1369978034E+07  0.1493147791E+03  0.3396192663E+02  -.1080578865E+03
L4 0.2507293975E+02  0.1137060315E+05  0.1137196806E+05  0.1121054524E+05
L5 0.3395311645E+05  0.9898382248E+04  0.1103710865E+05  0.1227597949E+05
L6 0.3321147038E+05  -.4100797557E+06  0.3897928905E+05  -.5520767983E+06
L7 0.0000000000E+00  0.4726967052E+04  0.1311122040E+05  0.2054812699E+05
L8 0.5856854227E+04  0.5877458491E+05  0.0000000000E+00  0.0000000000E+00
L9 0.0000000000E+00  0.0000000000E+00  0.0000000000E+00  0.1043082976E+01  0.0000000000E+00
L0   100000  0.3100000000E+03  -.3232345664E+06  0.8618411298E+05
L1 0.2994221657E+03  0.2994221657E+03  -.4094186794E+12  0.1000000000E+01
L2 0.1000000000E+01  0.1212052015E+03  0.1212052015E+03  0.1212052015E+03
L3 0.1370698015E+07  0.3260778290E+02  -.2464853769E+02  0.4765701008E+01
L4 0.4241648741E+01  0.1132852891E+05  0.1135120692E+05  0.1135579608E+05
L5 0.3403553191E+05  0.1100685219E+05  0.1159436546E+05  0.1130878230E+05
L6 0.3390999995E+05  -.4094186794E+06  0.3887313473E+05  -.5512392990E+06
L7 0.0000000000E+00  0.4735259555E+04  0.1315320390E+05  0.2051110097E+05
L8 0.5846316904E+04  0.5870160350E+05  0.0000000000E+00  0.0000000000E+00
L9 0.0000000000E+00  0.0000000000E+00  0.0000000000E+00  0.1042535079E+01  0.0000000000E+00
