Run semi-empirical minimization
 &qmmm
    qm_theory='AM1', grms_tol=0.0005,
 scfconv=1.d-10, ndiis_attempts=700,   qmcharge=0,
 /
   7     N       47.5090       13.1200       22.9780 
   6     C       48.5120       13.7780       23.7520 
   8     O       51.7340       16.8220       19.8530 
   6    C1       49.3600       14.4610       25.8840 
   7    N1       48.4040       13.8250       25.0870 
   8    O1       53.8560       14.3320       22.4060 
   6    C2       50.4530       15.0660       25.3220 
   7    N2       49.9700       14.5000       21.7330 
   6    C3       50.5930       15.0330       23.8400 
   7    N3       51.5320       15.5320       22.9150 
   6    C4       49.6170       14.3900       23.0770 
   6    C5       51.1310       15.1930       21.6560 
   6    C6       51.8500       15.5200       20.3620 
   6    C7       51.0610       17.8120       20.5710 
   6    C8       50.9450       19.1690       19.9320 
   6    C9       52.7640       16.2670       23.2440 
   6   C10       54.0250       15.4010       23.2620 
   6   C11       55.2120       16.2130       22.8280 
   6   C12       54.2830       14.8640       24.6470 
   6   C13       51.3920       15.7000       26.1800 
   6   C14       51.2180       15.7090       27.5700 
   6   C15       50.1050       15.0850       28.1310 
   6   C16       49.1750       14.4660       27.3020 
   1    H1       54.6590       13.8060       22.4360 
   1    H3       46.7180       12.6900       23.4370 
   1    H2       47.5900       13.0840       21.9720 
   1   H13       52.2570       16.1850       25.7520 
   1   H14       51.9430       16.1970       28.2040 
   1   H15       49.9660       15.0820       29.2020 
   1   H16       48.3080       13.9860       27.7320 
   1   H61       51.4700       14.8390       19.6000 
   1   H62       52.9110       15.3290       20.5240 
   1   H71       51.5820       17.9400       21.5200 
   1   H72       50.0500       17.4510       20.7580 
   1   H81       51.9410       19.5620       19.7300 
   1   H82       50.4180       19.8440       20.6060 
   1   H83       50.3920       19.0840       18.9970 
   1   H91       52.9010       17.0540       22.5030 
   1   H92       52.6420       16.7140       24.2310 
   1  H111       56.1050       15.5880       22.8440 
   1  H112       55.3450       17.0540       23.5080 
   1  H113       55.0470       16.5860       21.8170 
   1  H121       55.1840       14.2510       24.6370 
   1  H122       53.4350       14.2580       24.9660 
   1  H123       54.4160       15.6950       25.3400 

