Run semi-empirical minimization
 &qmmm
    qm_theory='AM1', grms_tol=0.0005,
 scfconv=1.d-10, ndiis_attempts=700,   qmcharge=0,
 /
   7     N      -65.2680        0.1150      -26.9230 
   6     C      -64.2450       -0.1600      -27.7540 
   8     O      -61.5370        3.5070      -27.9000 
   6    C1      -66.0700       -0.9290      -28.6020 
   7    N1      -64.7810       -0.8180      -28.7570 
   6    C2      -62.9840       -2.1510      -29.5560 
   7    N2      -66.4570       -0.3950      -27.4510 
   6    C3      -62.0910       -2.5470      -30.5470 
   6    C4      -63.9970       -1.1930      -29.7540 
   6    C5      -62.1620       -1.9450      -31.8690 
   6    C6      -64.0640       -0.5850      -31.0080 
   6    C7      -63.2090       -0.9320      -32.0510 
   6    C8      -66.7140       -1.7320      -31.2420 
   6    C9      -62.7910        0.1960      -27.5390 
   6   C10      -62.7160        1.5790      -26.9200 
   6   C11      -62.6930        2.6500      -28.0070 
   6   C12      -61.2410       -2.3370      -32.9880 
   6   C13      -63.3670       -0.2660      -33.3820 
   6   C14      -61.0570       -3.5880      -30.2850 
  16     S      -67.2540       -1.6800      -29.6040 
   1     H      -61.5870        4.1520      -28.6090 
   1    H2      -62.8950       -2.6040      -28.5800 
   1    H6      -64.8050        0.1820      -31.1760 
   1   H81      -67.4740       -2.2090      -31.8600 
   1   H82      -65.7870       -2.3020      -31.3010 
   1   H83      -66.5400       -0.7170      -31.6000 
   1   H91      -62.2670        0.1930      -28.4950 
   1   H92      -62.3300       -0.5310      -26.8700 
   1  H101      -63.5860        1.7340      -26.2820 
   1  H102      -61.8080        1.6560      -26.3220 
   1  H111      -62.6800        2.1620      -28.9810 
   1  H112      -63.5920        3.2600      -27.9190 
   1  H121      -61.4820       -1.7550      -33.8770 
   1  H122      -61.3630       -3.3980      -33.2040 
   1  H123      -60.2090       -2.1430      -32.6950 
   1  H131      -62.6200       -0.6550      -34.0740 
   1  H132      -63.2310        0.8100      -33.2690 
   1  H133      -64.3640       -0.4670      -33.7730 
   1  H141      -61.1410       -3.9320      -29.2540 
   1  H142      -60.0660       -3.1650      -30.4480 
   1  H143      -61.2080       -4.4290      -30.9620 

