L0  Nsteps           time(ps)         Etot             EKinetic        
L1  Temp             T_solute         T_solv           Pres_scal_solu  
L2  Pres_scal_solv   BoxX             BoxY             BoxZ            
L3  volume           pres_X           pres_Y           pres_Z          
L4  Pressure         EKCoM_x          EKCoM_y          EKCoM_z         
L5  EKComTot         VIRIAL_x         VIRIAL_y         VIRIAL_z        
L6  VIRIAL_tot       E_pot            E_vdw            E_el            
L7  E_hbon           E_bon            E_angle          E_dih           
L8  E_14vdw          E_14el           E_const          E_pol           
L9  AV_permMoment    AV_indMoment     AV_totMoment     Density          dV/dlambda      
L0     1000  0.1120000000E+03  -.3231883099E+06  0.8593097067E+05
L1 0.2985426948E+03  0.2985426948E+03  -.4091192806E+12  0.1000000000E+01
L2 0.1000000000E+01  0.1213339986E+03  0.1213339986E+03  0.1213339986E+03
L3 0.1375069949E+07  -.5976928222E+02  -.3531075744E+02  0.1658159510E+03
L4 0.2357863710E+02  0.1127606507E+05  0.1140688101E+05  0.1123987257E+05
L5 0.3392281865E+05  0.1186757142E+05  0.1175633371E+05  0.9598875985E+04
L6 0.3322278111E+05  -.4091192806E+06  0.3880323882E+05  -.5509675791E+06
L7 0.0000000000E+00  0.4808059203E+04  0.1308733524E+05  0.2061015815E+05
L8 0.5790364804E+04  0.5874914233E+05  0.0000000000E+00  0.0000000000E+00
L9 0.0000000000E+00  0.0000000000E+00  0.0000000000E+00  0.1039220416E+01  0.0000000000E+00
L0     2000  0.1140000000E+03  -.3233140289E+06  0.8599248001E+05
L1 0.2987563915E+03  0.2987563915E+03  -.4093065089E+12  0.1000000000E+01
L2 0.1000000000E+01  0.1213197446E+03  0.1213197446E+03  0.1213197446E+03
L3 0.1374598522E+07  0.2406115514E+02  0.1401431575E+03  -.4148243225E+03
L4 -.8354000330E+02  0.1133041505E+05  0.1129243276E+05  0.1140815415E+05
L5 0.3403100196E+05  0.1109237560E+05  0.9905982321E+04  0.1551205316E+05
L6 0.3651041109E+05  -.4093065089E+06  0.3888221284E+05  -.5514171928E+06
L7 0.0000000000E+00  0.4800827155E+04  0.1315297126E+05  0.2063130871E+05
L8 0.5851489750E+04  0.5879187408E+05  0.0000000000E+00  0.0000000000E+00
L9 0.0000000000E+00  0.0000000000E+00  0.0000000000E+00  0.1039576822E+01  0.0000000000E+00
L0     3000  0.1160000000E+03  -.3224478667E+06  0.8676431650E+05
L1 0.3014379177E+03  0.3014379177E+03  -.4092121832E+12  0.1000000000E+01
L2 0.1000000000E+01  0.1213062361E+03  0.1213062361E+03  0.1213062361E+03
L3 0.1374124880E+07  0.5945532218E+02  0.4350631579E+02  0.1865097963E+01
L4 0.3494224531E+02  0.1128882624E+05  0.1128440014E+05  0.1142447005E+05
L5 0.3399769642E+05  0.1070083139E+05  0.1085413606E+05  0.1140602480E+05
L6 0.3296099225E+05  -.4092121832E+06  0.3873248949E+05  -.5512261787E+06
L7 0.0000000000E+00  0.4741767171E+04  0.1317521774E+05  0.2064918822E+05
L8 0.5862763242E+04  0.5885256962E+05  0.0000000000E+00  0.0000000000E+00
L9 0.0000000000E+00  0.0000000000E+00  0.0000000000E+00  0.1039935150E+01  0.0000000000E+00
L0     4000  0.1180000000E+03  -.3225614398E+06  0.8630598927E+05
L1 0.2998455902E+03  0.2998455902E+03  -.4088674291E+12  0.1000000000E+01
L2 0.1000000000E+01  0.1213304419E+03  0.1213304419E+03  0.1213304419E+03
L3 0.1374965754E+07  -.2859226558E+03  -.7274612929E+02  0.2030840650E+02
L4 -.1127867929E+03  0.1153373519E+05  0.1133145998E+05  0.1129036855E+05
L5 0.3415556373E+05  0.1436315266E+05  0.1205133707E+05  0.1108940176E+05
L6 0.3750389149E+05  -.4088674291E+06  0.3877713626E+05  -.5507897165E+06
L7 0.0000000000E+00  0.4792466481E+04  0.1323935629E+05  0.2057327227E+05
L8 0.5821282714E+04  0.5871877335E+05  0.0000000000E+00  0.0000000000E+00
L9 0.0000000000E+00  0.0000000000E+00  0.0000000000E+00  0.1039299167E+01  0.0000000000E+00
L0     5000  0.1200000000E+03  -.3229324485E+06  0.8612388535E+05
L1 0.2992129220E+03  0.2992129220E+03  -.4090563339E+12  0.1000000000E+01
L2 0.1000000000E+01  0.1213176559E+03  0.1213176559E+03  0.1213176559E+03
L3 0.1374525890E+07  -.2282549285E+03  -.3466758176E+02  0.5230442429E+02
L4 -.7020602865E+02  0.1137980565E+05  0.1130290961E+05  0.1137762231E+05
L5 0.3406033758E+05  0.1363783545E+05  0.1164586138E+05  0.1086019669E+05
L6 0.3614389352E+05  -.4090563339E+06  0.3865759076E+05  -.5507547205E+06
L7 0.0000000000E+00  0.4778162498E+04  0.1322639197E+05  0.2053457353E+05
L8 0.5821358600E+04  0.5868030926E+05  0.0000000000E+00  0.0000000000E+00
L9 0.0000000000E+00  0.0000000000E+00  0.0000000000E+00  0.1039631755E+01  0.0000000000E+00
L0     6000  0.1220000000E+03  -.3228430349E+06  0.8633772285E+05
L1 0.2999558395E+03  0.2999558395E+03  -.4091807577E+12  0.1000000000E+01
L2 0.1000000000E+01  0.1213235890E+03  0.1213235890E+03  0.1213235890E+03
L3 0.1374715101E+07  0.6643199710E+02  -.3785153707E+02  0.6580351281E+02
L4 0.3146132428E+02  0.1124336648E+05  0.1142416542E+05  0.1129992312E+05
L5 0.3396745502E+05  0.1058609227E+05  0.1179866627E+05  0.1064886709E+05
L6 0.3303362563E+05  -.4091807577E+06  0.3845996973E+05  -.5506300014E+06
L7 0.0000000000E+00  0.4736036972E+04  0.1308751293E+05  0.2058756630E+05
L8 0.5846230985E+04  0.5873192675E+05  0.0000000000E+00  0.0000000000E+00
L9 0.0000000000E+00  0.0000000000E+00  0.0000000000E+00  0.1039488664E+01  0.0000000000E+00
L0     7000  0.1240000000E+03  -.3230871391E+06  0.8628869744E+05
L1 0.2997855147E+03  0.2997855147E+03  -.4093758365E+12  0.1000000000E+01
L2 0.1000000000E+01  0.1212864151E+03  0.1212864151E+03  0.1212864151E+03
L3 0.1373474974E+07  -.2691125560E+03  -.1044631051E+03  -.9862271206E+02
L4 -.1573994577E+03  0.1130751967E+05  0.1125291855E+05  0.1140188603E+05
L5 0.3396232425E+05  0.1396770131E+05  0.1228553791E+05  0.1237677301E+05
L6 0.3863001223E+05  -.4093758365E+06  0.3862868933E+05  -.5511953109E+06
L7 0.0000000000E+00  0.4821234659E+04  0.1306524549E+05  0.2060266830E+05
L8 0.5861550969E+04  0.5884008564E+05  0.0000000000E+00  0.0000000000E+00
L9 0.0000000000E+00  0.0000000000E+00  0.0000000000E+00  0.1040427231E+01  0.0000000000E+00
L0     8000  0.1260000000E+03  -.3233546546E+06  0.8624071794E+05
L1 0.2996188236E+03  0.2996188236E+03  -.4095953726E+12  0.1000000000E+01
L2 0.1000000000E+01  0.1212517734E+03  0.1212517734E+03  0.1212517734E+03
L3 0.1372279113E+07  -.6277353924E+02  -.2625273490E+03  0.3268043215E+03
L4 0.5011444078E+00  0.1124167313E+05  0.1137917195E+05  0.1142743427E+05
L5 0.3404827934E+05  0.1186165023E+05  0.1397199922E+05  0.8199781375E+04
L6 0.3403343082E+05  -.4095953726E+06  0.3921831338E+05  -.5520390418E+06
L7 0.0000000000E+00  0.4884563006E+04  0.1302288447E+05  0.2071246009E+05
L8 0.5808714547E+04  0.5879673376E+05  0.0000000000E+00  0.0000000000E+00
L9 0.0000000000E+00  0.0000000000E+00  0.0000000000E+00  0.1041333903E+01  0.0000000000E+00
L0     9000  0.1280000000E+03  -.3229972291E+06  0.8626981955E+05
L1 0.2997199288E+03  0.2997199288E+03  -.4092670487E+12  0.1000000000E+01
L2 0.1000000000E+01  0.1212619699E+03  0.1212619699E+03  0.1212619699E+03
L3 0.1372621239E+07  0.2272076268E+03  -.1490833730E+03  0.2387074272E+02
L4 0.3399833219E+02  0.1156143611E+05  0.1137544832E+05  0.1120413158E+05
L5 0.3414101601E+05  0.9316881373E+04  0.1284822366E+05  0.1096831560E+05
L6 0.3313342064E+05  -.4092670487E+06  0.3855279866E+05  -.5510914370E+06
L7 0.0000000000E+00  0.4776345811E+04  0.1327105204E+05  0.2052933898E+05
L8 0.5826291309E+04  0.5886856148E+05  0.0000000000E+00  0.0000000000E+00
L9 0.0000000000E+00  0.0000000000E+00  0.0000000000E+00  0.1041074350E+01  0.0000000000E+00
L0    10000  0.1300000000E+03  -.3228311192E+06  0.8667186708E+05
L1 0.3011167285E+03  0.3011167285E+03  -.4095029862E+12  0.1000000000E+01
L2 0.1000000000E+01  0.1213087804E+03  0.1213087804E+03  0.1213087804E+03
L3 0.1374223789E+07  -.7061726550E+02  0.1007993947E+03  -.2298688640E+03
L4 -.6656224496E+02  0.1137902639E+05  0.1136234614E+05  0.1129928470E+05
L5 0.3404065723E+05  0.1207745969E+05  0.1036539938E+05  0.1357278069E+05
L6 0.3601563976E+05  -.4095029862E+06  0.3894868930E+05  -.5517990388E+06
L7 0.0000000000E+00  0.4897920981E+04  0.1314089798E+05  0.2056984321E+05
L8 0.5855564126E+04  0.5888313699E+05  0.0000000000E+00  0.0000000000E+00
L9 0.0000000000E+00  0.0000000000E+00  0.0000000000E+00  0.1039860302E+01  0.0000000000E+00
L0    11000  0.1320000000E+03  -.3234026176E+06  0.8630947159E+05
L1 0.2998576885E+03  0.2998576885E+03  -.4097120892E+12  0.1000000000E+01
L2 0.1000000000E+01  0.1213124576E+03  0.1213124576E+03  0.1213124576E+03
L3 0.1374354485E+07  0.1004707315E+03  -.2532859292E+03  -.1868746912E+03
L4 -.1132299630E+03  0.1130264145E+05  0.1141427614E+05  0.1138917037E+05
L5 0.3410608796E+05  0.1030885079E+05  0.1391961461E+05  0.1323761239E+05
L6 0.3746607779E+05  -.4097120892E+06  0.3900147475E+05  -.5519718060E+06
L7 0.0000000000E+00  0.4796558053E+04  0.1316188643E+05  0.2060318483E+05
L8 0.5801662553E+04  0.5889495020E+05  0.0000000000E+00  0.0000000000E+00
L9 0.0000000000E+00  0.0000000000E+00  0.0000000000E+00  0.1039761415E+01  0.0000000000E+00
L0    12000  0.1340000000E+03  -.3227831160E+06  0.8636026822E+05
L1 0.3000341670E+03  0.3000341670E+03  -.4091433842E+12  0.1000000000E+01
L2 0.1000000000E+01  0.1212816348E+03  0.1212816348E+03  0.1212816348E+03
L3 0.1373309417E+07  0.1040365714E+03  -.1562403971E+03  -.3424710894E+03
L4 -.1315583050E+03  0.1136757021E+05  0.1133008096E+05  0.1131272381E+05
L5 0.3401037498E+05  0.1033929110E+05  0.1287433346E+05  0.1469764759E+05
L6 0.3791127215E+05  -.4091433842E+06  0.3834550613E+05  -.5506479175E+06
L7 0.0000000000E+00  0.4904854720E+04  0.1318021053E+05  0.2052246151E+05
L8 0.5824437107E+04  0.5872706330E+05  0.0000000000E+00  0.0000000000E+00
L9 0.0000000000E+00  0.0000000000E+00  0.0000000000E+00  0.1040552658E+01  0.0000000000E+00
L0    13000  0.1360000000E+03  -.3229299732E+06  0.8638375892E+05
L1 0.3001157787E+03  0.3001157787E+03  -.4093137321E+12  0.1000000000E+01
L2 0.1000000000E+01  0.1212825313E+03  0.1212825313E+03  0.1212825313E+03
L3 0.1373320793E+07  0.1740489171E+03  -.5726430692E+02  -.4430731292E+02
L4 0.2415909909E+02  0.1135054366E+05  0.1142536869E+05  0.1145759541E+05
L5 0.3423350776E+05  0.9630260647E+04  0.1199136367E+05  0.1189552470E+05
L6 0.3351714902E+05  -.4093137321E+06  0.3899880591E+05  -.5513847605E+06
L7 0.0000000000E+00  0.4854232976E+04  0.1319757215E+05  0.2062089929E+05
L8 0.5784762831E+04  0.5861475527E+05  0.0000000000E+00  0.0000000000E+00
L9 0.0000000000E+00  0.0000000000E+00  0.0000000000E+00  0.1040544038E+01  0.0000000000E+00
L0    14000  0.1380000000E+03  -.3231530471E+06  0.8650418751E+05
L1 0.3005341736E+03  0.3005341736E+03  -.4096572346E+12  0.1000000000E+01
L2 0.1000000000E+01  0.1212043493E+03  0.1212043493E+03  0.1212043493E+03
L3 0.1370662595E+07  0.4192284085E+02  0.9617349017E+02  0.3431216753E+02
L4 0.5746949952E+02  0.1127066563E+05  0.1140134273E+05  0.1132493345E+05
L5 0.3399694182E+05  0.1085710628E+05  0.1045261298E+05  0.1098645167E+05
L6 0.3229617094E+05  -.4096572346E+06  0.3897885254E+05  -.5517646830E+06
L7 0.0000000000E+00  0.4881012650E+04  0.1310244981E+05  0.2055629200E+05
L8 0.5819823093E+04  0.5876901824E+05  0.0000000000E+00  0.0000000000E+00
L9 0.0000000000E+00  0.0000000000E+00  0.0000000000E+00  0.1042562020E+01  0.0000000000E+00
L0    15000  0.1400000000E+03  -.3230749448E+06  0.8644685116E+05
L1 0.3003349747E+03  0.3003349747E+03  -.4095217959E+12  0.1000000000E+01
L2 0.1000000000E+01  0.1212487623E+03  0.1212487623E+03  0.1212487623E+03
L3 0.1372207810E+07  -.1691612839E+03  -.1864548559E+03  -.4010296490E+03
L4 -.2522152629E+03  0.1146147290E+05  0.1144070674E+05  0.1135949523E+05
L5 0.3426167486E+05  0.1313209199E+05  0.1328211533E+05  0.1532002196E+05
L6 0.4173422927E+05  -.4095217959E+06  0.3858314917E+05  -.5511140222E+06
L7 0.0000000000E+00  0.4787416178E+04  0.1325169210E+05  0.2055416420E+05
L8 0.5845217788E+04  0.5857058684E+05  0.0000000000E+00  0.0000000000E+00
L9 0.0000000000E+00  0.0000000000E+00  0.0000000000E+00  0.1041388013E+01  0.0000000000E+00
L0    16000  0.1420000000E+03  -.3234621337E+06  0.8630561312E+05
L1 0.2998442834E+03  0.2998442834E+03  -.4097677468E+12  0.1000000000E+01
L2 0.1000000000E+01  0.1212431900E+03  0.1212431900E+03  0.1212431900E+03
L3 0.1371968271E+07  -.8149808143E+02  0.4222612885E+02  0.5170565866E+03
L4 0.1592615447E+03  0.1139275694E+05  0.1150723214E+05  0.1139095809E+05
L5 0.3429094717E+05  0.1219748294E+05  0.1109028412E+05  0.6285452895E+04
L6 0.2957321995E+05  -.4097677468E+06  0.3909742628E+05  -.5521797456E+06
L7 0.0000000000E+00  0.4923694024E+04  0.1310998460E+05  0.2064654173E+05
L8 0.5812818677E+04  0.5882153346E+05  0.0000000000E+00  0.0000000000E+00
L9 0.0000000000E+00  0.0000000000E+00  0.0000000000E+00  0.1041569834E+01  0.0000000000E+00
L0    17000  0.1440000000E+03  -.3236209625E+06  0.8638329868E+05
L1 0.3001141797E+03  0.3001141797E+03  -.4100042612E+12  0.1000000000E+01
L2 0.1000000000E+01  0.1212963753E+03  0.1212963753E+03  0.1212963753E+03
L3 0.1373803285E+07  -.7959038336E+02  -.1874021992E+03  0.4187342587E+02
L4 -.7503971889E+02  0.1142323958E+05  0.1134482682E+05  0.1122968669E+05
L5 0.3399775309E+05  0.1221017977E+05  0.1319774317E+05  0.1081566831E+05
L6 0.3622359125E+05  -.4100042612E+06  0.3896161647E+05  -.5522077858E+06
L7 0.0000000000E+00  0.4800603444E+04  0.1312567222E+05  0.2064524477E+05
L8 0.5866677420E+04  0.5880371030E+05  0.0000000000E+00  0.0000000000E+00
L9 0.0000000000E+00  0.0000000000E+00  0.0000000000E+00  0.1040178590E+01  0.0000000000E+00
L0    18000  0.1460000000E+03  -.3230168804E+06  0.8666547968E+05
L1 0.3010945373E+03  0.3010945373E+03  -.4096823601E+12  0.1000000000E+01
L2 0.1000000000E+01  0.1212920804E+03  0.1212920804E+03  0.1212920804E+03
L3 0.1373643269E+07  0.1439525105E+03  -.1746616688E+03  0.1505591546E+03
L4 0.3994999876E+02  0.1138396197E+05  0.1132943132E+05  0.1142839206E+05
L5 0.3414178536E+05  0.9960814891E+04  0.1305617609E+05  0.9939930206E+04
L6 0.3295692118E+05  -.4096823601E+06  0.3885285163E+05  -.5515316690E+06
L7 0.0000000000E+00  0.4925392754E+04  0.1301317004E+05  0.2050796065E+05
L8 0.5793392221E+04  0.5875654165E+05  0.0000000000E+00  0.0000000000E+00
L9 0.0000000000E+00  0.0000000000E+00  0.0000000000E+00  0.1040299760E+01  0.0000000000E+00
L0    19000  0.1480000000E+03  -.3237925661E+06  0.8595062495E+05
L1 0.2986109780E+03  0.2986109780E+03  -.4097431911E+12  0.1000000000E+01
L2 0.1000000000E+01  0.1212534004E+03  0.1212534004E+03  0.1212534004E+03
L3 0.1372341441E+07  -.7514293330E+02  -.1173618110E+03  0.2029993133E+02
L4 -.5740160431E+02  0.1135142184E+05  0.1121631724E+05  0.1136677830E+05
L5 0.3393451738E+05  0.1209359783E+05  0.1237548304E+05  0.1116627878E+05
L6 0.3563535966E+05  -.4097431911E+06  0.3871757561E+05  -.5516902181E+06
L7 0.0000000000E+00  0.4727189095E+04  0.1311121391E+05  0.2059877870E+05
L8 0.5857430660E+04  0.5893483910E+05  0.0000000000E+00  0.0000000000E+00
L9 0.0000000000E+00  0.0000000000E+00  0.0000000000E+00  0.1041286607E+01  0.0000000000E+00
L0    20000  0.1500000000E+03  -.3230890395E+06  0.8599949363E+05
L1 0.2987807584E+03  0.2987807584E+03  -.4090885332E+12  0.1000000000E+01
L2 0.1000000000E+01  0.1212638964E+03  0.1212638964E+03  0.1212638964E+03
L3 0.1372680103E+07  0.7421106137E+02  0.4430613687E+02  0.1441169447E+03
L4 0.8754471430E+02  0.1126485313E+05  0.1127860013E+05  0.1139743436E+05
L5 0.3394088762E+05  0.1053170022E+05  0.1084088677E+05  0.9973660661E+04
L6 0.3134624765E+05  -.4090885332E+06  0.3888814193E+05  -.5510497930E+06
L7 0.0000000000E+00  0.4859662328E+04  0.1302123253E+05  0.2051391407E+05
L8 0.5810905676E+04  0.5886740325E+05  0.0000000000E+00  0.0000000000E+00
L9 0.0000000000E+00  0.0000000000E+00  0.0000000000E+00  0.1041029706E+01  0.0000000000E+00
L0    21000  0.1520000000E+03  -.3230467350E+06  0.8642376638E+05
L1 0.3002547733E+03  0.3002547733E+03  -.4094705013E+12  0.1000000000E+01
L2 0.1000000000E+01  0.1212544453E+03  0.1212544453E+03  0.1212544453E+03
L3 0.1372360540E+07  0.2319297396E+02  0.2034860777E+03  0.2515685337E+01
L4 0.7639824566E+02  0.1154022775E+05  0.1132433382E+05  0.1134959855E+05
L5 0.3421416013E+05  0.1131115088E+05  0.9314502999E+04  0.1132475115E+05
L6 0.3195040502E+05  -.4094705013E+06  0.3875171930E+05  -.5511771121E+06
L7 0.0000000000E+00  0.4820921958E+04  0.1308864810E+05  0.2055733056E+05
L8 0.5833167135E+04  0.5865482370E+05  0.0000000000E+00  0.0000000000E+00
L9 0.0000000000E+00  0.0000000000E+00  0.0000000000E+00  0.1041272117E+01  0.0000000000E+00
L0    22000  0.1540000000E+03  -.3234248708E+06  0.8670337105E+05
L1 0.3012261801E+03  0.3012261801E+03  -.4101282419E+12  0.1000000000E+01
L2 0.1000000000E+01  0.1212241334E+03  0.1212241334E+03  0.1212241334E+03
L3 0.1371317049E+07  0.3390212342E+03  -.7084634236E+02  0.3175306098E+03
L4 0.1952351672E+03  0.1138188999E+05  0.1137729715E+05  0.1140510278E+05
L5 0.3416428992E+05  0.8035925278E+04  0.1207651401E+05  0.8271239451E+04
L6 0.2838367874E+05  -.4101282419E+06  0.3901122921E+05  -.5519230771E+06
L7 0.0000000000E+00  0.4748524499E+04  0.1302064741E+05  0.2055058220E+05
L8 0.5846975584E+04  0.5861687635E+05  0.0000000000E+00  0.0000000000E+00
L9 0.0000000000E+00  0.0000000000E+00  0.0000000000E+00  0.1042064463E+01  0.0000000000E+00
L0    23000  0.1560000000E+03  -.3231098223E+06  0.8666934134E+05
L1 0.3011079535E+03  0.3011079535E+03  -.4097791636E+12  0.1000000000E+01
L2 0.1000000000E+01  0.1212223826E+03  0.1212223826E+03  0.1212223826E+03
L3 0.1371269530E+07  -.7819407276E+02  0.1788940846E+03  0.1932419008E+03
L4 0.9798063754E+02  0.1133742090E+05  0.1139650965E+05  0.1122893041E+05
L5 0.3396286097E+05  0.1210912933E+05  0.9630978492E+04  0.9321798618E+04
L6 0.3106190644E+05  -.4097791636E+06  0.3859552665E+05  -.5515643715E+06
L7 0.0000000000E+00  0.4761505482E+04  0.1326308154E+05  0.2065669758E+05
L8 0.5805939610E+04  0.5870245703E+05  0.0000000000E+00  0.0000000000E+00
L9 0.0000000000E+00  0.0000000000E+00  0.0000000000E+00  0.1042100573E+01  0.0000000000E+00
L0    24000  0.1580000000E+03  -.3234685913E+06  0.8627320822E+05
L1 0.2997317018E+03  0.2997317018E+03  -.4097417995E+12  0.1000000000E+01
L2 0.1000000000E+01  0.1212469518E+03  0.1212469518E+03  0.1212469518E+03
L3 0.1372128319E+07  -.7479404583E+01  -.4088603118E+03  0.1014407202E+03
L4 -.1049663321E+03  0.1129425970E+05  0.1127819954E+05  0.1142691599E+05
L5 0.3399937523E+05  0.1136812124E+05  0.1531582717E+05  0.1042515612E+05
L6 0.3710910452E+05  -.4097417995E+06  0.3924606202E+05  -.5520461947E+06
L7 0.0000000000E+00  0.4717674773E+04  0.1317185949E+05  0.2052155755E+05
L8 0.5846189885E+04  0.5880105152E+05  0.0000000000E+00  0.0000000000E+00
L9 0.0000000000E+00  0.0000000000E+00  0.0000000000E+00  0.1041448343E+01  0.0000000000E+00
L0    25000  0.1600000000E+03  -.3231094853E+06  0.8618862553E+05
L1 0.2994378433E+03  0.2994378433E+03  -.4092981108E+12  0.1000000000E+01
L2 0.1000000000E+01  0.1212564030E+03  0.1212564030E+03  0.1212564030E+03
L3 0.1372457806E+07  -.3184277009E+02  -.1274735455E+03  -.3660634038E+03
L4 -.1751265731E+03  0.1143185610E+05  0.1119336623E+05  0.1127592424E+05
L5 0.3390114657E+05  0.1174638924E+05  0.1245251095E+05  0.1489178664E+05
L6 0.3909068683E+05  -.4092981108E+06  0.3853812963E+05  -.5508940262E+06
L7 0.0000000000E+00  0.4854778814E+04  0.1312433771E+05  0.2059605004E+05
L8 0.5843636498E+04  0.5863898270E+05  0.0000000000E+00  0.0000000000E+00
L9 0.0000000000E+00  0.0000000000E+00  0.0000000000E+00  0.1041198322E+01  0.0000000000E+00
L0    26000  0.1620000000E+03  -.3229089909E+06  0.8643872027E+05
L1 0.3003067263E+03  0.3003067263E+03  -.4093477112E+12  0.1000000000E+01
L2 0.1000000000E+01  0.1213269067E+03  0.1213269067E+03  0.1213269067E+03
L3 0.1374834944E+07  0.1244002181E+03  0.7762868041E+02  -.2804013184E+03
L4 -.2612413999E+02  0.1138769975E+05  0.1144462732E+05  0.1141087647E+05
L5 0.3424320354E+05  0.1015678413E+05  0.1067650684E+05  0.1418539221E+05
L6 0.3501868318E+05  -.4093477112E+06  0.3877600707E+05  -.5510840966E+06
L7 0.0000000000E+00  0.4713170852E+04  0.1318683711E+05  0.2059171778E+05
L8 0.5761444304E+04  0.5870720830E+05  0.0000000000E+00  0.0000000000E+00
L9 0.0000000000E+00  0.0000000000E+00  0.0000000000E+00  0.1039398053E+01  0.0000000000E+00
L0    27000  0.1640000000E+03  -.3229132848E+06  0.8653471868E+05
L1 0.3006402454E+03  0.3006402454E+03  -.4094480035E+12  0.1000000000E+01
L2 0.1000000000E+01  0.1212769131E+03  0.1212769131E+03  0.1212769131E+03
L3 0.1373131158E+07  -.2867083083E+02  0.1404426470E+02  0.5758877174E+02
L4 0.1432073520E+02  0.1149174971E+05  0.1135856156E+05  0.1130273372E+05
L5 0.3415304500E+05  0.1177509036E+05  0.1121976855E+05  0.1073361036E+05
L6 0.3372846927E+05  -.4094480035E+06  0.3850309554E+05  -.5506741120E+06
L7 0.0000000000E+00  0.4865165294E+04  0.1304293631E+05  0.2040168269E+05
L8 0.5791703054E+04  0.5862152568E+05  0.0000000000E+00  0.0000000000E+00
L9 0.0000000000E+00  0.0000000000E+00  0.0000000000E+00  0.1040687742E+01  0.0000000000E+00
L0    28000  0.1660000000E+03  -.3226875875E+06  0.8644705423E+05
L1 0.3003356803E+03  0.3003356803E+03  -.4091346418E+12  0.1000000000E+01
L2 0.1000000000E+01  0.1212602092E+03  0.1212602092E+03  0.1212602092E+03
L3 0.1372554776E+07  -.2329716741E+02  0.2202825830E+03  0.6848591179E+02
L4 0.8849044246E+02  0.1136931833E+05  0.1135767723E+05  0.1132750043E+05
L5 0.3405449600E+05  0.1159945689E+05  0.9181639482E+04  0.1065096973E+05
L6 0.3143206610E+05  -.4091346418E+06  0.3893695342E+05  -.5512689487E+06
L7 0.0000000000E+00  0.4906576584E+04  0.1315235789E+05  0.2055081806E+05
L8 0.5876415188E+04  0.5871118579E+05  0.0000000000E+00  0.0000000000E+00
L9 0.0000000000E+00  0.0000000000E+00  0.0000000000E+00  0.1041124762E+01  0.0000000000E+00
L0    29000  0.1680000000E+03  -.3233907708E+06  0.8622831977E+05
L1 0.2995757496E+03  0.2995757496E+03  -.4096190905E+12  0.1000000000E+01
L2 0.1000000000E+01  0.1212574580E+03  0.1212574580E+03  0.1212574580E+03
L3 0.1372471336E+07  -.6108420095E+02  0.6054875110E+02  0.2146753414E+02
L4 0.6977361428E+01  0.1141845043E+05  0.1142856570E+05  0.1130009896E+05
L5 0.3414711508E+05  0.1202182744E+05  0.1083047775E+05  0.1108804713E+05
L6 0.3394035232E+05  -.4096190905E+06  0.3859204639E+05  -.5512604895E+06
L7 0.0000000000E+00  0.4832263775E+04  0.1313453694E+05  0.2059358195E+05
L8 0.5815602293E+04  0.5867336760E+05  0.0000000000E+00  0.0000000000E+00
L9 0.0000000000E+00  0.0000000000E+00  0.0000000000E+00  0.1041188057E+01  0.0000000000E+00
L0    30000  0.1700000000E+03  -.3231385651E+06  0.8617060614E+05
L1 0.2993752401E+03  0.2993752401E+03  -.4093091712E+12  0.1000000000E+01
L2 0.1000000000E+01  0.1212469643E+03  0.1212469643E+03  0.1212469643E+03
L3 0.1372110982E+07  0.5136561635E+02  0.1453285698E+03  -.7623180376E+02
L4 0.4015412748E+02  0.1134357608E+05  0.1144193167E+05  0.1138902881E+05
L5 0.3417453656E+05  0.1083633044E+05  0.1000678324E+05  0.1214183299E+05
L6 0.3298494666E+05  -.4093091712E+06  0.3869990597E+05  -.5511720076E+06
L7 0.0000000000E+00  0.4871644410E+04  0.1320974842E+05  0.2061427176E+05
L8 0.5803932407E+04  0.5866333347E+05  0.0000000000E+00  0.0000000000E+00
L9 0.0000000000E+00  0.0000000000E+00  0.0000000000E+00  0.1041461501E+01  0.0000000000E+00
L0    31000  0.1720000000E+03  -.3230128124E+06  0.8637674593E+05
L1 0.3000914141E+03  0.3000914141E+03  -.4093895584E+12  0.1000000000E+01
L2 0.1000000000E+01  0.1212645234E+03  0.1212645234E+03  0.1212645234E+03
L3 0.1372703806E+07  -.2196437303E+02  0.2317103364E+03  -.6115558020E+01
L4 0.6787680177E+02  0.1138770191E+05  0.1148124141E+05  0.1128743206E+05
L5 0.3415637537E+05  0.1160469816E+05  0.9192067294E+04  0.1134785050E+05
L6 0.3214461595E+05  -.4093895584E+06  0.3919189949E+05  -.5515599504E+06
L7 0.0000000000E+00  0.4724583363E+04  0.1314873300E+05  0.2058200431E+05
L8 0.5849304703E+04  0.5867386720E+05  0.0000000000E+00  0.0000000000E+00
L9 0.0000000000E+00  0.0000000000E+00  0.0000000000E+00  0.1041011730E+01  0.0000000000E+00
L0    32000  0.1740000000E+03  -.3230228610E+06  0.8613620076E+05
L1 0.2992557084E+03  0.2992557084E+03  -.4091590618E+12  0.1000000000E+01
L2 0.1000000000E+01  0.1212553362E+03  0.1212553362E+03  0.1212553362E+03
L3 0.1372394330E+07  -.6870149062E+02  0.1392355154E+03  0.7194116035E+02
L4 0.4749172836E+02  0.1131730872E+05  0.1134952306E+05  0.1122559034E+05
L5 0.3389242212E+05  0.1199588966E+05  0.9974260808E+04  0.1051501041E+05
L6 0.3248516088E+05  -.4091590618E+06  0.3847894618E+05  -.5507475863E+06
L7 0.0000000000E+00  0.4819880566E+04  0.1321747200E+05  0.2057942884E+05
L8 0.5830178122E+04  0.5866261884E+05  0.0000000000E+00  0.0000000000E+00
L9 0.0000000000E+00  0.0000000000E+00  0.0000000000E+00  0.1041246479E+01  0.0000000000E+00
L0    33000  0.1760000000E+03  -.3229522118E+06  0.8678664276E+05
L1 0.3015154839E+03  0.3015154839E+03  -.4097388545E+12  0.1000000000E+01
L2 0.1000000000E+01  0.1212518304E+03  0.1212518304E+03  0.1212518304E+03
L3 0.1372281992E+07  0.1183204999E+03  -.1377676477E+03  -.2269197662E+01
L4 -.7238781841E+01  0.1140526675E+05  0.1154583334E+05  0.1145556026E+05
L5 0.3440666035E+05  0.1023668274E+05  0.1290648573E+05  0.1147797183E+05
L6 0.3462114029E+05  -.4097388545E+06  0.3896581462E+05  -.5516436307E+06
L7 0.0000000000E+00  0.4795282346E+04  0.1314260858E+05  0.2046918070E+05
L8 0.5784499471E+04  0.5874739046E+05  0.0000000000E+00  0.0000000000E+00
L9 0.0000000000E+00  0.0000000000E+00  0.0000000000E+00  0.1041331717E+01  0.0000000000E+00
L0    34000  0.1780000000E+03  -.3230473049E+06  0.8631377054E+05
L1 0.2998726240E+03  0.2998726240E+03  -.4093610754E+12  0.1000000000E+01
L2 0.1000000000E+01  0.1212512759E+03  0.1212512759E+03  0.1212512759E+03
L3 0.1372255962E+07  0.1308920080E+03  0.8928781180E+02  -.6532495820E+02
L4 0.5161828720E+02  0.1126167862E+05  0.1137974142E+05  0.1137823336E+05
L5 0.3401965339E+05  0.9968957518E+04  0.1049791341E+05  0.1202339843E+05
L6 0.3249026936E+05  -.4093610754E+06  0.3872634180E+05  -.5511926251E+06
L7 0.0000000000E+00  0.4812338025E+04  0.1321452710E+05  0.2051446782E+05
L8 0.5834722757E+04  0.5872915218E+05  0.0000000000E+00  0.0000000000E+00
L9 0.0000000000E+00  0.0000000000E+00  0.0000000000E+00  0.1041351471E+01  0.0000000000E+00
L0    35000  0.1800000000E+03  -.3233077434E+06  0.8645441500E+05
L1 0.3003612532E+03  0.3003612532E+03  -.4097621584E+12  0.1000000000E+01
L2 0.1000000000E+01  0.1212529929E+03  0.1212529929E+03  0.1212529929E+03
L3 0.1372319778E+07  -.2583340809E+03  0.2746922196E+03  0.3269411047E+01
L4 0.6542516589E+01  0.1153776891E+05  0.1125384254E+05  0.1139024728E+05
L5 0.3418185873E+05  0.1408925736E+05  0.8540789643E+04  0.1135795629E+05
L6 0.3398800329E+05  -.4097621584E+06  0.3873091440E+05  -.5514394210E+06
L7 0.0000000000E+00  0.4843830182E+04  0.1298151410E+05  0.2053598722E+05
L8 0.5878838584E+04  0.5870617809E+05  0.0000000000E+00  0.0000000000E+00
L9 0.0000000000E+00  0.0000000000E+00  0.0000000000E+00  0.1041303046E+01  0.0000000000E+00
L0    36000  0.1820000000E+03  -.3228096954E+06  0.8653489289E+05
L1 0.3006408507E+03  0.3006408507E+03  -.4093445883E+12  0.1000000000E+01
L2 0.1000000000E+01  0.1212610639E+03  0.1212610639E+03  0.1212610639E+03
L3 0.1372594084E+07  0.1715268743E+03  0.3308062456E+02  -.1911238987E+03
L4 0.4494533382E+01  0.1139870836E+05  0.1134986805E+05  0.1143132293E+05
L5 0.3417989934E+05  0.9704250098E+04  0.1102307531E+05  0.1331937383E+05
L6 0.3404669924E+05  -.4093445883E+06  0.3846704867E+05  -.5509094098E+06
L7 0.0000000000E+00  0.4760203230E+04  0.1323207359E+05  0.2052211762E+05
L8 0.5828601518E+04  0.5875477683E+05  0.0000000000E+00  0.0000000000E+00
L9 0.0000000000E+00  0.0000000000E+00  0.0000000000E+00  0.1041094946E+01  0.0000000000E+00
L0    37000  0.1840000000E+03  -.3231805144E+06  0.8616025087E+05
L1 0.2993392636E+03  0.2993392636E+03  -.4093407653E+12  0.1000000000E+01
L2 0.1000000000E+01  0.1212773591E+03  0.1212773591E+03  0.1212773591E+03
L3 0.1373135752E+07  0.9958428193E+02  0.1639512433E+03  0.3799303591E+02
L4 0.1005095204E+03  0.1137345985E+05  0.1136760778E+05  0.1129786551E+05
L5 0.3403893314E+05  0.1038931086E+05  0.9747347563E+04  0.1092239653E+05
L6 0.3105905496E+05  -.4093407653E+06  0.3885832838E+05  -.5512083596E+06
L7 0.0000000000E+00  0.4888429957E+04  0.1314478785E+05  0.2046753859E+05
L8 0.5874952281E+04  0.5863355732E+05  0.0000000000E+00  0.0000000000E+00
L9 0.0000000000E+00  0.0000000000E+00  0.0000000000E+00  0.1040684260E+01  0.0000000000E+00
L0    38000  0.1860000000E+03  -.3231324381E+06  0.8614945196E+05
L1 0.2993017459E+03  0.2993017459E+03  -.4092818900E+12  0.1000000000E+01
L2 0.1000000000E+01  0.1212932051E+03  0.1212932051E+03  0.1212932051E+03
L3 0.1373677717E+07  -.1361822738E+03  -.5672665533E+02  0.4048895210E+03
L4 0.7066019731E+02  0.1139543429E+05  0.1146916002E+05  0.1115339218E+05
L5 0.3401798649E+05  0.1274179681E+05  0.1202998663E+05  0.7150462413E+04
L6 0.3192224585E+05  -.4092818900E+06  0.3855749759E+05  -.5508242591E+06
L7 0.0000000000E+00  0.4751178278E+04  0.1318014578E+05  0.2050397564E+05
L8 0.5803613670E+04  0.5874595813E+05  0.0000000000E+00  0.0000000000E+00
L9 0.0000000000E+00  0.0000000000E+00  0.0000000000E+00  0.1040273673E+01  0.0000000000E+00
L0    39000  0.1880000000E+03  -.3233899437E+06  0.8652023100E+05
L1 0.3005899121E+03  0.3005899121E+03  -.4099101747E+12  0.1000000000E+01
L2 0.1000000000E+01  0.1213008805E+03  0.1213008805E+03  0.1213008805E+03
L3 0.1373968660E+07  -.1347243323E+03  0.1198491899E+03  -.5111529789E+03
L4 -.1753427071E+03  0.1129262683E+05  0.1134014287E+05  0.1133114830E+05
L5 0.3396391800E+05  0.1262485756E+05  0.1015500600E+05  0.1638571931E+05
L6 0.3916558287E+05  -.4099101747E+06  0.3841754444E+05  -.5512605652E+06
L7 0.0000000000E+00  0.4797730995E+04  0.1308957249E+05  0.2053882065E+05
L8 0.5815211186E+04  0.5869151082E+05  0.0000000000E+00  0.0000000000E+00
L9 0.0000000000E+00  0.0000000000E+00  0.0000000000E+00  0.1040053391E+01  0.0000000000E+00
L0    40000  0.1900000000E+03  -.3235513856E+06  0.8644547357E+05
L1 0.3003301887E+03  0.3003301887E+03  -.4099968592E+12  0.1000000000E+01
L2 0.1000000000E+01  0.1212030686E+03  0.1212030686E+03  0.1212030686E+03
L3 0.1370619240E+07  0.1188617107E+03  0.3062398662E+02  0.2065067008E+02
L4 0.5671212246E+02  0.1135323992E+05  0.1147705648E+05  0.1128326349E+05
L5 0.3411355989E+05  0.1018073309E+05  0.1117496733E+05  0.1107955574E+05
L6 0.3243525616E+05  -.4099968592E+06  0.3821958248E+05  -.5510048349E+06
L7 0.0000000000E+00  0.4697886433E+04  0.1296758925E+05  0.2056690752E+05
L8 0.5834265371E+04  0.5872174465E+05  0.0000000000E+00  0.0000000000E+00
L9 0.0000000000E+00  0.0000000000E+00  0.0000000000E+00  0.1042594998E+01  0.0000000000E+00
L0    41000  0.1920000000E+03  -.3235761210E+06  0.8614247640E+05
L1 0.2992775113E+03  0.2992775113E+03  -.4097185974E+12  0.1000000000E+01
L2 0.1000000000E+01  0.1212726656E+03  0.1212726656E+03  0.1212726656E+03
L3 0.1372984589E+07  -.5110111415E+02  -.6111315937E+02  0.2115512055E+03
L4 0.3311231067E+02  0.1130869735E+05  0.1145829891E+05  0.1144855421E+05
L5 0.3421555047E+05  0.1181365228E+05  0.1206218772E+05  0.9358114011E+04
L6 0.3323395401E+05  -.4097185974E+06  0.3894926356E+05  -.5516948031E+06
L7 0.0000000000E+00  0.4786685537E+04  0.1318967084E+05  0.2059222378E+05
L8 0.5814835928E+04  0.5864352609E+05  0.0000000000E+00  0.0000000000E+00
L9 0.0000000000E+00  0.0000000000E+00  0.0000000000E+00  0.1040798837E+01  0.0000000000E+00
L0    42000  0.1940000000E+03  -.3233834925E+06  0.8622387188E+05
L1 0.2995602967E+03  0.2995602967E+03  -.4096073644E+12  0.1000000000E+01
L2 0.1000000000E+01  0.1212634359E+03  0.1212634359E+03  0.1212634359E+03
L3 0.1372669734E+07  -.2229916994E+03  0.6508122166E+02  0.2914441761E+03
L4 0.4451123278E+02  0.1118574925E+05  0.1144480870E+05  0.1148766059E+05
L5 0.3411821854E+05  0.1338873321E+05  0.1080185702E+05  0.8608419582E+04
L6 0.3279900981E+05  -.4096073644E+06  0.3869178820E+05  -.5513202013E+06
L7 0.0000000000E+00  0.4816082646E+04  0.1308203798E+05  0.2061196997E+05
L8 0.5829719382E+04  0.5868123880E+05  0.0000000000E+00  0.0000000000E+00
L9 0.0000000000E+00  0.0000000000E+00  0.0000000000E+00  0.1041037570E+01  0.0000000000E+00
L0    43000  0.1960000000E+03  -.3229361989E+06  0.8672636163E+05
L1 0.3013060543E+03  0.3013060543E+03  -.4096625605E+12  0.1000000000E+01
L2 0.1000000000E+01  0.1212637756E+03  0.1212637756E+03  0.1212637756E+03
L3 0.1372682854E+07  -.1948835724E+03  0.1035319196E+03  0.1861367342E+03
L4 0.3159502713E+02  0.1148879853E+05  0.1146442583E+05  0.1142752447E+05
L5 0.3438074884E+05  0.1341411454E+05  0.1044160149E+05  0.9588621231E+04
L6 0.3344433726E+05  -.4096625605E+06  0.3825404681E+05  -.5508761383E+06
L7 0.0000000000E+00  0.4775825003E+04  0.1318147400E+05  0.2053614648E+05
L8 0.5821168357E+04  0.5864491715E+05  0.0000000000E+00  0.0000000000E+00
L9 0.0000000000E+00  0.0000000000E+00  0.0000000000E+00  0.1041027620E+01  0.0000000000E+00
L0    44000  0.1980000000E+03  -.3226622259E+06  0.8662456543E+05
L1 0.3009523924E+03  0.3009523924E+03  -.4092867913E+12  0.1000000000E+01
L2 0.1000000000E+01  0.1212606379E+03  0.1212606379E+03  0.1212606379E+03
L3 0.1372586180E+07  -.1159322277E+02  -.1300134836E+03  -.5640938126E+01
L4 -.4908254817E+02  0.1157000915E+05  0.1139183353E+05  0.1140899265E+05
L5 0.3437083533E+05  0.1168453417E+05  0.1267618710E+05  0.1146471732E+05
L6 0.3582543859E+05  -.4092867913E+06  0.3844775690E+05  -.5507068248E+06
L7 0.0000000000E+00  0.4872776301E+04  0.1312029827E+05  0.2052690770E+05
L8 0.5831949843E+04  0.5862034447E+05  0.0000000000E+00  0.0000000000E+00
L9 0.0000000000E+00  0.0000000000E+00  0.0000000000E+00  0.1041100941E+01  0.0000000000E+00
L0    45000  0.2000000000E+03  -.3229729711E+06  0.8624968677E+05
L1 0.2996499832E+03  0.2996499832E+03  -.4092226579E+12  0.1000000000E+01
L2 0.1000000000E+01  0.1212874067E+03  0.1212874067E+03  0.1212874067E+03
L3 0.1373487544E+07  0.1135451609E+03  -.3781951802E+02  -.3085356858E+02
L4 0.1495735809E+02  0.1136571835E+05  0.1127826534E+05  0.1131818920E+05
L5 0.3396217288E+05  0.1024331246E+05  0.1165211526E+05  0.1162317997E+05
L6 0.3351860770E+05  -.4092226579E+06  0.3874036795E+05  -.5509560140E+06
L7 0.0000000000E+00  0.4792004984E+04  0.1323672645E+05  0.2052370684E+05
L8 0.5816268793E+04  0.5862428111E+05  0.0000000000E+00  0.0000000000E+00
L9 0.0000000000E+00  0.0000000000E+00  0.0000000000E+00  0.1040417709E+01  0.0000000000E+00
L0    46000  0.2020000000E+03  -.3228298722E+06  0.8655176040E+05
L1 0.3006994520E+03  0.3006994520E+03  -.4093816326E+12  0.1000000000E+01
L2 0.1000000000E+01  0.1212881231E+03  0.1212881231E+03  0.1212881231E+03
L3 0.1373534638E+07  -.2174623170E+03  -.8624082442E+02  -.2085844002E+03
L4 -.1707625139E+03  0.1118446894E+05  0.1129386786E+05  0.1143578690E+05
L5 0.3391412370E+05  0.1333418057E+05  0.1214639673E+05  0.1349773638E+05
L6 0.3897831368E+05  -.4093816326E+06  0.3865955784E+05  -.5511467786E+06
L7 0.0000000000E+00  0.4826590577E+04  0.1328232283E+05  0.2057076518E+05
L8 0.5809740113E+04  0.5861616939E+05  0.0000000000E+00  0.0000000000E+00
L9 0.0000000000E+00  0.0000000000E+00  0.0000000000E+00  0.1040382037E+01  0.0000000000E+00
L0    47000  0.2040000000E+03  -.3235132871E+06  0.8599747097E+05
L1 0.2987737312E+03  0.2987737312E+03  -.4095107580E+12  0.1000000000E+01
L2 0.1000000000E+01  0.1212357429E+03  0.1212357429E+03  0.1212357429E+03
L3 0.1371753583E+07  -.2906539021E+03  -.2113445544E+02  -.1446759872E+03
L4 -.1521547816E+03  0.1125738278E+05  0.1130306218E+05  0.1125902305E+05
L5 0.3381946801E+05  0.1412690004E+05  0.1151171475E+05  0.1268735496E+05
L6 0.3832596975E+05  -.4095107580E+06  0.3812840922E+05  -.5508030053E+06
L7 0.0000000000E+00  0.4809105067E+04  0.1318759052E+05  0.2058605802E+05
L8 0.5795127350E+04  0.5878595711E+05  0.0000000000E+00  0.0000000000E+00
L9 0.0000000000E+00  0.0000000000E+00  0.0000000000E+00  0.1041732846E+01  0.0000000000E+00
L0    48000  0.2060000000E+03  -.3228172734E+06  0.8682462865E+05
L1 0.3016474551E+03  0.3016474551E+03  -.4096419021E+12  0.1000000000E+01
L2 0.1000000000E+01  0.1212280452E+03  0.1212280452E+03  0.1212280452E+03
L3 0.1371468562E+07  0.7144661217E+02  0.5363722017E+02  0.7311067975E+00
L4 0.4193831305E+02  0.1157201227E+05  0.1134033512E+05  0.1148269815E+05
L5 0.3439504554E+05  0.1086679315E+05  0.1081090494E+05  0.1147548171E+05
L6 0.3315317979E+05  -.4096419021E+06  0.3882443338E+05  -.5515733548E+06
L7 0.0000000000E+00  0.4859278568E+04  0.1299546342E+05  0.2054799882E+05
L8 0.5840030567E+04  0.5886424792E+05  0.0000000000E+00  0.0000000000E+00
L9 0.0000000000E+00  0.0000000000E+00  0.0000000000E+00  0.1041949341E+01  0.0000000000E+00
L0    49000  0.2080000000E+03  -.3232867861E+06  0.8634810808E+05
L1 0.2999919200E+03  0.2999919200E+03  -.4096348942E+12  0.1000000000E+01
L2 0.1000000000E+01  0.1212684022E+03  0.1212684022E+03  0.1212684022E+03
L3 0.1372864358E+07  -.2532027118E+03  -.1920266037E+03  -.5735123568E+02
L4 -.1675268504E+03  0.1134716236E+05  0.1135758183E+05  0.1151141523E+05
L5 0.3421615941E+05  0.1384896221E+05  0.1325492379E+05  0.1207808101E+05
L6 0.3918196701E+05  -.4096348942E+06  0.3877577289E+05  -.5511118722E+06
L7 0.0000000000E+00  0.4845238041E+04  0.1306228791E+05  0.2050807836E+05
L8 0.5793010570E+04  0.5849259017E+05  0.0000000000E+00  0.0000000000E+00
L9 0.0000000000E+00  0.0000000000E+00  0.0000000000E+00  0.1040889987E+01  0.0000000000E+00
L0    50000  0.2100000000E+03  -.3232798854E+06  0.8614334891E+05
L1 0.2992805426E+03  0.2992805426E+03  -.4094232343E+12  0.1000000000E+01
L2 0.1000000000E+01  0.1212902917E+03  0.1212902917E+03  0.1212902917E+03
L3 0.1373592644E+07  0.4813665468E+02  -.2138843074E+03  0.3715062461E+02
L4 -.4286567603E+02  0.1135347035E+05  0.1123355211E+05  0.1140633669E+05
L5 0.3399335916E+05  0.1087759804E+05  0.1334798283E+05  0.1103907075E+05
L6 0.3526465161E+05  -.4094232343E+06  0.3857063751E+05  -.5510066997E+06
L7 0.0000000000E+00  0.4809982211E+04  0.1307904245E+05  0.2054061000E+05
L8 0.5809251281E+04  0.5877394196E+05  0.0000000000E+00  0.0000000000E+00
L9 0.0000000000E+00  0.0000000000E+00  0.0000000000E+00  0.1040338102E+01  0.0000000000E+00
L0    51000  0.2120000000E+03  -.3230688936E+06  0.8629915858E+05
L1 0.2998218589E+03  0.2998218589E+03  -.4093680522E+12  0.1000000000E+01
L2 0.1000000000E+01  0.1212365521E+03  0.1212365521E+03  0.1212365521E+03
L3 0.1371762513E+07  0.1162023517E+03  -.4540563471E+02  -.7280180874E+02
L4 -.6683639068E+00  0.1137821961E+05  0.1128829270E+05  0.1152935853E+05
L5 0.3419587084E+05  0.1023098978E+05  0.1173656847E+05  0.1224810824E+05
L6 0.3421566649E+05  -.4093680522E+06  0.3879290246E+05  -.5513852913E+06
L7 0.0000000000E+00  0.4882323995E+04  0.1322057855E+05  0.2052868569E+05
L8 0.5797172748E+04  0.5879557565E+05  0.0000000000E+00  0.0000000000E+00
L9 0.0000000000E+00  0.0000000000E+00  0.0000000000E+00  0.1041726065E+01  0.0000000000E+00
L0    52000  0.2140000000E+03  -.3233898732E+06  0.8655172505E+05
L1 0.3006993292E+03  0.3006993292E+03  -.4099415982E+12  0.1000000000E+01
L2 0.1000000000E+01  0.1212465170E+03  0.1212465170E+03  0.1212465170E+03
L3 0.1372112611E+07  0.5467875636E+02  -.3511607701E+02  -.3112605288E+03
L4 -.9723261649E+02  0.1153728911E+05  0.1137056152E+05  0.1135217090E+05
L5 0.3426002152E+05  0.1099732491E+05  0.1171734015E+05  0.1442593396E+05
L6 0.3714059901E+05  -.4099415982E+06  0.3874433508E+05  -.5518796306E+06
L7 0.0000000000E+00  0.4850499427E+04  0.1314992806E+05  0.2053777244E+05
L8 0.5874288538E+04  0.5878120882E+05  0.0000000000E+00  0.0000000000E+00
L9 0.0000000000E+00  0.0000000000E+00  0.0000000000E+00  0.1041460266E+01  0.0000000000E+00
L0    53000  0.2160000000E+03  -.3234117562E+06  0.8655086830E+05
L1 0.3006963527E+03  0.3006963527E+03  -.4099626245E+12  0.1000000000E+01
L2 0.1000000000E+01  0.1211858558E+03  0.1211858558E+03  0.1211858558E+03
L3 0.1370047194E+07  0.5398723469E+02  -.2202737679E+03  0.4618254320E+02
L4 -.4003466334E+02  0.1135465729E+05  0.1142778058E+05  0.1117554745E+05
L5 0.3395798533E+05  0.1082232454E+05  0.1359975592E+05  0.1072017164E+05
L6 0.3514225210E+05  -.4099626245E+06  0.3877634858E+05  -.5516821819E+06
L7 0.0000000000E+00  0.4758629645E+04  0.1322186443E+05  0.2057189740E+05
L8 0.5801440047E+04  0.5858937733E+05  0.0000000000E+00  0.0000000000E+00
L9 0.0000000000E+00  0.0000000000E+00  0.0000000000E+00  0.1043030321E+01  0.0000000000E+00
L0    54000  0.2180000000E+03  -.3227217188E+06  0.8679588471E+05
L1 0.3015475925E+03  0.3015475925E+03  -.4095176035E+12  0.1000000000E+01
L2 0.1000000000E+01  0.1212329729E+03  0.1212329729E+03  0.1212329729E+03
L3 0.1371640059E+07  0.6383367061E+02  0.1075422121E+03  -.1497507823E+03
L4 0.7208366806E+01  0.1143624883E+05  0.1146132795E+05  0.1136780557E+05
L5 0.3426538235E+05  0.1080609504E+05  0.1039969178E+05  0.1284611668E+05
L6 0.3405190349E+05  -.4095176035E+06  0.3904621669E+05  -.5517642020E+06
L7 0.0000000000E+00  0.4797366111E+04  0.1320413207E+05  0.2055378166E+05
L8 0.5870850117E+04  0.5877425190E+05  0.0000000000E+00  0.0000000000E+00
L9 0.0000000000E+00  0.0000000000E+00  0.0000000000E+00  0.1041819065E+01  0.0000000000E+00
L0    55000  0.2200000000E+03  -.3232360597E+06  0.8630036892E+05
L1 0.2998260639E+03  0.2998260639E+03  -.4095364286E+12  0.1000000000E+01
L2 0.1000000000E+01  0.1212317423E+03  0.1212317423E+03  0.1212317423E+03
L3 0.1371604323E+07  -.1412200673E+02  -.2270996250E+02  -.8948863692E+02
L4 -.4210686872E+02  0.1122987649E+05  0.1125052161E+05  0.1136472707E+05
L5 0.3384512517E+05  0.1136928261E+05  0.1147470418E+05  0.1224811877E+05
L6 0.3509210557E+05  -.4095364286E+06  0.3872749947E+05  -.5512201206E+06
L7 0.0000000000E+00  0.4790559702E+04  0.1307673546E+05  0.2052277794E+05
L8 0.5813047111E+04  0.5875307227E+05  0.0000000000E+00  0.0000000000E+00
L9 0.0000000000E+00  0.0000000000E+00  0.0000000000E+00  0.1041846209E+01  0.0000000000E+00
L0    56000  0.2220000000E+03  -.3228703830E+06  0.8647795336E+05
L1 0.3004430305E+03  0.3004430305E+03  -.4093483364E+12  0.1000000000E+01
L2 0.1000000000E+01  0.1212785478E+03  0.1212785478E+03  0.1212785478E+03
L3 0.1373186752E+07  0.1556716430E+03  -.6522457987E+02  -.4913814523E+02
L4 0.1376963930E+02  0.1142149604E+05  0.1141776625E+05  0.1117137203E+05
L5 0.3401063433E+05  0.9883002444E+04  0.1206237690E+05  0.1165700140E+05
L6 0.3360238075E+05  -.4093483364E+06  0.3880071255E+05  -.5510328729E+06
L7 0.0000000000E+00  0.4779789686E+04  0.1305084507E+05  0.2053283838E+05
L8 0.5842266163E+04  0.5867808467E+05  0.0000000000E+00  0.0000000000E+00
L9 0.0000000000E+00  0.0000000000E+00  0.0000000000E+00  0.1040645609E+01  0.0000000000E+00
L0    57000  0.2240000000E+03  -.3231579935E+06  0.8632504285E+05
L1 0.2999117864E+03  0.2999117864E+03  -.4094830363E+12  0.1000000000E+01
L2 0.1000000000E+01  0.1212528721E+03  0.1212528721E+03  0.1212528721E+03
L3 0.1372315896E+07  0.2619170042E+03  0.7793480038E+02  -.3256135785E+03
L4 0.4746075339E+01  0.1141372330E+05  0.1137357302E+05  0.1149366431E+05
L5 0.3428096063E+05  0.8826854705E+04  0.1060383648E+05  0.1470964314E+05
L6 0.3414033433E+05  -.4094830363E+06  0.3861569471E+05  -.5511771246E+06
L7 0.0000000000E+00  0.4807073900E+04  0.1318834394E+05  0.2048419912E+05
L8 0.5842320673E+04  0.5875645596E+05  0.0000000000E+00  0.0000000000E+00
L9 0.0000000000E+00  0.0000000000E+00  0.0000000000E+00  0.1041305991E+01  0.0000000000E+00
L0    58000  0.2260000000E+03  -.3230531337E+06  0.8677715059E+05
L1 0.3014825061E+03  0.3014825061E+03  -.4098302843E+12  0.1000000000E+01
L2 0.1000000000E+01  0.1212715246E+03  0.1212715246E+03  0.1212715246E+03
L3 0.1372954156E+07  0.1696479557E+03  -.1321155989E+03  -.1420005457E+03
L4 -.3482272960E+02  0.1141437721E+05  0.1134097144E+05  0.1151997575E+05
L5 0.3427532440E+05  0.9738040539E+04  0.1264644089E+05  0.1292312099E+05
L6 0.3530760242E+05  -.4098302843E+06  0.3850998681E+05  -.5513675990E+06
L7 0.0000000000E+00  0.4783252495E+04  0.1313537818E+05  0.2051038366E+05
L8 0.5879506107E+04  0.5871880751E+05  0.0000000000E+00  0.0000000000E+00
L9 0.0000000000E+00  0.0000000000E+00  0.0000000000E+00  0.1040821908E+01  0.0000000000E+00
L0    59000  0.2280000000E+03  -.3236884115E+06  0.8604894358E+05
L1 0.2989525581E+03  0.2989525581E+03  -.4097373550E+12  0.1000000000E+01
L2 0.1000000000E+01  0.1212708901E+03  0.1212708901E+03  0.1212708901E+03
L3 0.1372929107E+07  0.1621615876E+01  -.2519699384E+03  0.2315333453E+03
L4 -.6271659087E+01  0.1135652118E+05  0.1134294284E+05  0.1124440529E+05
L5 0.3394386931E+05  0.1134049785E+05  0.1383267955E+05  0.8956604321E+04
L6 0.3412978172E+05  -.4097373550E+06  0.3915887430E+05  -.5519865067E+06
L7 0.0000000000E+00  0.4735361020E+04  0.1317244662E+05  0.2056582986E+05
L8 0.5842613615E+04  0.5877402621E+05  0.0000000000E+00  0.0000000000E+00
L9 0.0000000000E+00  0.0000000000E+00  0.0000000000E+00  0.1040840897E+01  0.0000000000E+00
L0    60000  0.2300000000E+03  -.3240558931E+06  0.8614151090E+05
L1 0.2992741569E+03  0.2992741569E+03  -.4101974040E+12  0.1000000000E+01
L2 0.1000000000E+01  0.1212253742E+03  0.1212253742E+03  0.1212253742E+03
L3 0.1371383501E+07  -.3541597226E+02  0.3818645734E+02  -.1405399422E+02
L4 -.3761169716E+01  0.1137250836E+05  0.1126536318E+05  0.1131544836E+05
L5 0.3395331990E+05  0.1172206268E+05  0.1088846428E+05  0.1145416076E+05
L6 0.3406468771E+05  -.4101974040E+06  0.3862024872E+05  -.5516427147E+06
L7 0.0000000000E+00  0.4820321790E+04  0.1304373896E+05  0.2047722312E+05
L8 0.5777468794E+04  0.5870630936E+05  0.0000000000E+00  0.0000000000E+00
L9 0.0000000000E+00  0.0000000000E+00  0.0000000000E+00  0.1042013968E+01  0.0000000000E+00
L0    61000  0.2320000000E+03  -.3228916779E+06  0.8634609088E+05
L1 0.2999849118E+03  0.2999849118E+03  -.4092377688E+12  0.1000000000E+01
L2 0.1000000000E+01  0.1212251483E+03  0.1212251483E+03  0.1212251483E+03
L3 0.1371365102E+07  0.8763280644E+02  0.3265011630E+03  -.1621857111E+03
L4 0.8398275275E+02  0.1128926129E+05  0.1139276667E+05  0.1128415753E+05
L5 0.3396618549E+05  0.1042434038E+05  0.8170255689E+04  0.1288490294E+05
L6 0.3147949901E+05  -.4092377688E+06  0.3901737794E+05  -.5514401890E+06
L7 0.0000000000E+00  0.4789462380E+04  0.1322670710E+05  0.2061640929E+05
L8 0.5778437714E+04  0.5877402575E+05  0.0000000000E+00  0.0000000000E+00
L9 0.0000000000E+00  0.0000000000E+00  0.0000000000E+00  0.1042027949E+01  0.0000000000E+00
L0    62000  0.2340000000E+03  -.3239805927E+06  0.8608415293E+05
L1 0.2990748830E+03  0.2990748830E+03  -.4100647456E+12  0.1000000000E+01
L2 0.1000000000E+01  0.1212376063E+03  0.1212376063E+03  0.1212376063E+03
L3 0.1371784949E+07  0.2008813702E+03  -.1752361553E+03  0.2996256176E+03
L4 0.1084236108E+03  0.1122347953E+05  0.1141840246E+05  0.1131630477E+05
L5 0.3395818676E+05  0.9240207549E+04  0.1314848303E+05  0.8358145480E+04
L6 0.3074683606E+05  -.4100647456E+06  0.3873337764E+05  -.5518702603E+06
L7 0.0000000000E+00  0.4702148234E+04  0.1324642907E+05  0.2054148302E+05
L8 0.5847290240E+04  0.5873478653E+05  0.0000000000E+00  0.0000000000E+00
L9 0.0000000000E+00  0.0000000000E+00  0.0000000000E+00  0.1041709026E+01  0.0000000000E+00
L0    63000  0.2360000000E+03  -.3239951803E+06  0.8609103530E+05
L1 0.2990987938E+03  0.2990987938E+03  -.4100862156E+12  0.1000000000E+01
L2 0.1000000000E+01  0.1212670705E+03  0.1212670705E+03  0.1212670705E+03
L3 0.1372792320E+07  0.1752306960E+03  0.1401075692E+03  -.1610679471E+03
L4 0.5142343939E+02  0.1132143735E+05  0.1140005322E+05  0.1123674787E+05
L5 0.3395823845E+05  0.9590140230E+04  0.1001577617E+05  0.1282811559E+05
L6 0.3243403199E+05  -.4100862156E+06  0.3928419949E+05  -.5524098555E+06
L7 0.0000000000E+00  0.4667095180E+04  0.1308345956E+05  0.2057727136E+05
L8 0.5842801028E+04  0.5886881329E+05  0.0000000000E+00  0.0000000000E+00
L9 0.0000000000E+00  0.0000000000E+00  0.0000000000E+00  0.1040944609E+01  0.0000000000E+00
L0    64000  0.2380000000E+03  -.3233016946E+06  0.8656676454E+05
L1 0.3007515797E+03  0.3007515797E+03  -.4098684591E+12  0.1000000000E+01
L2 0.1000000000E+01  0.1212255591E+03  0.1212255591E+03  0.1212255591E+03
L3 0.1371401562E+07  -.1159890222E+03  -.2136689123E+03  0.2936158097E+02
L4 -.1000987845E+03  0.1147809525E+05  0.1146217069E+05  0.1136909717E+05
L5 0.3430936310E+05  0.1262291762E+05  0.1357110261E+05  0.1107929565E+05
L6 0.3727331587E+05  -.4098684591E+06  0.3901527978E+05  -.5520406349E+06
L7 0.0000000000E+00  0.4722573402E+04  0.1319927578E+05  0.2053428296E+05
L8 0.5850097177E+04  0.5885066671E+05  0.0000000000E+00  0.0000000000E+00
L9 0.0000000000E+00  0.0000000000E+00  0.0000000000E+00  0.1042000245E+01  0.0000000000E+00
L0    65000  0.2400000000E+03  -.3233709535E+06  0.8614285920E+05
L1 0.2992788412E+03  0.2992788412E+03  -.4095138127E+12  0.1000000000E+01
L2 0.1000000000E+01  0.1212780382E+03  0.1212780382E+03  0.1212780382E+03
L3 0.1373182309E+07  0.8988486556E+02  -.2999304830E+03  -.6374332635E+02
L4 -.9126298128E+02  0.1137903085E+05  0.1145124819E+05  0.1139948834E+05
L5 0.3422976738E+05  0.1049070694E+05  0.1441543374E+05  0.1202945781E+05
L6 0.3693559849E+05  -.4095138127E+06  0.3877513425E+05  -.5514147047E+06
L7 0.0000000000E+00  0.4885175180E+04  0.1305184984E+05  0.2055877751E+05
L8 0.5864207159E+04  0.5876574810E+05  0.0000000000E+00  0.0000000000E+00
L9 0.0000000000E+00  0.0000000000E+00  0.0000000000E+00  0.1040648976E+01  0.0000000000E+00
L0    66000  0.2420000000E+03  -.3237765363E+06  0.8602677519E+05
L1 0.2988755404E+03  0.2988755404E+03  -.4098033115E+12  0.1000000000E+01
L2 0.1000000000E+01  0.1213087452E+03  0.1213087452E+03  0.1213087452E+03
L3 0.1374207486E+07  0.2566199895E+03  -.1099110156E+03  0.2336162307E+02
L4 0.5669019898E+02  0.1127616833E+05  0.1137223037E+05  0.1123455557E+05
L5 0.3388295427E+05  0.8738123005E+04  0.1245928185E+05  0.1100350242E+05
L6 0.3220090727E+05  -.4098033115E+06  0.3883727998E+05  -.5519140942E+06
L7 0.0000000000E+00  0.4771705968E+04  0.1314826072E+05  0.2063350089E+05
L8 0.5836947939E+04  0.5888308714E+05  0.0000000000E+00  0.0000000000E+00
L9 0.0000000000E+00  0.0000000000E+00  0.0000000000E+00  0.1039872639E+01  0.0000000000E+00
L0    67000  0.2440000000E+03  -.3238359065E+06  0.8628497874E+05
L1 0.2997725951E+03  0.2997725951E+03  -.4101208852E+12  0.1000000000E+01
L2 0.1000000000E+01  0.1211740050E+03  0.1211740050E+03  0.1211740050E+03
L3 0.1369649243E+07  -.3380693219E+03  0.1527583069E+03  -.3155996835E+02
L4 -.7229032780E+02  0.1124108586E+05  0.1136910686E+05  0.1126777446E+05
L5 0.3387796718E+05  0.1457359772E+05  0.9863294775E+04  0.1157887625E+05
L6 0.3601576875E+05  -.4101208852E+06  0.3854561436E+05  -.5516828529E+06
L7 0.0000000000E+00  0.4839372875E+04  0.1313097911E+05  0.2045116727E+05
L8 0.5828840065E+04  0.5876599402E+05  0.0000000000E+00  0.0000000000E+00
L9 0.0000000000E+00  0.0000000000E+00  0.0000000000E+00  0.1043333372E+01  0.0000000000E+00
L0    68000  0.2460000000E+03  -.3231675662E+06  0.8608365906E+05
L1 0.2990731672E+03  0.2990731672E+03  -.4092512253E+12  0.1000000000E+01
L2 0.1000000000E+01  0.1212066020E+03  0.1212066020E+03  0.1212066020E+03
L3 0.1370744388E+07  -.4447080504E+02  0.2354346474E+03  -.1501843378E+03
L4 0.1359316819E+02  0.1133033191E+05  0.1136420619E+05  0.1133609823E+05
L5 0.3403063633E+05  0.1176905254E+05  0.9041558000E+04  0.1281772119E+05
L6 0.3362833173E+05  -.4092512253E+06  0.3883871637E+05  -.5514197653E+06
L7 0.0000000000E+00  0.4773631152E+04  0.1314365373E+05  0.2060464614E+05
L8 0.5890437067E+04  0.5891745561E+05  0.0000000000E+00  0.0000000000E+00
L9 0.0000000000E+00  0.0000000000E+00  0.0000000000E+00  0.1042499810E+01  0.0000000000E+00
L0    69000  0.2480000000E+03  -.3234204906E+06  0.8630785859E+05
L1 0.2998520846E+03  0.2998520846E+03  -.4097283492E+12  0.1000000000E+01
L2 0.1000000000E+01  0.1212102223E+03  0.1212102223E+03  0.1212102223E+03
L3 0.1370892138E+07  -.2714710903E+03  -.2333049184E+03  -.6581849600E+02
L4 -.1901981683E+03  0.1133007886E+05  0.1129065317E+05  0.1132529984E+05
L5 0.3394603187E+05  0.1400852830E+05  0.1359253890E+05  0.1197469317E+05
L6 0.3957576037E+05  -.4097283492E+06  0.3805131966E+05  -.5507785680E+06
L7 0.0000000000E+00  0.4811724252E+04  0.1304392425E+05  0.2055378396E+05
L8 0.5852743980E+04  0.5873672263E+05  0.0000000000E+00  0.0000000000E+00
L9 0.0000000000E+00  0.0000000000E+00  0.0000000000E+00  0.1042387453E+01  0.0000000000E+00
L0    70000  0.2500000000E+03  -.3237871089E+06  0.8613695402E+05
L1 0.2992583254E+03  0.2992583254E+03  -.4099240629E+12  0.1000000000E+01
L2 0.1000000000E+01  0.1211787913E+03  0.1211787913E+03  0.1211787913E+03
L3 0.1369802067E+07  0.1339558484E+03  -.1093581748E+03  -.8624907342E+01
L4 0.5324255395E+01  0.1136184198E+05  0.1133319671E+05  0.1125294619E+05
L5 0.3394798488E+05  0.1004122744E+05  0.1241131311E+05  0.1133797553E+05
L6 0.3379051608E+05  -.4099240629E+06  0.3836434485E+05  -.5514527636E+06
L7 0.0000000000E+00  0.4802054998E+04  0.1316648145E+05  0.2058237995E+05
L8 0.5840158488E+04  0.5877328095E+05  0.0000000000E+00  0.0000000000E+00
L9 0.0000000000E+00  0.0000000000E+00  0.0000000000E+00  0.1043216972E+01  0.0000000000E+00
L0    71000  0.2520000000E+03  -.3236237912E+06  0.8612257537E+05
L1 0.2992083708E+03  0.2992083708E+03  -.4097463666E+12  0.1000000000E+01
L2 0.1000000000E+01  0.1211717014E+03  0.1211717014E+03  0.1211717014E+03
L3 0.1369554524E+07  -.4367564825E+02  0.1533808568E+03  0.8122760658E+02
L4 0.6364427172E+02  0.1125113987E+05  0.1131167412E+05  0.1135808228E+05
L5 0.3392089627E+05  0.1168164196E+05  0.9799829824E+04  0.1055743808E+05
L6 0.3203890986E+05  -.4097463666E+06  0.3866592233E+05  -.5514895558E+06
L7 0.0000000000E+00  0.4692699180E+04  0.1325587727E+05  0.2052495894E+05
L8 0.5815387696E+04  0.5878834373E+05  0.0000000000E+00  0.0000000000E+00
L9 0.0000000000E+00  0.0000000000E+00  0.0000000000E+00  0.1043405530E+01  0.0000000000E+00
L0    72000  0.2540000000E+03  -.3236615530E+06  0.8646774199E+05
L1 0.3004075540E+03  0.3004075540E+03  -.4101292950E+12  0.1000000000E+01
L2 0.1000000000E+01  0.1212221051E+03  0.1212221051E+03  0.1212221051E+03
L3 0.1371266922E+07  0.1069687147E+03  -.3973908888E+02  0.5967991318E+02
L4 0.4230317966E+02  0.1136511834E+05  0.1127778188E+05  0.1143689251E+05
L5 0.3407979272E+05  0.1030943089E+05  0.1166997185E+05  0.1084790408E+05
L6 0.3282730682E+05  -.4101292950E+06  0.3880876146E+05  -.5520300205E+06
L7 0.0000000000E+00  0.4776335377E+04  0.1316531642E+05  0.2055014472E+05
L8 0.5843231339E+04  0.5875693620E+05  0.0000000000E+00  0.0000000000E+00
L9 0.0000000000E+00  0.0000000000E+00  0.0000000000E+00  0.1042102556E+01  0.0000000000E+00
L0    73000  0.2560000000E+03  -.3242145222E+06  0.8622660415E+05
L1 0.2995697892E+03  0.2995697892E+03  -.4104411264E+12  0.1000000000E+01
L2 0.1000000000E+01  0.1212074483E+03  0.1212074483E+03  0.1212074483E+03
L3 0.1370776708E+07  -.1669961954E+03  0.6802188057E+01  0.1124019308E+03
L4 -.1593069218E+02  0.1125450598E+05  0.1143667134E+05  0.1126734648E+05
L5 0.3395852380E+05  0.1290202286E+05  0.1136956370E+05  0.1015843452E+05
L6 0.3443002109E+05  -.4104411264E+06  0.3878170192E+05  -.5522152934E+06
L7 0.0000000000E+00  0.4797777797E+04  0.1319853066E+05  0.2056204663E+05
L8 0.5764506188E+04  0.5866960385E+05  0.0000000000E+00  0.0000000000E+00
L9 0.0000000000E+00  0.0000000000E+00  0.0000000000E+00  0.1042475230E+01  0.0000000000E+00
L0    74000  0.2580000000E+03  -.3241945044E+06  0.8628513453E+05
L1 0.2997731364E+03  0.2997731364E+03  -.4104796390E+12  0.1000000000E+01
L2 0.1000000000E+01  0.1212406039E+03  0.1212406039E+03  0.1212406039E+03
L3 0.1371913442E+07  -.1079383465E+03  -.6021089270E+01  -.2162907426E+03
L4 -.1100833928E+03  0.1133931862E+05  0.1125839155E+05  0.1135907483E+05
L5 0.3395678500E+05  0.1240507773E+05  0.1131784244E+05  0.1349468127E+05
L6 0.3721760144E+05  -.4104796390E+06  0.3849905170E+05  -.5519745491E+06
L7 0.0000000000E+00  0.4708419905E+04  0.1305292627E+05  0.2057482490E+05
L8 0.5815677011E+04  0.5884401040E+05  0.0000000000E+00  0.0000000000E+00
L9 0.0000000000E+00  0.0000000000E+00  0.0000000000E+00  0.1041611461E+01  0.0000000000E+00
L0    75000  0.2600000000E+03  -.3241339491E+06  0.8608703107E+05
L1 0.2990848823E+03  0.2990848823E+03  -.4102209801E+12  0.1000000000E+01
L2 0.1000000000E+01  0.1212337493E+03  0.1212337493E+03  0.1212337493E+03
L3 0.1371668072E+07  -.6398487224E+02  -.9682419161E+02  0.1417449417E+03
L4 -.6354707387E+01  0.1149219900E+05  0.1130710439E+05  0.1129040200E+05
L5 0.3408970539E+05  0.1212385834E+05  0.1226295382E+05  0.9891094445E+04
L6 0.3427790661E+05  -.4102209801E+06  0.3916066681E+05  -.5524167535E+06
L7 0.0000000000E+00  0.4804916402E+04  0.1319481543E+05  0.2056386771E+05
L8 0.5807555766E+04  0.5866395120E+05  0.0000000000E+00  0.0000000000E+00
L9 0.0000000000E+00  0.0000000000E+00  0.0000000000E+00  0.1041797788E+01  0.0000000000E+00
L0    76000  0.2620000000E+03  -.3231782424E+06  0.8634614305E+05
L1 0.2999850931E+03  0.2999850931E+03  -.4095243855E+12  0.1000000000E+01
L2 0.1000000000E+01  0.1212212444E+03  0.1212212444E+03  0.1212212444E+03
L3 0.1371238957E+07  -.3404257496E+02  0.6881686498E+02  0.6167411836E+02
L4 0.3214946946E+02  0.1132957211E+05  0.1128368701E+05  0.1152017157E+05
L5 0.3413343069E+05  0.1166553563E+05  0.1060453872E+05  0.1091151450E+05
L6 0.3318158885E+05  -.4095243855E+06  0.3888349026E+05  -.5514992117E+06
L7 0.0000000000E+00  0.4736432702E+04  0.1321260705E+05  0.2052744762E+05
L8 0.5872086897E+04  0.5874276173E+05  0.0000000000E+00  0.0000000000E+00
L9 0.0000000000E+00  0.0000000000E+00  0.0000000000E+00  0.1042123808E+01  0.0000000000E+00
L0    77000  0.2640000000E+03  -.3234423502E+06  0.8646017926E+05
L1 0.3003812794E+03  0.3003812794E+03  -.4099025295E+12  0.1000000000E+01
L2 0.1000000000E+01  0.1212632710E+03  0.1212632710E+03  0.1212632710E+03
L3 0.1372663056E+07  0.5263257420E+02  -.1738484026E+03  0.2811606560E+03
L4 0.5331494254E+02  0.1136177954E+05  0.1119019199E+05  0.1126461441E+05
L5 0.3381658593E+05  0.1084181331E+05  0.1290767018E+05  0.8486980063E+04
L6 0.3223646355E+05  -.4099025295E+06  0.3859131503E+05  -.5515434102E+06
L7 0.0000000000E+00  0.4845211898E+04  0.1319531358E+05  0.2053516292E+05
L8 0.5799260870E+04  0.5867461645E+05  0.0000000000E+00  0.0000000000E+00
L9 0.0000000000E+00  0.0000000000E+00  0.0000000000E+00  0.1041042634E+01  0.0000000000E+00
L0    78000  0.2660000000E+03  -.3231217655E+06  0.8655718805E+05
L1 0.3007183088E+03  0.3007183088E+03  -.4096789535E+12  0.1000000000E+01
L2 0.1000000000E+01  0.1212272693E+03  0.1212272693E+03  0.1212272693E+03
L3 0.1371449689E+07  0.1403678440E+02  -.2721074795E+03  0.2009387393E+03
L4 -.1904398526E+02  0.1147396947E+05  0.1139924442E+05  0.1135375738E+05
L5 0.3422697127E+05  0.1133542025E+05  0.1408506464E+05  0.9370403853E+04
L6 0.3479088874E+05  -.4096789535E+06  0.3846988965E+05  -.5512692990E+06
L7 0.0000000000E+00  0.4848179365E+04  0.1311788746E+05  0.2048168097E+05
L8 0.5798376797E+04  0.5887433125E+05  0.0000000000E+00  0.0000000000E+00
L9 0.0000000000E+00  0.0000000000E+00  0.0000000000E+00  0.1041963679E+01  0.0000000000E+00
L0    79000  0.2680000000E+03  -.3228913611E+06  0.8639302954E+05
L1 0.3001479869E+03  0.3001479869E+03  -.4092843907E+12  0.1000000000E+01
L2 0.1000000000E+01  0.1212580876E+03  0.1212580876E+03  0.1212580876E+03
L3 0.1372475014E+07  -.2220959829E+02  0.1663528275E+03  0.3105033867E+03
L4 0.1515488719E+03  0.1128427622E+05  0.1139692795E+05  0.1136786264E+05
L5 0.3404906681E+05  0.1150365859E+05  0.9753724972E+04  0.8300766653E+04
L6 0.2955815021E+05  -.4092843907E+06  0.3920256629E+05  -.5516868825E+06
L7 0.0000000000E+00  0.4798330391E+04  0.1315432534E+05  0.2062426131E+05
L8 0.5846775618E+04  0.5877623289E+05  0.0000000000E+00  0.0000000000E+00
L9 0.0000000000E+00  0.0000000000E+00  0.0000000000E+00  0.1041185267E+01  0.0000000000E+00
L0    80000  0.2700000000E+03  -.3232271579E+06  0.8652769756E+05
L1 0.3006158525E+03  0.3006158525E+03  -.4097548555E+12  0.1000000000E+01
L2 0.1000000000E+01  0.1212383158E+03  0.1212383158E+03  0.1212383158E+03
L3 0.1371805764E+07  0.1101823128E+02  0.4737295903E+03  -.7930151911E+02
L4 0.1351487675E+03  0.1137659742E+05  0.1142451814E+05  0.1133541256E+05
L5 0.3413652812E+05  0.1126781440E+05  0.6747385183E+04  0.1211835658E+05
L6 0.3013355617E+05  -.4097548555E+06  0.3841416911E+05  -.5511953254E+06
L7 0.0000000000E+00  0.4812787586E+04  0.1318468640E+05  0.2051016084E+05
L8 0.5764014591E+04  0.5875465139E+05  0.0000000000E+00  0.0000000000E+00
L9 0.0000000000E+00  0.0000000000E+00  0.0000000000E+00  0.1041693221E+01  0.0000000000E+00
L0    81000  0.2720000000E+03  -.3228021711E+06  0.8664665545E+05
L1 0.3010291379E+03  0.3010291379E+03  -.4094488265E+12  0.1000000000E+01
L2 0.1000000000E+01  0.1212711872E+03  0.1212711872E+03  0.1212711872E+03
L3 0.1372925280E+07  0.3480983665E+02  0.8918852761E+02  0.1981375965E+03
L4 0.1073786536E+03  0.1131320809E+05  0.1144400315E+05  0.1134852732E+05
L5 0.3410573857E+05  0.1096925005E+05  0.1056272607E+05  0.9390718091E+04
L6 0.3092269421E+05  -.4094488265E+06  0.3918255930E+05  -.5519666904E+06
L7 0.0000000000E+00  0.4865983683E+04  0.1332445976E+05  0.2051620246E+05
L8 0.5804981521E+04  0.5882367712E+05  0.0000000000E+00  0.0000000000E+00
L9 0.0000000000E+00  0.0000000000E+00  0.0000000000E+00  0.1040843799E+01  0.0000000000E+00
L0    82000  0.2740000000E+03  -.3234991197E+06  0.8612317942E+05
L1 0.2992104694E+03  0.2992104694E+03  -.4096222991E+12  0.1000000000E+01
L2 0.1000000000E+01  0.1212363105E+03  0.1212363105E+03  0.1212363105E+03
L3 0.1371750755E+07  0.2116736762E+03  0.6958209414E+02  -.1960100467E+03
L4 0.2841524122E+02  0.1136010591E+05  0.1131077587E+05  0.1123998115E+05
L5 0.3391086293E+05  0.9270335184E+04  0.1062381930E+05  0.1317511104E+05
L6 0.3306926552E+05  -.4096222991E+06  0.3828450294E+05  -.5510321660E+06
L7 0.0000000000E+00  0.4848513071E+04  0.1326957939E+05  0.2053378725E+05
L8 0.5761536030E+04  0.5871194826E+05  0.0000000000E+00  0.0000000000E+00
L9 0.0000000000E+00  0.0000000000E+00  0.0000000000E+00  0.1041734993E+01  0.0000000000E+00
L0    83000  0.2760000000E+03  -.3239498495E+06  0.8609530399E+05
L1 0.2991136242E+03  0.2991136242E+03  -.4100451535E+12  0.1000000000E+01
L2 0.1000000000E+01  0.1212434223E+03  0.1212434223E+03  0.1212434223E+03
L3 0.1372004270E+07  -.6104612150E+02  0.4793585779E+02  -.1982280907E+03
L4 -.7044611814E+02  0.1140286520E+05  0.1131254627E+05  0.1125810775E+05
L5 0.3397351922E+05  0.1200566087E+05  0.1083920699E+05  0.1321549719E+05
L6 0.3606036505E+05  -.4100451535E+06  0.3871309737E+05  -.5518710384E+06
L7 0.0000000000E+00  0.4747439307E+04  0.1306525979E+05  0.2051987136E+05
L8 0.5799445922E+04  0.5898077123E+05  0.0000000000E+00  0.0000000000E+00
L9 0.0000000000E+00  0.0000000000E+00  0.0000000000E+00  0.1041542505E+01  0.0000000000E+00
L0    84000  0.2780000000E+03  -.3228412884E+06  0.8630461360E+05
L1 0.2998408108E+03  0.2998408108E+03  -.4091459020E+12  0.1000000000E+01
L2 0.1000000000E+01  0.1212205191E+03  0.1212205191E+03  0.1212205191E+03
L3 0.1371219193E+07  0.7266961240E+02  -.4697539137E+02  -.4824458239E+02
L4 -.7516787123E+01  0.1117782531E+05  0.1129752918E+05  0.1148195758E+05
L5 0.3395731207E+05  0.1046066490E+05  0.1176111898E+05  0.1195807274E+05
L6 0.3417985662E+05  -.4091459020E+06  0.3890842907E+05  -.5511685367E+06
L7 0.0000000000E+00  0.4808712717E+04  0.1314947954E+05  0.2055961491E+05
L8 0.5844380593E+04  0.5875201784E+05  0.0000000000E+00  0.0000000000E+00
L9 0.0000000000E+00  0.0000000000E+00  0.0000000000E+00  0.1042138829E+01  0.0000000000E+00
L0    85000  0.2800000000E+03  -.3231015264E+06  0.8663973709E+05
L1 0.3010051020E+03  0.3010051020E+03  -.4097412635E+12  0.1000000000E+01
L2 0.1000000000E+01  0.1212670062E+03  0.1212670062E+03  0.1212670062E+03
L3 0.1372808740E+07  0.3389188170E+03  -.2518290067E+03  -.3885979541E+03
L4 -.1005027146E+03  0.1144412594E+05  0.1142334264E+05  0.1137850700E+05
L5 0.3424597558E+05  0.8095533463E+04  0.1391146863E+05  0.1521794028E+05
L6 0.3722494238E+05  -.4097412635E+06  0.3909536635E+05  -.5518692720E+06
L7 0.0000000000E+00  0.4713945733E+04  0.1319914944E+05  0.2053482854E+05
L8 0.5804002197E+04  0.5878071622E+05  0.0000000000E+00  0.0000000000E+00
L9 0.0000000000E+00  0.0000000000E+00  0.0000000000E+00  0.1040932158E+01  0.0000000000E+00
L0    86000  0.2820000000E+03  -.3236766247E+06  0.8626937842E+05
L1 0.2997183962E+03  0.2997183962E+03  -.4099460031E+12  0.1000000000E+01
L2 0.1000000000E+01  0.1212848032E+03  0.1212848032E+03  0.1212848032E+03
L3 0.1373414085E+07  -.3922880841E+02  -.2209299284E+03  -.6191658327E+02
L4 -.1073584400E+03  0.1138047859E+05  0.1123681641E+05  0.1129057427E+05
L5 0.3390786928E+05  0.1176823876E+05  0.1342061524E+05  0.1190259349E+05
L6 0.3709144749E+05  -.4099460031E+06  0.3901524927E+05  -.5519369940E+06
L7 0.0000000000E+00  0.4717410873E+04  0.1319389506E+05  0.2058295365E+05
L8 0.5797426985E+04  0.5868405509E+05  0.0000000000E+00  0.0000000000E+00
L9 0.0000000000E+00  0.0000000000E+00  0.0000000000E+00  0.1040473357E+01  0.0000000000E+00
L0    87000  0.2840000000E+03  -.3228871014E+06  0.8663732254E+05
L1 0.3009967133E+03  0.3009967133E+03  -.4095244239E+12  0.1000000000E+01
L2 0.1000000000E+01  0.1212153963E+03  0.1212153963E+03  0.1212153963E+03
L3 0.1371036923E+07  0.1781455105E+03  0.1491455184E+03  -.1428988619E+03
L4 0.6146405568E+02  0.1150253339E+05  0.1141272954E+05  0.1145748817E+05
L5 0.3437275110E+05  0.9744688249E+04  0.9941040898E+04  0.1286753813E+05
L6 0.3255326728E+05  -.4095244239E+06  0.3891161680E+05  -.5515691032E+06
L7 0.0000000000E+00  0.4923475366E+04  0.1321349359E+05  0.2047207196E+05
L8 0.5809371602E+04  0.5871464997E+05  0.0000000000E+00  0.0000000000E+00
L9 0.0000000000E+00  0.0000000000E+00  0.0000000000E+00  0.1042277374E+01  0.0000000000E+00
L0    88000  0.2860000000E+03  -.3230240045E+06  0.8663110588E+05
L1 0.3009751153E+03  0.3009751153E+03  -.4096551103E+12  0.1000000000E+01
L2 0.1000000000E+01  0.1212441516E+03  0.1212441516E+03  0.1212441516E+03
L3 0.1372005646E+07  0.2763946919E+03  -.9484607819E+01  0.9490790257E+02
L4 0.1206059956E+03  0.1141567433E+05  0.1129845255E+05  0.1156333123E+05
L5 0.3427745810E+05  0.8686431505E+04  0.1139210774E+05  0.1062616883E+05
L6 0.3070470807E+05  -.4096551103E+06  0.3840588781E+05  -.5512853162E+06
L7 0.0000000000E+00  0.4868398831E+04  0.1307683912E+05  0.2053940822E+05
L8 0.5899807239E+04  0.5883986460E+05  0.0000000000E+00  0.0000000000E+00
L9 0.0000000000E+00  0.0000000000E+00  0.0000000000E+00  0.1041541460E+01  0.0000000000E+00
L0    89000  0.2880000000E+03  -.3231922754E+06  0.8642820108E+05
L1 0.3002701804E+03  0.3002701804E+03  -.4096204764E+12  0.1000000000E+01
L2 0.1000000000E+01  0.1212425906E+03  0.1212425906E+03  0.1212425906E+03
L3 0.1371974884E+07  -.2396123967E+02  -.3081431896E+03  0.1489992866E+03
L4 -.6103504755E+02  0.1137271886E+05  0.1135027215E+05  0.1135683138E+05
L5 0.3407982239E+05  0.1160931738E+05  0.1439294539E+05  0.9885579840E+04
L6 0.3588784261E+05  -.4096204764E+06  0.3864171629E+05  -.5514101501E+06
L7 0.0000000000E+00  0.4786317303E+04  0.1326283099E+05  0.2044776256E+05
L8 0.5838224013E+04  0.5881282246E+05  0.0000000000E+00  0.0000000000E+00
L9 0.0000000000E+00  0.0000000000E+00  0.0000000000E+00  0.1041564813E+01  0.0000000000E+00
L0    90000  0.2900000000E+03  -.3236238420E+06  0.8645380323E+05
L1 0.3003591277E+03  0.3003591277E+03  -.4100776452E+12  0.1000000000E+01
L2 0.1000000000E+01  0.1212239759E+03  0.1212239759E+03  0.1212239759E+03
L3 0.1371339005E+07  -.1765472867E+03  -.2380140575E+03  0.3307251361E+03
L4 -.2794540268E+02  0.1145942265E+05  0.1131010832E+05  0.1127895356E+05
L5 0.3404848454E+05  0.1320188121E+05  0.1365922191E+05  0.8014814801E+04
L6 0.3487591791E+05  -.4100776452E+06  0.3878005459E+05  -.5519112062E+06
L7 0.0000000000E+00  0.4766611761E+04  0.1316082278E+05  0.2055460037E+05
L8 0.5850425788E+04  0.5872104569E+05  0.0000000000E+00  0.0000000000E+00
L9 0.0000000000E+00  0.0000000000E+00  0.0000000000E+00  0.1042047778E+01  0.0000000000E+00
L0    91000  0.2920000000E+03  -.3228563160E+06  0.8659313597E+05
L1 0.3008431997E+03  0.3008431997E+03  -.4094494519E+12  0.1000000000E+01
L2 0.1000000000E+01  0.1212251483E+03  0.1212251483E+03  0.1212251483E+03
L3 0.1371362666E+07  0.1821070398E+03  -.1136119217E+03  0.2431965671E+03
L4 0.1038972284E+03  0.1150792921E+05  0.1132708718E+05  0.1142494065E+05
L5 0.3425995704E+05  0.9710566875E+04  0.1244841555E+05  0.9024636130E+04
L6 0.3118361855E+05  -.4094494519E+06  0.3901596590E+05  -.5516992645E+06
L7 0.0000000000E+00  0.4767185976E+04  0.1320971122E+05  0.2061642963E+05
L8 0.5803552334E+04  0.5883696755E+05  0.0000000000E+00  0.0000000000E+00
L9 0.0000000000E+00  0.0000000000E+00  0.0000000000E+00  0.1042029800E+01  0.0000000000E+00
L0    92000  0.2940000000E+03  -.3232302155E+06  0.8625837123E+05
L1 0.2996801549E+03  0.2996801549E+03  -.4094885868E+12  0.1000000000E+01
L2 0.1000000000E+01  0.1212492177E+03  0.1212492177E+03  0.1212492177E+03
L3 0.1372185637E+07  0.5807469842E+02  -.3310408424E+02  0.1407802020E+03
L4 0.5525027205E+02  0.1132386042E+05  0.1137717460E+05  0.1150432395E+05
L5 0.3420535897E+05  0.1075033006E+05  0.1170410178E+05  0.1011401591E+05
L6 0.3256844775E+05  -.4094885868E+06  0.3890714563E+05  -.5514695669E+06
L7 0.0000000000E+00  0.4751118490E+04  0.1327173881E+05  0.2056503349E+05
L8 0.5804844096E+04  0.5868109966E+05  0.0000000000E+00  0.0000000000E+00
L9 0.0000000000E+00  0.0000000000E+00  0.0000000000E+00  0.1041404840E+01  0.0000000000E+00
L0    93000  0.2960000000E+03  -.3229898502E+06  0.8632786476E+05
L1 0.2999215904E+03  0.2999215904E+03  -.4093177150E+12  0.1000000000E+01
L2 0.1000000000E+01  0.1212815455E+03  0.1212815455E+03  0.1212815455E+03
L3 0.1373285408E+07  0.1424820704E+03  0.2682604210E+03  -.2917627922E+03
L4 0.3965989974E+02  0.1126578103E+05  0.1134249701E+05  0.1142839601E+05
L5 0.3403667406E+05  0.9857538023E+04  0.8691104733E+04  0.1431207752E+05
L6 0.3286072028E+05  -.4093177150E+06  0.3928980789E+05  -.5514712231E+06
L7 0.0000000000E+00  0.4772354252E+04  0.1300254269E+05  0.2050064460E+05
L8 0.5817105183E+04  0.5877105351E+05  0.0000000000E+00  0.0000000000E+00
L9 0.0000000000E+00  0.0000000000E+00  0.0000000000E+00  0.1040570849E+01  0.0000000000E+00
L0    94000  0.2980000000E+03  -.3235046146E+06  0.8619549260E+05
L1 0.2994617010E+03  0.2994617010E+03  -.4097001072E+12  0.1000000000E+01
L2 0.1000000000E+01  0.1212085811E+03  0.1212085811E+03  0.1212085811E+03
L3 0.1370818145E+07  -.1589763016E+02  -.8333714132E+02  -.2223612077E+02
L4 -.4049029741E+02  0.1127679191E+05  0.1133239937E+05  0.1133232185E+05
L5 0.3394151312E+05  0.1143363624E+05  0.1215459473E+05  0.1155170105E+05
L6 0.3513993201E+05  -.4097001072E+06  0.3892534017E+05  -.5517862001E+06
L7 0.0000000000E+00  0.4803349068E+04  0.1318912995E+05  0.2051142370E+05
L8 0.5798743345E+04  0.5885810668E+05  0.0000000000E+00  0.0000000000E+00
L9 0.0000000000E+00  0.0000000000E+00  0.0000000000E+00  0.1042443718E+01  0.0000000000E+00
L0    95000  0.3000000000E+03  -.3238354283E+06  0.8645040627E+05
L1 0.3003473260E+03  0.3003473260E+03  -.4102858345E+12  0.1000000000E+01
L2 0.1000000000E+01  0.1211892881E+03  0.1211892881E+03  0.1211892881E+03
L3 0.1370160802E+07  0.1663435961E+02  0.2774705948E+03  -.3453621779E+03
L4 -.1708574116E+02  0.1127159667E+05  0.1134301965E+05  0.1142160476E+05
L5 0.3403622108E+05  0.1110756255E+05  0.8606837004E+04  0.1482727734E+05
L6 0.3454167690E+05  -.4102858345E+06  0.3881145043E+05  -.5522246543E+06
L7 0.0000000000E+00  0.4792587005E+04  0.1292723811E+05  0.2064469633E+05
L8 0.5830553176E+04  0.5893229468E+05  0.0000000000E+00  0.0000000000E+00
L9 0.0000000000E+00  0.0000000000E+00  0.0000000000E+00  0.1042943837E+01  0.0000000000E+00
L0    96000  0.3020000000E+03  -.3233530532E+06  0.8622493748E+05
L1 0.2995639988E+03  0.2995639988E+03  -.4095779907E+12  0.1000000000E+01
L2 0.1000000000E+01  0.1211750060E+03  0.1211750060E+03  0.1211750060E+03
L3 0.1369684029E+07  0.4956916878E+02  -.9665285342E+02  -.1905121737E+03
L4 -.7919861944E+02  0.1134089050E+05  0.1134782663E+05  0.1124698225E+05
L5 0.3393569938E+05  0.1085225096E+05  0.1230060448E+05  0.1312500005E+05
L6 0.3627785549E+05  -.4095779907E+06  0.3893268929E+05  -.5515540637E+06
L7 0.0000000000E+00  0.4844198235E+04  0.1307059630E+05  0.2056769582E+05
L8 0.5835370657E+04  0.5872552271E+05  0.0000000000E+00  0.0000000000E+00
L9 0.0000000000E+00  0.0000000000E+00  0.0000000000E+00  0.1043306875E+01  0.0000000000E+00
L0    97000  0.3040000000E+03  -.3229909529E+06  0.8648733908E+05
L1 0.3004756385E+03  0.3004756385E+03  -.4094782920E+12  0.1000000000E+01
L2 0.1000000000E+01  0.1212148558E+03  0.1212148558E+03  0.1212148558E+03
L3 0.1371048516E+07  -.1786268373E+03  -.1064877216E+03  -.2647770041E+03
L4 -.1832971877E+03  0.1136602763E+05  0.1146001821E+05  0.1130002873E+05
L5 0.3412607457E+05  0.1312863716E+05  0.1251079129E+05  0.1391272946E+05
L6 0.3955215791E+05  -.4094782920E+06  0.3831119834E+05  -.5508681171E+06
L7 0.0000000000E+00  0.4941654118E+04  0.1307618912E+05  0.2054347795E+05
L8 0.5775697007E+04  0.5874160857E+05  0.0000000000E+00  0.0000000000E+00
L9 0.0000000000E+00  0.0000000000E+00  0.0000000000E+00  0.1042268561E+01  0.0000000000E+00
L0    98000  0.3060000000E+03  -.3235902631E+06  0.8606573068E+05
L1 0.2990108801E+03  0.2990108801E+03  -.4096559938E+12  0.1000000000E+01
L2 0.1000000000E+01  0.1212237607E+03  0.1212237607E+03  0.1212237607E+03
L3 0.1371345487E+07  -.2042222370E+03  -.1422381583E+03  -.7547134149E+02
L4 -.1406439123E+03  0.1138507305E+05  0.1134475441E+05  0.1129263608E+05
L5 0.3402246355E+05  0.1340068299E+05  0.1274860078E+05  0.1203751474E+05
L6 0.3818679851E+05  -.4096559938E+06  0.3813293705E+05  -.5507734621E+06
L7 0.0000000000E+00  0.4788078452E+04  0.1309614429E+05  0.2052988122E+05
L8 0.5790398575E+04  0.5878002868E+05  0.0000000000E+00  0.0000000000E+00
L9 0.0000000000E+00  0.0000000000E+00  0.0000000000E+00  0.1042042853E+01  0.0000000000E+00
L0    99000  0.3080000000E+03  -.3233631040E+06  0.8615950865E+05
L1 0.2993366850E+03  0.2993366850E+03  -.4095226127E+12  0.1000000000E+01
L2 0.1000000000E+01  0.1211941079E+03  0.1211941079E+03  0.1211941079E+03
L3 0.1370319042E+07  0.1761567359E+03  -.2252688990E+03  0.1265862906E+03
L4 0.2582470920E+02  0.1119983998E+05  0.1137494155E+05  0.1124422900E+05
L5 0.3381901053E+05  0.9462529144E+04  0.1359661134E+05  0.9995796845E+04
L6 0.3305493733E+05  -.4095226127E+06  0.3864800133E+05  -.5513593994E+06
L7 0.0000000000E+00  0.4709642264E+04  0.1312575770E+05  0.2059007442E+05
L8 0.5814546869E+04  0.5894876414E+05  0.0000000000E+00  0.0000000000E+00
L9 0.0000000000E+00  0.0000000000E+00  0.0000000000E+00  0.1042823401E+01  0.0000000000E+00
L0   100000  0.3100000000E+03  -.3229849802E+06  0.8698696589E+05
L1 0.3022114496E+03  0.3022114496E+03  -.4099719461E+12  0.1000000000E+01
L2 0.1000000000E+01  0.1212009917E+03  0.1212009917E+03  0.1212009917E+03
L3 0.1370553500E+07  -.1894045873E+03  -.4662300274E+02  0.2903218216E+03
L4 0.1809807720E+02  0.1135661420E+05  0.1133995772E+05  0.1147036118E+05
L5 0.3416693310E+05  0.1322489894E+05  0.1179984650E+05  0.8606629966E+04
L6 0.3363137541E+05  -.4099719461E+06  0.3899105063E+05  -.5521751499E+06
L7 0.0000000000E+00  0.4852395020E+04  0.1329044641E+05  0.2055209836E+05
L8 0.5815151218E+04  0.5870206224E+05  0.0000000000E+00  0.0000000000E+00
L9 0.0000000000E+00  0.0000000000E+00  0.0000000000E+00  0.1042645007E+01  0.0000000000E+00
