L0  Nsteps           time(ps)         Etot             EKinetic        
L1  Temp             T_solute         T_solv           Pres_scal_solu  
L2  Pres_scal_solv   BoxX             BoxY             BoxZ            
L3  volume           pres_X           pres_Y           pres_Z          
L4  Pressure         EKCoM_x          EKCoM_y          EKCoM_z         
L5  EKComTot         VIRIAL_x         VIRIAL_y         VIRIAL_z        
L6  VIRIAL_tot       E_pot            E_vdw            E_el            
L7  E_hbon           E_bon            E_angle          E_dih           
L8  E_14vdw          E_14el           E_const          E_pol           
L9  AV_permMoment    AV_indMoment     AV_totMoment     Density          dV/dlambda      
L0     1000  0.1120000000E+03  -.3515053296E+06  0.9292231251E+05
L1 0.3002065252E+03  0.3002065252E+03  -.4444276421E+12  0.1000000000E+01
L2 0.1000000000E+01  0.1238678776E+03  0.9763279190E+02  0.1227358408E+03
L3 0.1484300970E+07  -.7773496412E+02  0.6758600370E+00  0.3771141319E+03
L4 0.1000183426E+03  0.1237610112E+05  0.1253208961E+05  0.1236451598E+05
L5 0.3727270672E+05  0.1320651568E+05  0.1252486964E+05  0.8335941861E+04
L6 0.3406732719E+05  -.4444276421E+06  0.4451354930E+05  -.5908641709E+06
L7 0.0000000000E+00  0.4713175275E+04  0.1291189837E+05  0.2036741788E+05
L8 0.5773693987E+04  0.5815679395E+05  0.0000000000E+00  0.0000000000E+00
L9 0.0000000000E+00  0.0000000000E+00  0.0000000000E+00  0.1036102197E+01  0.0000000000E+00
L0     2000  0.1140000000E+03  -.3514050233E+06  0.9278755356E+05
L1 0.2997711560E+03  0.2997711560E+03  -.4441925769E+12  0.1000000000E+01
L2 0.1000000000E+01  0.1238521206E+03  0.9762037222E+02  0.1227202278E+03
L3 0.1483759222E+07  0.2496742443E+03  -.1117425150E+03  -.3960755774E+03
L4 -.8604794936E+02  0.1250170528E+05  0.1246610604E+05  0.1244310433E+05
L5 0.3741091565E+05  0.9835498953E+04  0.1365937530E+05  0.1667269243E+05
L6 0.4016756668E+05  -.4441925769E+06  0.4358956954E+05  -.5898623866E+06
L7 0.0000000000E+00  0.4846412096E+04  0.1296526630E+05  0.2028746778E+05
L8 0.5741002387E+04  0.5824009158E+05  0.0000000000E+00  0.0000000000E+00
L9 0.0000000000E+00  0.0000000000E+00  0.0000000000E+00  0.1036480497E+01  0.0000000000E+00
L0     3000  0.1160000000E+03  -.3518078903E+06  0.9262224474E+05
L1 0.2992370885E+03  0.2992370885E+03  -.4444301351E+12  0.1000000000E+01
L2 0.1000000000E+01  0.1238746545E+03  0.9763813344E+02  0.1227425558E+03
L3 0.1484543982E+07  0.2854106769E+03  0.1072102582E+03  -.7847909820E+02
L4 0.1047139457E+03  0.1241396884E+05  0.1261143039E+05  0.1238943239E+05
L5 0.3741483163E+05  0.9364530447E+04  0.1146595440E+05  0.1322793352E+05
L6 0.3405841837E+05  -.4444301351E+06  0.4445732366E+05  -.5909906277E+06
L7 0.0000000000E+00  0.4681790060E+04  0.1313759510E+05  0.2026041890E+05
L8 0.5780720309E+04  0.5824264465E+05  0.0000000000E+00  0.0000000000E+00
L9 0.0000000000E+00  0.0000000000E+00  0.0000000000E+00  0.1035932593E+01  0.0000000000E+00
L0     4000  0.1180000000E+03  -.3523729468E+06  0.9273769326E+05
L1 0.2996100710E+03  0.2996100710E+03  -.4451106400E+12  0.1000000000E+01
L2 0.1000000000E+01  0.1238544884E+03  0.9762223846E+02  0.1227225739E+03
L3 0.1483839884E+07  0.2020813778E+03  -.7725285949E+02  -.2824254364E+03
L4 -.5253230605E+02  0.1247975282E+05  0.1252421062E+05  0.1241206066E+05
L5 0.3741602410E+05  0.1032166102E+05  0.1334921867E+05  0.1542817241E+05
L6 0.3909905210E+05  -.4451106400E+06  0.4446476844E+05  -.5918691995E+06
L7 0.0000000000E+00  0.4851901196E+04  0.1315611256E+05  0.2028280973E+05
L8 0.5802282380E+04  0.5820068521E+05  0.0000000000E+00  0.0000000000E+00
L9 0.0000000000E+00  0.0000000000E+00  0.0000000000E+00  0.1036424154E+01  0.0000000000E+00
L0     5000  0.1200000000E+03  -.3517222176E+06  0.9274609580E+05
L1 0.2996372173E+03  0.2996372173E+03  -.4444683134E+12  0.1000000000E+01
L2 0.1000000000E+01  0.1238568205E+03  0.9762407664E+02  0.1227248847E+03
L3 0.1483939421E+07  -.2835758995E+03  -.4609585062E+02  -.1840885184E+03
L4 -.1712534228E+03  0.1244003311E+05  0.1233071187E+05  0.1236405695E+05
L5 0.3713480194E+05  0.1546863417E+05  0.1282301726E+05  0.1433012911E+05
L6 0.4262178055E+05  -.4444683134E+06  0.4379089274E+05  -.5904374536E+06
L7 0.0000000000E+00  0.4730353407E+04  0.1299456192E+05  0.2035402991E+05
L8 0.5834136690E+04  0.5826516555E+05  0.0000000000E+00  0.0000000000E+00
L9 0.0000000000E+00  0.0000000000E+00  0.0000000000E+00  0.1036354635E+01  0.0000000000E+00
L0     6000  0.1220000000E+03  -.3517429406E+06  0.9292907419E+05
L1 0.3002283703E+03  0.3002283703E+03  -.4446720148E+12  0.1000000000E+01
L2 0.1000000000E+01  0.1238945233E+03  0.9765379407E+02  0.1227622430E+03
L3 0.1485263026E+07  0.3507512813E+03  0.1082343013E+03  -.2487991084E+03
L4 0.7006215806E+02  0.1261600950E+05  0.1234583075E+05  0.1261631923E+05
L5 0.3757815948E+05  0.8866631592E+04  0.1118885337E+05  0.1527587296E+05
L6 0.3533135793E+05  -.4446720148E+06  0.4389199973E+05  -.5907657930E+06
L7 0.0000000000E+00  0.4783837037E+04  0.1302828763E+05  0.2029119531E+05
L8 0.5803609725E+04  0.5829484872E+05  0.0000000000E+00  0.0000000000E+00
L9 0.0000000000E+00  0.0000000000E+00  0.0000000000E+00  0.1035431078E+01  0.0000000000E+00
L0     7000  0.1240000000E+03  -.3522845468E+06  0.9245730537E+05
L1 0.2987042146E+03  0.2987042146E+03  -.4447418522E+12  0.1000000000E+01
L2 0.1000000000E+01  0.1238868582E+03  0.9764775236E+02  0.1227546479E+03
L3 0.1484990622E+07  0.1960518903E+03  0.6077534298E+02  -.1203186617E+03
L4 0.4550285721E+02  0.1237852939E+05  0.1234647620E+05  0.1245199749E+05
L5 0.3717700309E+05  0.1028320473E+05  0.1169693350E+05  0.1373791552E+05
L6 0.3571805374E+05  -.4447418522E+06  0.4449766852E+05  -.5914997277E+06
L7 0.0000000000E+00  0.4776032057E+04  0.1317839192E+05  0.2028942032E+05
L8 0.5789717798E+04  0.5822664492E+05  0.0000000000E+00  0.0000000000E+00
L9 0.0000000000E+00  0.0000000000E+00  0.0000000000E+00  0.1035621016E+01  0.0000000000E+00
L0     8000  0.1260000000E+03  -.3520867910E+06  0.9320916380E+05
L1 0.3011332631E+03  0.3011332631E+03  -.4452959548E+12  0.1000000000E+01
L2 0.1000000000E+01  0.1239055502E+03  0.9766248548E+02  0.1227731691E+03
L3 0.1485664642E+07  -.1320948343E+03  0.7024236525E+02  0.1587354696E+03
L4 0.3229433353E+02  0.1249746002E+05  0.1252002589E+05  0.1249948352E+05
L5 0.3751696943E+05  0.1390987788E+05  0.1176896267E+05  0.1080221190E+05
L6 0.3648105246E+05  -.4452959548E+06  0.4390831484E+05  -.5911307050E+06
L7 0.0000000000E+00  0.4744291074E+04  0.1293352075E+05  0.2021865119E+05
L8 0.5772309150E+04  0.5825766315E+05  0.0000000000E+00  0.0000000000E+00
L9 0.0000000000E+00  0.0000000000E+00  0.0000000000E+00  0.1035151173E+01  0.0000000000E+00
L0     9000  0.1280000000E+03  -.3516196833E+06  0.9288649377E+05
L1 0.3000908047E+03  0.3000908047E+03  -.4445061770E+12  0.1000000000E+01
L2 0.1000000000E+01  0.1238795104E+03  0.9764196083E+02  0.1227473672E+03
L3 0.1484731057E+07  0.8172940058E+02  0.5144940736E+02  -.1018845816E+03
L4 0.1043140877E+02  0.1262936296E+05  0.1250433003E+05  0.1253561615E+05
L5 0.3766930914E+05  0.1175602430E+05  0.1195455533E+05  0.1362432772E+05
L6 0.3733490735E+05  -.4445061770E+06  0.4425124786E+05  -.5909456335E+06
L7 0.0000000000E+00  0.4814917937E+04  0.1324077572E+05  0.2035683069E+05
L8 0.5751951558E+04  0.5802373266E+05  0.0000000000E+00  0.0000000000E+00
L9 0.0000000000E+00  0.0000000000E+00  0.0000000000E+00  0.1035802066E+01  0.0000000000E+00
L0    10000  0.1300000000E+03  -.3521243476E+06  0.9295574492E+05
L1 0.3003145362E+03  0.3003145362E+03  -.4450800926E+12  0.1000000000E+01
L2 0.1000000000E+01  0.1238242550E+03  0.9759840849E+02  0.1226926169E+03
L3 0.1482756790E+07  0.1989522002E+02  0.8403999485E+02  -.3357792127E+03
L4 -.7728133262E+02  0.1262541176E+05  0.1242838919E+05  0.1250821832E+05
L5 0.3756201926E+05  0.1241309941E+05  0.1153155425E+05  0.1609149471E+05
L6 0.4003614837E+05  -.4450800926E+06  0.4407377371E+05  -.5912541048E+06
L7 0.0000000000E+00  0.4723556892E+04  0.1305233806E+05  0.2029550826E+05
L8 0.5771722944E+04  0.5825711239E+05  0.0000000000E+00  0.0000000000E+00
L9 0.0000000000E+00  0.0000000000E+00  0.0000000000E+00  0.1037181220E+01  0.0000000000E+00
L0    11000  0.1320000000E+03  -.3517695219E+06  0.9296488248E+05
L1 0.3003440571E+03  0.3003440571E+03  -.4447344044E+12  0.1000000000E+01
L2 0.1000000000E+01  0.1238621617E+03  0.9762828663E+02  0.1227301772E+03
L3 0.1484109243E+07  -.6756154665E+02  -.3082962599E+02  0.8700703299E+02
L4 -.3794713220E+01  0.1237895514E+05  0.1237988003E+05  0.1253777909E+05
L5 0.3729661427E+05  0.1310059753E+05  0.1270917926E+05  0.1160843443E+05
L6 0.3741821121E+05  -.4447344044E+06  0.4391241833E+05  -.5909026180E+06
L7 0.0000000000E+00  0.4774896740E+04  0.1312327521E+05  0.2036939557E+05
L8 0.5784242129E+04  0.5820398563E+05  0.0000000000E+00  0.0000000000E+00
L9 0.0000000000E+00  0.0000000000E+00  0.0000000000E+00  0.1036236048E+01  0.0000000000E+00
L0    12000  0.1340000000E+03  -.3521949165E+06  0.9290413490E+05
L1 0.3001477984E+03  0.3001477984E+03  -.4450990514E+12  0.1000000000E+01
L2 0.1000000000E+01  0.1238794372E+03  0.9764190319E+02  0.1227472948E+03
L3 0.1484710725E+07  0.4054063528E+03  0.8898864672E+02  -.6210909648E+02
L4 0.1440953010E+03  0.1247172738E+05  0.1260820096E+05  0.1247429383E+05
L5 0.3755422218E+05  0.8139722118E+04  0.1165730494E+05  0.1313796605E+05
L6 0.3293499311E+05  -.4450990514E+06  0.4453359148E+05  -.5918454564E+06
L7 0.0000000000E+00  0.4703886479E+04  0.1309491896E+05  0.2032749437E+05
L8 0.5796896099E+04  0.5828961763E+05  0.0000000000E+00  0.0000000000E+00
L9 0.0000000000E+00  0.0000000000E+00  0.0000000000E+00  0.1035816251E+01  0.0000000000E+00
L0    13000  0.1360000000E+03  -.3523214641E+06  0.9281646024E+05
L1 0.2998645455E+03  0.2998645455E+03  -.4451379243E+12  0.1000000000E+01
L2 0.1000000000E+01  0.1238316539E+03  0.9760424027E+02  0.1226999481E+03
L3 0.1483015701E+07  -.1426519254E+03  -.1036642513E+03  0.1709783586E+03
L4 -.2511260605E+02  0.1254295441E+05  0.1246949105E+05  0.1239100753E+05
L5 0.3740345298E+05  0.1406553387E+05  0.1357593990E+05  0.1056608903E+05
L6 0.3820756280E+05  -.4451379243E+06  0.4440625963E+05  -.5914836140E+06
L7 0.0000000000E+00  0.4757324986E+04  0.1288699337E+05  0.2027825311E+05
L8 0.5756954444E+04  0.5825990419E+05  0.0000000000E+00  0.0000000000E+00
L9 0.0000000000E+00  0.0000000000E+00  0.0000000000E+00  0.1037000144E+01  0.0000000000E+00
L0    14000  0.1380000000E+03  -.3528657116E+06  0.9239018549E+05
L1 0.2984873687E+03  0.2984873687E+03  -.4452558971E+12  0.1000000000E+01
L2 0.1000000000E+01  0.1238371329E+03  0.9760855883E+02  0.1227053770E+03
L3 0.1483203789E+07  0.2857266081E+02  -.6825520179E+02  0.1632498728E+03
L4 0.4118911060E+02  0.1245922513E+05  0.1241552827E+05  0.1237915963E+05
L5 0.3725391302E+05  0.1215421933E+05  0.1314413497E+05  0.1063650928E+05
L6 0.3593486358E+05  -.4452558971E+06  0.4428834811E+05  -.5915593307E+06
L7 0.0000000000E+00  0.4673087300E+04  0.1296620935E+05  0.2033625674E+05
L8 0.5772266232E+04  0.5826726587E+05  0.0000000000E+00  0.0000000000E+00
L9 0.0000000000E+00  0.0000000000E+00  0.0000000000E+00  0.1036868641E+01  0.0000000000E+00
L0    15000  0.1400000000E+03  -.3519002634E+06  0.9315317320E+05
L1 0.3009523728E+03  0.3009523728E+03  -.4450534366E+12  0.1000000000E+01
L2 0.1000000000E+01  0.1238871471E+03  0.9764798014E+02  0.1227549342E+03
L3 0.1485018979E+07  -.2381352988E+03  0.8576138226E+02  -.1179693780E+03
L4 -.9011443152E+02  0.1254601447E+05  0.1263325785E+05  0.1263147415E+05
L5 0.3781074647E+05  0.1509115847E+05  0.1171665679E+05  0.1389230804E+05
L6 0.4070012330E+05  -.4450534366E+06  0.4398596598E+05  -.5907894038E+06
L7 0.0000000000E+00  0.4749946827E+04  0.1295756660E+05  0.2022544777E+05
L8 0.5732235327E+04  0.5808480470E+05  0.0000000000E+00  0.0000000000E+00
L9 0.0000000000E+00  0.0000000000E+00  0.0000000000E+00  0.1035601241E+01  0.0000000000E+00
L0    16000  0.1420000000E+03  -.3520251277E+06  0.9304746930E+05
L1 0.3006108725E+03  0.3006108725E+03  -.4450725970E+12  0.1000000000E+01
L2 0.1000000000E+01  0.1238812846E+03  0.9764335926E+02  0.1227491252E+03
L3 0.1484790721E+07  0.1523014532E+03  -.8356399954E+02  0.5609773685E+02
L4 0.4161173016E+02  0.1251645927E+05  0.1253055116E+05  0.1255757824E+05
L5 0.3760458868E+05  0.1088894100E+05  0.1342352975E+05  0.1195810864E+05
L6 0.3627057939E+05  -.4450725970E+06  0.4456623630E+05  -.5916693337E+06
L7 0.0000000000E+00  0.4735392800E+04  0.1292554078E+05  0.2031680152E+05
L8 0.5767178336E+04  0.5828558701E+05  0.0000000000E+00  0.0000000000E+00
L9 0.0000000000E+00  0.0000000000E+00  0.0000000000E+00  0.1035760444E+01  0.0000000000E+00
L0    17000  0.1440000000E+03  -.3518020911E+06  0.9302076113E+05
L1 0.3005245857E+03  0.3005245857E+03  -.4448228522E+12  0.1000000000E+01
L2 0.1000000000E+01  0.1238513012E+03  0.9761972636E+02  0.1227194159E+03
L3 0.1483711618E+07  0.2874964899E+02  -.2518695007E+02  0.1498176658E+03
L4 0.5112678824E+02  0.1252593270E+05  0.1245342234E+05  0.1243143538E+05
L5 0.3741079042E+05  0.1221893252E+05  0.1272237860E+05  0.1083162281E+05
L6 0.3577293393E+05  -.4448228522E+06  0.4439749882E+05  -.5912933048E+06
L7 0.0000000000E+00  0.4757720418E+04  0.1294061652E+05  0.2027002221E+05
L8 0.5758710116E+04  0.5834588446E+05  0.0000000000E+00  0.0000000000E+00
L9 0.0000000000E+00  0.0000000000E+00  0.0000000000E+00  0.1036513752E+01  0.0000000000E+00
L0    18000  0.1460000000E+03  -.3522614834E+06  0.9244203327E+05
L1 0.2986548746E+03  0.2986548746E+03  -.4447035167E+12  0.1000000000E+01
L2 0.1000000000E+01  0.1238676394E+03  0.9763260411E+02  0.1227356047E+03
L3 0.1484318117E+07  -.1921187866E+03  -.7014272005E+02  -.2028169828E+02
L4 -.9418106831E+02  0.1248324172E+05  0.1236967568E+05  0.1261674314E+05
L5 0.3746966054E+05  0.1453560106E+05  0.1311899370E+05  0.1283340770E+05
L6 0.4048800246E+05  -.4447035167E+06  0.4409015248E+05  -.5910077034E+06
L7 0.0000000000E+00  0.4837331492E+04  0.1301096888E+05  0.2038191561E+05
L8 0.5745963243E+04  0.5823785498E+05  0.0000000000E+00  0.0000000000E+00
L9 0.0000000000E+00  0.0000000000E+00  0.0000000000E+00  0.1036090228E+01  0.0000000000E+00
L0    19000  0.1480000000E+03  -.3525846725E+06  0.9264276370E+05
L1 0.2993033796E+03  0.2993033796E+03  -.4452274362E+12  0.1000000000E+01
L2 0.1000000000E+01  0.1238587201E+03  0.9762557392E+02  0.1227267670E+03
L3 0.1483994302E+07  -.7029189546E+02  -.1530315393E+03  0.1321667158E+02
L4 -.7003558772E+02  0.1252119300E+05  0.1238593517E+05  0.1234812275E+05
L5 0.3725525092E+05  0.1327194080E+05  0.1402037810E+05  0.1220696299E+05
L6 0.3949928189E+05  -.4452274362E+06  0.4404839130E+05  -.5915253977E+06
L7 0.0000000000E+00  0.4653091543E+04  0.1303022844E+05  0.2035823302E+05
L8 0.5815480351E+04  0.5839253684E+05  0.0000000000E+00  0.0000000000E+00
L9 0.0000000000E+00  0.0000000000E+00  0.0000000000E+00  0.1036316309E+01  0.0000000000E+00
L0    20000  0.1500000000E+03  -.3522129888E+06  0.9250980552E+05
L1 0.2988738282E+03  0.2988738282E+03  -.4447227943E+12  0.1000000000E+01
L2 0.1000000000E+01  0.1238337372E+03  0.9760588234E+02  0.1227020123E+03
L3 0.1483088013E+07  0.2163777147E+02  -.1590369883E+03  0.1196520452E+03
L4 -.5915723871E+01  0.1247851519E+05  0.1255179750E+05  0.1238265394E+05
L5 0.3741296662E+05  0.1224755558E+05  0.1424934387E+05  0.1110549887E+05
L6 0.3760239832E+05  -.4447227943E+06  0.4466522479E+05  -.5916409365E+06
L7 0.0000000000E+00  0.4743574158E+04  0.1307529965E+05  0.2031998710E+05
L8 0.5821382016E+04  0.5829267443E+05  0.0000000000E+00  0.0000000000E+00
L9 0.0000000000E+00  0.0000000000E+00  0.0000000000E+00  0.1036949583E+01  0.0000000000E+00
L0    21000  0.1520000000E+03  -.3520643348E+06  0.9287110062E+05
L1 0.3000410737E+03  0.3000410737E+03  -.4449354354E+12  0.1000000000E+01
L2 0.1000000000E+01  0.1238762714E+03  0.9763940787E+02  0.1227441579E+03
L3 0.1484608094E+07  0.1494968087E+03  -.9443375935E+02  0.1236221399E+03
L4 0.5956172976E+02  0.1236178674E+05  0.1224846264E+05  0.1262639058E+05
L5 0.3723663996E+05  0.1076443586E+05  0.1325747313E+05  0.1130550664E+05
L6 0.3532741563E+05  -.4449354354E+06  0.4414624510E+05  -.5912269605E+06
L7 0.0000000000E+00  0.4806676063E+04  0.1307292149E+05  0.2030432609E+05
L8 0.5758419053E+04  0.5820293723E+05  0.0000000000E+00  0.0000000000E+00
L9 0.0000000000E+00  0.0000000000E+00  0.0000000000E+00  0.1035887857E+01  0.0000000000E+00
L0    22000  0.1540000000E+03  -.3520709569E+06  0.9274188880E+05
L1 0.2996236257E+03  0.2996236257E+03  -.4448128457E+12  0.1000000000E+01
L2 0.1000000000E+01  0.1238586755E+03  0.9762553873E+02  0.1227267227E+03
L3 0.1483984398E+07  0.1702984394E+03  0.5280320388E+02  -.2451194313E+03
L4 -.7339262664E+01  0.1239294521E+05  0.1248252387E+05  0.1231519714E+05
L5 0.3719066622E+05  0.1057409648E+05  0.1191856661E+05  0.1493316105E+05
L6 0.3742582414E+05  -.4448128457E+06  0.4374258994E+05  -.5906093457E+06
L7 0.0000000000E+00  0.4743316896E+04  0.1312250643E+05  0.2024617304E+05
L8 0.5773528415E+04  0.5816838523E+05  0.0000000000E+00  0.0000000000E+00
L9 0.0000000000E+00  0.0000000000E+00  0.0000000000E+00  0.1036323225E+01  0.0000000000E+00
L0    23000  0.1560000000E+03  -.3517570724E+06  0.9305101202E+05
L1 0.3006223181E+03  0.3006223181E+03  -.4448080845E+12  0.1000000000E+01
L2 0.1000000000E+01  0.1238355868E+03  0.9760734021E+02  0.1227038451E+03
L3 0.1483156938E+07  0.4017042927E+02  0.2573067260E+03  -.3712041767E+03
L4 -.2457567381E+02  0.1254107099E+05  0.1259152510E+05  0.1247757133E+05
L5 0.3761016742E+05  0.1211227555E+05  0.9844928825E+04  0.1643995516E+05
L6 0.3839715953E+05  -.4448080845E+06  0.4404778809E+05  -.5909510227E+06
L7 0.0000000000E+00  0.4761649848E+04  0.1305285990E+05  0.2024719253E+05
L8 0.5821999815E+04  0.5821144800E+05  0.0000000000E+00  0.0000000000E+00
L9 0.0000000000E+00  0.0000000000E+00  0.0000000000E+00  0.1036901394E+01  0.0000000000E+00
L0    24000  0.1580000000E+03  -.3516797461E+06  0.9289379733E+05
L1 0.3001144005E+03  0.3001144005E+03  -.4445735434E+12  0.1000000000E+01
L2 0.1000000000E+01  0.1238302842E+03  0.9760316071E+02  0.1226985909E+03
L3 0.1482950593E+07  0.1707044451E+03  -.4236369463E+01  0.1187837224E+03
L4 0.9508393268E+02  0.1245988987E+05  0.1233823414E+05  0.1250181491E+05
L5 0.3729993892E+05  0.1063797495E+05  0.1238344858E+05  0.1123404572E+05
L6 0.3425546924E+05  -.4445735434E+06  0.4410153394E+05  -.5907295404E+06
L7 0.0000000000E+00  0.4732917980E+04  0.1304422866E+05  0.2029129603E+05
L8 0.5775591073E+04  0.5821042930E+05  0.0000000000E+00  0.0000000000E+00
L9 0.0000000000E+00  0.0000000000E+00  0.0000000000E+00  0.1037045674E+01  0.0000000000E+00
L0    25000  0.1600000000E+03  -.3519362664E+06  0.9251910915E+05
L1 0.2989038857E+03  0.2989038857E+03  -.4444553756E+12  0.1000000000E+01
L2 0.1000000000E+01  0.1238528700E+03  0.9762096283E+02  0.1227209703E+03
L3 0.1483762144E+07  0.1834628770E+03  -.1204945132E+03  0.2230896192E+03
L4 0.9535266099E+02  0.1246380585E+05  0.1240788010E+05  0.1249767517E+05
L5 0.3736936112E+05  0.1050464963E+05  0.1369461221E+05  0.1011535444E+05
L6 0.3431461628E+05  -.4444553756E+06  0.4420476097E+05  -.5907375196E+06
L7 0.0000000000E+00  0.4774990582E+04  0.1305194600E+05  0.2026350991E+05
L8 0.5796636285E+04  0.5819030031E+05  0.0000000000E+00  0.0000000000E+00
L9 0.0000000000E+00  0.0000000000E+00  0.0000000000E+00  0.1036478456E+01  0.0000000000E+00
L0    26000  0.1620000000E+03  -.3519524437E+06  0.9292270061E+05
L1 0.3002077791E+03  0.3002077791E+03  -.4448751443E+12  0.1000000000E+01
L2 0.1000000000E+01  0.1238833558E+03  0.9764499183E+02  0.1227511776E+03
L3 0.1484865664E+07  0.9174306515E+02  0.1635353154E+03  -.1409976484E+03
L4 0.3809357738E+02  0.1260110970E+05  0.1247670211E+05  0.1253120944E+05
L5 0.3760902125E+05  0.1162067880E+05  0.1072904874E+05  0.1403800945E+05
L6 0.3638773699E+05  -.4448751443E+06  0.4398880684E+05  -.5909453294E+06
L7 0.0000000000E+00  0.4704234576E+04  0.1301347305E+05  0.2025860300E+05
L8 0.5780672803E+04  0.5832439483E+05  0.0000000000E+00  0.0000000000E+00
L9 0.0000000000E+00  0.0000000000E+00  0.0000000000E+00  0.1035708168E+01  0.0000000000E+00
L0    27000  0.1640000000E+03  -.3516888511E+06  0.9303858238E+05
L1 0.3005821613E+03  0.3005821613E+03  -.4447274335E+12  0.1000000000E+01
L2 0.1000000000E+01  0.1238350995E+03  0.9760695612E+02  0.1227033622E+03
L3 0.1483137433E+07  -.2551086328E+03  -.8496888018E+02  0.3116021818E+03
L4 -.9491777061E+01  0.1258979426E+05  0.1243492852E+05  0.1252185363E+05
L5 0.3754657641E+05  0.1531289139E+05  0.1334190885E+05  0.9195729399E+04
L6 0.3785052964E+05  -.4447274335E+06  0.4382252354E+05  -.5908987205E+06
L7 0.0000000000E+00  0.4840471960E+04  0.1306314319E+05  0.2031510324E+05
L8 0.5806527922E+04  0.5832351712E+05  0.0000000000E+00  0.0000000000E+00
L9 0.0000000000E+00  0.0000000000E+00  0.0000000000E+00  0.1036915030E+01  0.0000000000E+00
L0    28000  0.1660000000E+03  -.3513114324E+06  0.9309984293E+05
L1 0.3007800774E+03  0.3007800774E+03  -.4444112753E+12  0.1000000000E+01
L2 0.1000000000E+01  0.1238529681E+03  0.9762104016E+02  0.1227210675E+03
L3 0.1483777604E+07  0.1770049636E+03  -.1624375301E+03  0.1007828339E+01
L4 0.5191753952E+01  0.1263147849E+05  0.1256047312E+05  0.1246885028E+05
L5 0.3766080188E+05  0.1074126509E+05  0.1429512275E+05  0.1245808781E+05
L6 0.3749447565E+05  -.4444112753E+06  0.4432878465E+05  -.5908181958E+06
L7 0.0000000000E+00  0.4722219503E+04  0.1304355240E+05  0.2024973522E+05
L8 0.5834331278E+04  0.5822829738E+05  0.0000000000E+00  0.0000000000E+00
L9 0.0000000000E+00  0.0000000000E+00  0.0000000000E+00  0.1036467657E+01  0.0000000000E+00
L0    29000  0.1680000000E+03  -.3520841012E+06  0.9279085058E+05
L1 0.2997818078E+03  0.2997818078E+03  -.4448749518E+12  0.1000000000E+01
L2 0.1000000000E+01  0.1238397425E+03  0.9761061576E+02  0.1227079628E+03
L3 0.1483295758E+07  0.3121597305E+03  -.1002607806E+03  -.4750852363E+02
L4 0.5479680876E+02  0.1241606412E+05  0.1250155519E+05  0.1242193123E+05
L5 0.3733955054E+05  0.9083632769E+04  0.1357187956E+05  0.1292910393E+05
L6 0.3558461627E+05  -.4448749518E+06  0.4416563937E+05  -.5907766682E+06
L7 0.0000000000E+00  0.4696519284E+04  0.1304416298E+05  0.2019088347E+05
L8 0.5755388959E+04  0.5804912230E+05  0.0000000000E+00  0.0000000000E+00
L9 0.0000000000E+00  0.0000000000E+00  0.0000000000E+00  0.1036804351E+01  0.0000000000E+00
L0    30000  0.1700000000E+03  -.3519118610E+06  0.9278527176E+05
L1 0.2997637841E+03  0.2997637841E+03  -.4446971328E+12  0.1000000000E+01
L2 0.1000000000E+01  0.1238161766E+03  0.9759204109E+02  0.1226846123E+03
L3 0.1482443019E+07  -.5446016650E+02  -.1891275907E+02  0.3765068358E+03
L4 0.1010446368E+03  0.1241059957E+05  0.1244873804E+05  0.1237744949E+05
L5 0.3723678710E+05  0.1299164963E+05  0.1265052332E+05  0.8360397478E+04
L6 0.3400257043E+05  -.4446971328E+06  0.4421846383E+05  -.5911754703E+06
L7 0.0000000000E+00  0.4837472123E+04  0.1314938441E+05  0.2027546663E+05
L8 0.5756694212E+04  0.5824085627E+05  0.0000000000E+00  0.0000000000E+00
L9 0.0000000000E+00  0.0000000000E+00  0.0000000000E+00  0.1037400748E+01  0.0000000000E+00
L0    31000  0.1720000000E+03  -.3524513784E+06  0.9291420029E+05
L1 0.3001803169E+03  0.3001803169E+03  -.4453655787E+12  0.1000000000E+01
L2 0.1000000000E+01  0.1237636239E+03  0.9755061901E+02  0.1226325399E+03
L3 0.1480580480E+07  -.3248117318E+02  0.5859029406E+02  -.2747307666E+03
L4 -.8287388191E+02  0.1265849611E+05  0.1232580769E+05  0.1253758514E+05
L5 0.3752188894E+05  0.1300461102E+05  0.1170147758E+05  0.1546507836E+05
L6 0.4017116696E+05  -.4453655787E+06  0.4431055608E+05  -.5918403038E+06
L7 0.0000000000E+00  0.4835238048E+04  0.1319126750E+05  0.2014195334E+05
L8 0.5784612357E+04  0.5821109783E+05  0.0000000000E+00  0.0000000000E+00
L9 0.0000000000E+00  0.0000000000E+00  0.0000000000E+00  0.1038705776E+01  0.0000000000E+00
L0    32000  0.1740000000E+03  -.3517850093E+06  0.9315643926E+05
L1 0.3009629246E+03  0.3009629246E+03  -.4449414486E+12  0.1000000000E+01
L2 0.1000000000E+01  0.1238239015E+03  0.9759812986E+02  0.1226922666E+03
L3 0.1482707747E+07  0.1062654053E+03  0.1596798645E+03  0.3265824998E+03
L4 0.1975092566E+03  0.1256810515E+05  0.1249924560E+05  0.1254925680E+05
L5 0.3761660754E+05  0.1143412868E+05  0.1079527424E+05  0.9064238632E+04
L6 0.3129364155E+05  -.4449414486E+06  0.4472438333E+05  -.5917780352E+06
L7 0.0000000000E+00  0.4781488887E+04  0.1309144539E+05  0.2026804372E+05
L8 0.5759168901E+04  0.5821205638E+05  0.0000000000E+00  0.0000000000E+00
L9 0.0000000000E+00  0.0000000000E+00  0.0000000000E+00  0.1037215526E+01  0.0000000000E+00
L0    33000  0.1760000000E+03  -.3519583845E+06  0.9289620775E+05
L1 0.3001221879E+03  0.3001221879E+03  -.4448545922E+12  0.1000000000E+01
L2 0.1000000000E+01  0.1238539225E+03  0.9762179244E+02  0.1227220132E+03
L3 0.1483800926E+07  -.1855713974E+03  0.1431824901E+03  0.3068465624E+03
L4 0.8815255173E+02  0.1252700699E+05  0.1241910594E+05  0.1245476911E+05
L5 0.3740088205E+05  0.1450873139E+05  0.1089005439E+05  0.9177942366E+04
L6 0.3457672814E+05  -.4448545922E+06  0.4448061741E+05  -.5913966608E+06
L7 0.0000000000E+00  0.4787954684E+04  0.1313071105E+05  0.2024025924E+05
L8 0.5755552154E+04  0.5814697410E+05  0.0000000000E+00  0.0000000000E+00
L9 0.0000000000E+00  0.0000000000E+00  0.0000000000E+00  0.1036451366E+01  0.0000000000E+00
L0    34000  0.1780000000E+03  -.3515777827E+06  0.9316314481E+05
L1 0.3009845884E+03  0.3009845884E+03  -.4447409275E+12  0.1000000000E+01
L2 0.1000000000E+01  0.1238616776E+03  0.9762790500E+02  0.1227296974E+03
L3 0.1484100798E+07  -.1010097369E+02  -.1620680709E+03  -.4224498997E+02
L4 -.7147134487E+02  0.1275182212E+05  0.1238762953E+05  0.1231151864E+05
L5 0.3745097029E+05  0.1285971262E+05  0.1411871074E+05  0.1276274575E+05
L6 0.3974116912E+05  -.4447409275E+06  0.4400321224E+05  -.5909007624E+06
L7 0.0000000000E+00  0.4695019563E+04  0.1308190634E+05  0.2030034872E+05
L8 0.5769533298E+04  0.5830981477E+05  0.0000000000E+00  0.0000000000E+00
L9 0.0000000000E+00  0.0000000000E+00  0.0000000000E+00  0.1036241944E+01  0.0000000000E+00
L0    35000  0.1800000000E+03  -.3520578058E+06  0.9271109558E+05
L1 0.2995241412E+03  0.2995241412E+03  -.4447689013E+12  0.1000000000E+01
L2 0.1000000000E+01  0.1238654016E+03  0.9763084025E+02  0.1227333874E+03
L3 0.1484212926E+07  -.9032138983E+02  0.2028667731E+03  0.1656144486E+03
L4 0.9271994396E+02  0.1243079506E+05  0.1258951140E+05  0.1239273359E+05
L5 0.3741304004E+05  0.1339560862E+05  0.1042248745E+05  0.1062363917E+05
L6 0.3444173524E+05  -.4447689013E+06  0.4424277976E+05  -.5910629632E+06
L7 0.0000000000E+00  0.4780489209E+04  0.1310069413E+05  0.2022184509E+05
L8 0.5802605018E+04  0.5814564868E+05  0.0000000000E+00  0.0000000000E+00
L9 0.0000000000E+00  0.0000000000E+00  0.0000000000E+00  0.1036163659E+01  0.0000000000E+00
L0    36000  0.1820000000E+03  -.3519188751E+06  0.9244958959E+05
L1 0.2986792870E+03  0.2986792870E+03  -.4443684647E+12  0.1000000000E+01
L2 0.1000000000E+01  0.1238742675E+03  0.9763782842E+02  0.1227421723E+03
L3 0.1484532794E+07  0.1430630745E+03  0.1388833359E+03  -.2954740443E+02
L4 0.8413300198E+02  0.1244137523E+05  0.1254058559E+05  0.1221500368E+05
L5 0.3719696451E+05  0.1091284537E+05  0.1105671333E+05  0.1253069723E+05
L6 0.3450025593E+05  -.4443684647E+06  0.4448628644E+05  -.5910158488E+06
L7 0.0000000000E+00  0.4675693750E+04  0.1312380624E+05  0.2034277757E+05
L8 0.5795220076E+04  0.5822360010E+05  0.0000000000E+00  0.0000000000E+00
L9 0.0000000000E+00  0.0000000000E+00  0.0000000000E+00  0.1035940400E+01  0.0000000000E+00
L0    37000  0.1840000000E+03  -.3521530638E+06  0.9263690097E+05
L1 0.2992844387E+03  0.2992844387E+03  -.4447899648E+12  0.1000000000E+01
L2 0.1000000000E+01  0.1238449888E+03  0.9761475086E+02  0.1227131611E+03
L3 0.1483479701E+07  0.2357400909E+03  -.7968279398E+02  0.1120952464E+03
L4 0.8938418111E+02  0.1242424426E+05  0.1236513347E+05  0.1234630725E+05
L5 0.3713568498E+05  0.9907311376E+04  0.1321588501E+05  0.1114949676E+05
L6 0.3427269315E+05  -.4447899648E+06  0.4447912112E+05  -.5913807557E+06
L7 0.0000000000E+00  0.4826775153E+04  0.1301913549E+05  0.2027577293E+05
L8 0.5775603921E+04  0.5821438237E+05  0.0000000000E+00  0.0000000000E+00
L9 0.0000000000E+00  0.0000000000E+00  0.0000000000E+00  0.1036675794E+01  0.0000000000E+00
L0    38000  0.1860000000E+03  -.3520671357E+06  0.9290680119E+05
L1 0.3001564124E+03  0.3001564124E+03  -.4449739369E+12  0.1000000000E+01
L2 0.1000000000E+01  0.1238324120E+03  0.9760483788E+02  0.1227006993E+03
L3 0.1483030604E+07  0.4091665094E+01  0.3064674970E+02  0.1697201566E+03
L4 0.6815285713E+02  0.1262756249E+05  0.1237495968E+05  0.1231005849E+05
L5 0.3731258066E+05  0.1258389012E+05  0.1204785171E+05  0.1049855107E+05
L6 0.3513029291E+05  -.4449739369E+06  0.4472870745E+05  -.5918672086E+06
L7 0.0000000000E+00  0.4855037295E+04  0.1304284094E+05  0.2025158453E+05
L8 0.5809419477E+04  0.5820568202E+05  0.0000000000E+00  0.0000000000E+00
L9 0.0000000000E+00  0.0000000000E+00  0.0000000000E+00  0.1036989724E+01  0.0000000000E+00
L0    39000  0.1880000000E+03  -.3517719134E+06  0.9329294732E+05
L1 0.3014039447E+03  0.3014039447E+03  -.4450648607E+12  0.1000000000E+01
L2 0.1000000000E+01  0.1238408657E+03  0.9761150104E+02  0.1227090757E+03
L3 0.1483354097E+07  -.5049078051E+02  -.1487033370E+03  -.4407820342E+02
L4 -.8109077364E+02  0.1261005891E+05  0.1249774205E+05  0.1254610547E+05
L5 0.3765390643E+05  0.1314908961E+05  0.1408527274E+05  0.1301667662E+05
L6 0.4025103898E+05  -.4450648607E+06  0.4405424232E+05  -.5911911737E+06
L7 0.0000000000E+00  0.4787797201E+04  0.1305300133E+05  0.2024427725E+05
L8 0.5764963510E+04  0.5822203144E+05  0.0000000000E+00  0.0000000000E+00
L9 0.0000000000E+00  0.0000000000E+00  0.0000000000E+00  0.1036763575E+01  0.0000000000E+00
L0    40000  0.1900000000E+03  -.3519451709E+06  0.9291894296E+05
L1 0.3001956391E+03  0.3001956391E+03  -.4448641139E+12  0.1000000000E+01
L2 0.1000000000E+01  0.1238549177E+03  0.9762257687E+02  0.1227229993E+03
L3 0.1483843724E+07  -.2047632831E+03  0.3133426818E+03  -.3441006031E+01
L4 0.3504613088E+02  0.1252059603E+05  0.1247063192E+05  0.1243973284E+05
L5 0.3743096079E+05  0.1470733442E+05  0.9124336333E+04  0.1247648054E+05
L6 0.3630815129E+05  -.4448641139E+06  0.4459009928E+05  -.5914816171E+06
L7 0.0000000000E+00  0.4881954763E+04  0.1306971837E+05  0.2021111731E+05
L8 0.5762488854E+04  0.5810212464E+05  0.0000000000E+00  0.0000000000E+00
L9 0.0000000000E+00  0.0000000000E+00  0.0000000000E+00  0.1036421472E+01  0.0000000000E+00
L0    41000  0.1920000000E+03  -.3522684752E+06  0.9278502010E+05
L1 0.2997629711E+03  0.2997629711E+03  -.4450534953E+12  0.1000000000E+01
L2 0.1000000000E+01  0.1238311560E+03  0.9760384790E+02  0.1226994548E+03
L3 0.1482994396E+07  0.3996767975E+03  -.1874291318E+03  -.2100158712E+03
L4 0.7439315120E+00  0.1252119540E+05  0.1252994432E+05  0.1242546555E+05
L5 0.3747660527E+05  0.8255350839E+04  0.1453041957E+05  0.1466701439E+05
L6 0.3745278480E+05  -.4450534953E+06  0.4417211566E+05  -.5910882077E+06
L7 0.0000000000E+00  0.4786903940E+04  0.1295195123E+05  0.2021122160E+05
L8 0.5788107771E+04  0.5812441222E+05  0.0000000000E+00  0.0000000000E+00
L9 0.0000000000E+00  0.0000000000E+00  0.0000000000E+00  0.1037015043E+01  0.0000000000E+00
L0    42000  0.1940000000E+03  -.3520772894E+06  0.9309798186E+05
L1 0.3007740647E+03  0.3007740647E+03  -.4451752713E+12  0.1000000000E+01
L2 0.1000000000E+01  0.1238388832E+03  0.9760993848E+02  0.1227071114E+03
L3 0.1483276395E+07  -.1292330743E+03  0.1714136122E+02  0.1544050304E+02
L4 -.3221707003E+02  0.1249408282E+05  0.1260781373E+05  0.1260047247E+05
L5 0.3770236902E+05  0.1387368014E+05  0.1242482515E+05  0.1243564101E+05
L6 0.3873414630E+05  -.4451752713E+06  0.4358349562E+05  -.5910165477E+06
L7 0.0000000000E+00  0.4783745763E+04  0.1314594200E+05  0.2031298906E+05
L8 0.5813728867E+04  0.5820137508E+05  0.0000000000E+00  0.0000000000E+00
L9 0.0000000000E+00  0.0000000000E+00  0.0000000000E+00  0.1036817886E+01  0.0000000000E+00
L0    43000  0.1960000000E+03  -.3520589526E+06  0.9267915121E+05
L1 0.2994209377E+03  0.2994209377E+03  -.4447381039E+12  0.1000000000E+01
L2 0.1000000000E+01  0.1238456119E+03  0.9761524202E+02  0.1227137786E+03
L3 0.1483511827E+07  0.7224351474E+02  0.5108924672E+02  -.7584003531E+02
L4 0.1583090872E+02  0.1242417024E+05  0.1238239023E+05  0.1261283168E+05
L5 0.3741939216E+05  0.1165282916E+05  0.1183691242E+05  0.1342257267E+05
L6 0.3691231425E+05  -.4447381039E+06  0.4417557324E+05  -.5910420214E+06
L7 0.0000000000E+00  0.4805736170E+04  0.1314818993E+05  0.2030183107E+05
L8 0.5759352844E+04  0.5811323430E+05  0.0000000000E+00  0.0000000000E+00
L9 0.0000000000E+00  0.0000000000E+00  0.0000000000E+00  0.1036653344E+01  0.0000000000E+00
L0    44000  0.1980000000E+03  -.3517297113E+06  0.9290500510E+05
L1 0.3001506097E+03  0.3001506097E+03  -.4446347164E+12  0.1000000000E+01
L2 0.1000000000E+01  0.1238490994E+03  0.9761799084E+02  0.1227172341E+03
L3 0.1483636931E+07  -.1463764218E+02  0.2085314322E+02  0.4638639467E+02
L4 0.1753396524E+02  0.1248854885E+05  0.1238912555E+05  0.1245432562E+05
L5 0.3733200002E+05  0.1264484754E+05  0.1216645861E+05  0.1195901820E+05
L6 0.3677032435E+05  -.4446347164E+06  0.4420750187E+05  -.5911887922E+06
L7 0.0000000000E+00  0.4793128716E+04  0.1326088246E+05  0.2030142260E+05
L8 0.5786982478E+04  0.5820415763E+05  0.0000000000E+00  0.0000000000E+00
L9 0.0000000000E+00  0.0000000000E+00  0.0000000000E+00  0.1036565931E+01  0.0000000000E+00
L0    45000  0.2000000000E+03  -.3520932182E+06  0.9256994381E+05
L1 0.2990681185E+03  0.2990681185E+03  -.4446631620E+12  0.1000000000E+01
L2 0.1000000000E+01  0.1238720819E+03  0.9763610572E+02  0.1227400067E+03
L3 0.1484463557E+07  -.2095606340E+02  -.9508225100E+02  0.1568478144E+03
L4 0.1360316668E+02  0.1240232338E+05  0.1241620862E+05  0.1241399823E+05
L5 0.3723253023E+05  0.1262621396E+05  0.1343204924E+05  0.1073826612E+05
L6 0.3679652932E+05  -.4446631620E+06  0.4435909487E+05  -.5911947511E+06
L7 0.0000000000E+00  0.4777263312E+04  0.1304480182E+05  0.2032113437E+05
L8 0.5760873488E+04  0.5826842123E+05  0.0000000000E+00  0.0000000000E+00
L9 0.0000000000E+00  0.0000000000E+00  0.0000000000E+00  0.1035988718E+01  0.0000000000E+00
L0    46000  0.2020000000E+03  -.3517226836E+06  0.9295525873E+05
L1 0.3003129654E+03  0.3003129654E+03  -.4446779424E+12  0.1000000000E+01
L2 0.1000000000E+01  0.1238610590E+03  0.9762741745E+02  0.1227290845E+03
L3 0.1484076012E+07  0.8521156063E+02  -.7552365996E+02  -.1662869072E+03
L4 -.5219966886E+02  0.1268401736E+05  0.1249734692E+05  0.1242114435E+05
L5 0.3760250862E+05  0.1177387098E+05  0.1330401663E+05  0.1419725812E+05
L6 0.3927514573E+05  -.4446779424E+06  0.4407899184E+05  -.5909936585E+06
L7 0.0000000000E+00  0.4798800185E+04  0.1306441335E+05  0.2023692235E+05
L8 0.5828655450E+04  0.5830793291E+05  0.0000000000E+00  0.0000000000E+00
L9 0.0000000000E+00  0.0000000000E+00  0.0000000000E+00  0.1036259251E+01  0.0000000000E+00
L0    47000  0.2040000000E+03  -.3520459785E+06  0.9287943084E+05
L1 0.3000679863E+03  0.3000679863E+03  -.4449254094E+12  0.1000000000E+01
L2 0.1000000000E+01  0.1238957743E+03  0.9765478006E+02  0.1227634825E+03
L3 0.1485315553E+07  0.9648321961E+02  0.7691335412E+02  -.1338752274E+03
L4 0.1317378212E+02  0.1241845614E+05  0.1253344682E+05  0.1242237396E+05
L5 0.3737427692E+05  0.1138705621E+05  0.1171124760E+05  0.1385349224E+05
L6 0.3695179606E+05  -.4449254094E+06  0.4407503644E+05  -.5909700049E+06
L7 0.0000000000E+00  0.4735885160E+04  0.1309539486E+05  0.2021461331E+05
L8 0.5769373534E+04  0.5815429223E+05  0.0000000000E+00  0.0000000000E+00
L9 0.0000000000E+00  0.0000000000E+00  0.0000000000E+00  0.1035394461E+01  0.0000000000E+00
L0    48000  0.2060000000E+03  -.3518798169E+06  0.9323036414E+05
L1 0.3012017556E+03  0.3012017556E+03  -.4451101811E+12  0.1000000000E+01
L2 0.1000000000E+01  0.1238821484E+03  0.9764404010E+02  0.1227499811E+03
L3 0.1484823385E+07  0.2049139857E+03  0.2995643223E+02  -.1463920226E+03
L4 0.2949279844E+02  0.1258341277E+05  0.1245011152E+05  0.1259169048E+05
L5 0.3762521477E+05  0.1039362019E+05  0.1212998514E+05  0.1415609402E+05
L6 0.3667969935E+05  -.4451101811E+06  0.4451230774E+05  -.5915244211E+06
L7 0.0000000000E+00  0.4849757131E+04  0.1306317113E+05  0.2015009107E+05
L8 0.5747503479E+04  0.5809140948E+05  0.0000000000E+00  0.0000000000E+00
L9 0.0000000000E+00  0.0000000000E+00  0.0000000000E+00  0.1035737659E+01  0.0000000000E+00
L0    49000  0.2080000000E+03  -.3526231859E+06  0.9284875082E+05
L1 0.2999688676E+03  0.2999688676E+03  -.4454719367E+12  0.1000000000E+01
L2 0.1000000000E+01  0.1238325450E+03  0.9760494265E+02  0.1227008311E+03
L3 0.1483021848E+07  -.9219363993E+01  0.2681097101E+03  0.2524506255E+03
L4 0.1704469905E+03  0.1255173474E+05  0.1239631394E+05  0.1236867791E+05
L5 0.3731672659E+05  0.1265013700E+05  0.9534662908E+04  0.9674163068E+04
L6 0.3185896298E+05  -.4454719367E+06  0.4491629118E+05  -.5923998256E+06
L7 0.0000000000E+00  0.4684646605E+04  0.1307522017E+05  0.2026059902E+05
L8 0.5801691619E+04  0.5818944022E+05  0.0000000000E+00  0.0000000000E+00
L9 0.0000000000E+00  0.0000000000E+00  0.0000000000E+00  0.1036995846E+01  0.0000000000E+00
L0    50000  0.2100000000E+03  -.3522654710E+06  0.9274418832E+05
L1 0.2996310548E+03  0.2996310548E+03  -.4450096593E+12  0.1000000000E+01
L2 0.1000000000E+01  0.1237997649E+03  0.9757910536E+02  0.1226683506E+03
L3 0.1481880739E+07  -.1172004265E+03  -.3948797787E+02  -.1559323290E+03
L4 -.1042069111E+03  0.1228551953E+05  0.1242243649E+05  0.1243800520E+05
L5 0.3714596121E+05  0.1353548790E+05  0.1284358447E+05  0.1410105785E+05
L6 0.4048013022E+05  -.4450096593E+06  0.4401176853E+05  -.5911522405E+06
L7 0.0000000000E+00  0.4798284735E+04  0.1301341866E+05  0.2018337873E+05
L8 0.5833318707E+04  0.5830241187E+05  0.0000000000E+00  0.0000000000E+00
L9 0.0000000000E+00  0.0000000000E+00  0.0000000000E+00  0.1037794376E+01  0.0000000000E+00
L0    51000  0.2120000000E+03  -.3526908517E+06  0.9264468657E+05
L1 0.2993095919E+03  0.2993095919E+03  -.4453355382E+12  0.1000000000E+01
L2 0.1000000000E+01  0.1238083635E+03  0.9758588279E+02  0.1226768706E+03
L3 0.1482168253E+07  0.1822534729E+03  -.5817854418E+02  0.4622776453E+02
L4 0.5676756440E+02  0.1253760654E+05  0.1248723913E+05  0.1221023995E+05
L5 0.3723508563E+05  0.1059345596E+05  0.1310784652E+05  0.1171711500E+05
L6 0.3541841748E+05  -.4453355382E+06  0.4470194965E+05  -.5920272410E+06
L7 0.0000000000E+00  0.4835243061E+04  0.1298494943E+05  0.2027797324E+05
L8 0.5786831657E+04  0.5810475568E+05  0.0000000000E+00  0.0000000000E+00
L9 0.0000000000E+00  0.0000000000E+00  0.0000000000E+00  0.1037593062E+01  0.0000000000E+00
L0    52000  0.2140000000E+03  -.3517246509E+06  0.9300543548E+05
L1 0.3004750727E+03  0.3004750727E+03  -.4447300864E+12  0.1000000000E+01
L2 0.1000000000E+01  0.1238129834E+03  0.9758952418E+02  0.1226814482E+03
L3 0.1482329058E+07  0.1491555957E+03  0.1570153463E+03  -.1966457921E+02
L4 0.9550212094E+02  0.1255949782E+05  0.1247159305E+05  0.1243232259E+05
L5 0.3746341345E+05  0.1096823926E+05  0.1079648315E+05  0.1264211311E+05
L6 0.3440683552E+05  -.4447300864E+06  0.4419389767E+05  -.5908964887E+06
L7 0.0000000000E+00  0.4785170504E+04  0.1299817069E+05  0.2030874160E+05
L8 0.5771593156E+04  0.5810882865E+05  0.0000000000E+00  0.0000000000E+00
L9 0.0000000000E+00  0.0000000000E+00  0.0000000000E+00  0.1037480503E+01  0.0000000000E+00
L0    53000  0.2160000000E+03  -.3515918279E+06  0.9282234646E+05
L1 0.2998835623E+03  0.2998835623E+03  -.4444141743E+12  0.1000000000E+01
L2 0.1000000000E+01  0.1238702854E+03  0.9763468973E+02  0.1227382266E+03
L3 0.1484406104E+07  0.1430494489E+03  0.8957384704E+02  -.3534161505E+03
L4 -.4026428483E+02  0.1255044432E+05  0.1243576152E+05  0.1249679296E+05
L5 0.3748299880E+05  0.1102219046E+05  0.1147880868E+05  0.1627247751E+05
L6 0.3877347665E+05  -.4444141743E+06  0.4416593657E+05  -.5906183007E+06
L7 0.0000000000E+00  0.4743004987E+04  0.1303909773E+05  0.2027209548E+05
L8 0.5789592517E+04  0.5819439903E+05  0.0000000000E+00  0.0000000000E+00
L9 0.0000000000E+00  0.0000000000E+00  0.0000000000E+00  0.1036028815E+01  0.0000000000E+00
L0    54000  0.2180000000E+03  -.3510294804E+06  0.9319511266E+05
L1 0.3010878678E+03  0.3010878678E+03  -.4442245931E+12  0.1000000000E+01
L2 0.1000000000E+01  0.1238913399E+03  0.9765128492E+02  0.1227590887E+03
L3 0.1485144663E+07  0.2625296573E+02  0.2908940342E+03  -.1916480184E+02
L4 0.9932739938E+02  0.1251902348E+05  0.1255163956E+05  0.1257175160E+05
L5 0.3764241464E+05  0.1223841312E+05  0.9442357267E+04  0.1277659863E+05
L6 0.3445736901E+05  -.4442245931E+06  0.4444919555E+05  -.5907358635E+06
L7 0.0000000000E+00  0.4823706649E+04  0.1299346109E+05  0.2028658405E+05
L8 0.5776304018E+04  0.5818201909E+05  0.0000000000E+00  0.0000000000E+00
L9 0.0000000000E+00  0.0000000000E+00  0.0000000000E+00  0.1035513600E+01  0.0000000000E+00
L0    55000  0.2200000000E+03  -.3510397088E+06  0.9314505186E+05
L1 0.3009261350E+03  0.3009261350E+03  -.4441847606E+12  0.1000000000E+01
L2 0.1000000000E+01  0.1238554743E+03  0.9762301561E+02  0.1227235509E+03
L3 0.1483876521E+07  0.6314837891E+02  -.2281371807E+03  -.1976874860E+02
L4 -.6158585012E+02  0.1245111281E+05  0.1250990326E+05  0.1260691167E+05
L5 0.3756792775E+05  0.1177671438E+05  0.1494631349E+05  0.1281803369E+05
L6 0.3954106156E+05  -.4441847606E+06  0.4390723914E+05  -.5902563275E+06
L7 0.0000000000E+00  0.4712878165E+04  0.1310123754E+05  0.2032300997E+05
L8 0.5785306929E+04  0.5824189516E+05  0.0000000000E+00  0.0000000000E+00
L9 0.0000000000E+00  0.0000000000E+00  0.0000000000E+00  0.1036398565E+01  0.0000000000E+00
L0    56000  0.2220000000E+03  -.3522750175E+06  0.9308028265E+05
L1 0.3007168834E+03  0.3007168834E+03  -.4453553001E+12  0.1000000000E+01
L2 0.1000000000E+01  0.1238234489E+03  0.9759777315E+02  0.1226918181E+03
L3 0.1482733297E+07  -.1672823804E+03  -.1189122223E+02  -.1766159236E+03
L4 -.1185965088E+03  0.1258602788E+05  0.1240704796E+05  0.1255943013E+05
L5 0.3755250597E+05  0.1437115777E+05  0.1253394343E+05  0.1444416158E+05
L6 0.4134926278E+05  -.4453553001E+06  0.4385576433E+05  -.5913669423E+06
L7 0.0000000000E+00  0.4758051861E+04  0.1291263046E+05  0.2035101044E+05
L8 0.5787205300E+04  0.5834697982E+05  0.0000000000E+00  0.0000000000E+00
L9 0.0000000000E+00  0.0000000000E+00  0.0000000000E+00  0.1037197653E+01  0.0000000000E+00
L0    57000  0.2240000000E+03  -.3523473480E+06  0.9263929692E+05
L1 0.2992921794E+03  0.2992921794E+03  -.4449866449E+12  0.1000000000E+01
L2 0.1000000000E+01  0.1238165541E+03  0.9759233867E+02  0.1226849864E+03
L3 0.1482462246E+07  0.1265735950E+03  0.9123008805E+02  -.4321129894E+02
L4 0.5819746137E+02  0.1264000642E+05  0.1229740136E+05  0.1251392612E+05
L5 0.3745133390E+05  0.1128954140E+05  0.1132403056E+05  0.1297496499E+05
L6 0.3558853695E+05  -.4449866449E+06  0.4476032990E+05  -.5919036137E+06
L7 0.0000000000E+00  0.4876793431E+04  0.1314563437E+05  0.2021296923E+05
L8 0.5767023676E+04  0.5815421820E+05  0.0000000000E+00  0.0000000000E+00
L9 0.0000000000E+00  0.0000000000E+00  0.0000000000E+00  0.1037387293E+01  0.0000000000E+00
L0    58000  0.2260000000E+03  -.3520108369E+06  0.9251533563E+05
L1 0.2988916945E+03  0.2988916945E+03  -.4445261725E+12  0.1000000000E+01
L2 0.1000000000E+01  0.1238156783E+03  0.9759164833E+02  0.1226841185E+03
L3 0.1482409667E+07  -.1830462493E+03  0.2853423930E+03  0.5514446893E+03
L4 0.2179136110E+03  0.1250963620E+05  0.1243703445E+05  0.1240504005E+05
L5 0.3735171070E+05  0.1446256159E+05  0.9392708728E+04  0.6521661713E+04
L6 0.3037693203E+05  -.4445261725E+06  0.4473198248E+05  -.5913706343E+06
L7 0.0000000000E+00  0.4800744820E+04  0.1303133620E+05  0.2028724379E+05
L8 0.5802870923E+04  0.5819028352E+05  0.0000000000E+00  0.0000000000E+00
L9 0.0000000000E+00  0.0000000000E+00  0.0000000000E+00  0.1037424088E+01  0.0000000000E+00
L0    59000  0.2280000000E+03  -.3517029558E+06  0.9304356569E+05
L1 0.3005982610E+03  0.3005982610E+03  -.4447465215E+12  0.1000000000E+01
L2 0.1000000000E+01  0.1238438884E+03  0.9761388357E+02  0.1227120708E+03
L3 0.1483435201E+07  0.1941998468E+03  0.9728922410E+02  0.8909911647E+02
L4 0.1268627291E+03  0.1253184285E+05  0.1247347365E+05  0.1237037465E+05
L5 0.3737569115E+05  0.1045848606E+05  0.1143477421E+05  0.1141911613E+05
L6 0.3331237640E+05  -.4447465215E+06  0.4459387325E+05  -.5915113116E+06
L7 0.0000000000E+00  0.4806014048E+04  0.1319630420E+05  0.2020218182E+05
L8 0.5782916741E+04  0.5818350010E+05  0.0000000000E+00  0.0000000000E+00
L9 0.0000000000E+00  0.0000000000E+00  0.0000000000E+00  0.1036706892E+01  0.0000000000E+00
L0    60000  0.2300000000E+03  -.3517680006E+06  0.9312947142E+05
L1 0.3008757989E+03  0.3008757989E+03  -.4448974720E+12  0.1000000000E+01
L2 0.1000000000E+01  0.1238212035E+03  0.9759600326E+02  0.1226895932E+03
L3 0.1482639579E+07  0.1269255865E+02  -.4863933021E+02  -.2373024055E+02
L4 -.1989233737E+02  0.1251905586E+05  0.1262513826E+05  0.1244952717E+05
L5 0.3759372129E+05  0.1238361760E+05  0.1314415308E+05  0.1270274502E+05
L6 0.3823051570E+05  -.4448974720E+06  0.4444800389E+05  -.5915875901E+06
L7 0.0000000000E+00  0.4802127782E+04  0.1301018030E+05  0.2029451311E+05
L8 0.5816602801E+04  0.5831869019E+05  0.0000000000E+00  0.0000000000E+00
L9 0.0000000000E+00  0.0000000000E+00  0.0000000000E+00  0.1037263215E+01  0.0000000000E+00
L0    61000  0.2320000000E+03  -.3522786687E+06  0.9321423528E+05
L1 0.3011496477E+03  0.3011496477E+03  -.4454929040E+12  0.1000000000E+01
L2 0.1000000000E+01  0.1238467373E+03  0.9761612906E+02  0.1227148937E+03
L3 0.1483555754E+07  -.4041041817E+02  0.1552583621E+03  -.1463423161E+03
L4 -.1049812407E+02  0.1244360946E+05  0.1252262743E+05  0.1261310000E+05
L5 0.3757933689E+05  0.1287508263E+05  0.1086489111E+05  0.1417563724E+05
L6 0.3791561098E+05  -.4454929040E+06  0.4460756541E+05  -.5920564766E+06
L7 0.0000000000E+00  0.4790973277E+04  0.1303961065E+05  0.2020076960E+05
L8 0.5764756390E+04  0.5815989730E+05  0.0000000000E+00  0.0000000000E+00
L9 0.0000000000E+00  0.0000000000E+00  0.0000000000E+00  0.1036622649E+01  0.0000000000E+00
L0    62000  0.2340000000E+03  -.3526323685E+06  0.9274798213E+05
L1 0.2996433115E+03  0.2996433115E+03  -.4453803506E+12  0.1000000000E+01
L2 0.1000000000E+01  0.1238332246E+03  0.9760547834E+02  0.1227015045E+03
L3 0.1483067312E+07  0.2405828066E+03  -.1054854318E+03  -.1010282478E+03
L4 0.1135637565E+02  0.1244869880E+05  0.1243082624E+05  0.1241773316E+05
L5 0.3729725820E+05  0.9880775603E+04  0.1355675245E+05  0.1349608446E+05
L6 0.3693361251E+05  -.4453803506E+06  0.4377165255E+05  -.5912635451E+06
L7 0.0000000000E+00  0.4872933988E+04  0.1307695374E+05  0.2026174776E+05
L8 0.5758257190E+04  0.5814164926E+05  0.0000000000E+00  0.0000000000E+00
L9 0.0000000000E+00  0.0000000000E+00  0.0000000000E+00  0.1036964057E+01  0.0000000000E+00
L0    63000  0.2360000000E+03  -.3517859284E+06  0.9296755647E+05
L1 0.3003526960E+03  0.3003526960E+03  -.4447534849E+12  0.1000000000E+01
L2 0.1000000000E+01  0.1238206543E+03  0.9759557044E+02  0.1226890491E+03
L3 0.1482628224E+07  -.5053669094E+02  -.1514197409E+03  -.4759675995E+02
L4 -.8318439726E+02  0.1250784186E+05  0.1233014821E+05  0.1254231358E+05
L5 0.3738030365E+05  0.1304709868E+05  0.1394588771E+05  0.1305019957E+05
L6 0.4004318595E+05  -.4447534849E+06  0.4353846225E+05  -.5902744739E+06
L7 0.0000000000E+00  0.4775967309E+04  0.1310616836E+05  0.2025184583E+05
L8 0.5792422880E+04  0.5805612240E+05  0.0000000000E+00  0.0000000000E+00
L9 0.0000000000E+00  0.0000000000E+00  0.0000000000E+00  0.1037271159E+01  0.0000000000E+00
L0    64000  0.2380000000E+03  -.3521545204E+06  0.9300253002E+05
L1 0.3004656860E+03  0.3004656860E+03  -.4451570505E+12  0.1000000000E+01
L2 0.1000000000E+01  0.1238092794E+03  0.9758660470E+02  0.1226777781E+03
L3 0.1482190138E+07  0.8537759721E+02  0.1950171152E+02  0.3152324295E+03
L4 0.1400372461E+03  0.1244125491E+05  0.1248893569E+05  0.1255750460E+05
L5 0.3748769520E+05  0.1153049391E+05  0.1228090221E+05  0.9194779321E+04
L6 0.3300617544E+05  -.4451570505E+06  0.4468705186E+05  -.5921293417E+06
L7 0.0000000000E+00  0.4923035717E+04  0.1305040499E+05  0.2029560297E+05
L8 0.5823776007E+04  0.5819241972E+05  0.0000000000E+00  0.0000000000E+00
L9 0.0000000000E+00  0.0000000000E+00  0.0000000000E+00  0.1037577742E+01  0.0000000000E+00
L0    65000  0.2400000000E+03  -.3517840718E+06  0.9272899347E+05
L1 0.2995819644E+03  0.2995819644E+03  -.4445130653E+12  0.1000000000E+01
L2 0.1000000000E+01  0.1238226053E+03  0.9759710817E+02  0.1226909822E+03
L3 0.1482669797E+07  0.7854236325E+02  -.1036992991E+03  0.4222979449E+03
L4 0.1323803363E+03  0.1232885660E+05  0.1249384040E+05  0.1254092281E+05
L5 0.3736361981E+05  0.1149073895E+05  0.1360040518E+05  0.8034623970E+04
L6 0.3312576810E+05  -.4445130653E+06  0.4417615359E+05  -.5908533158E+06
L7 0.0000000000E+00  0.4720849067E+04  0.1304818436E+05  0.2032310479E+05
L8 0.5794335866E+04  0.5827762286E+05  0.0000000000E+00  0.0000000000E+00
L9 0.0000000000E+00  0.0000000000E+00  0.0000000000E+00  0.1037242075E+01  0.0000000000E+00
L0    66000  0.2420000000E+03  -.3518137811E+06  0.9282782244E+05
L1 0.2999012537E+03  0.2999012537E+03  -.4446416035E+12  0.1000000000E+01
L2 0.1000000000E+01  0.1238448334E+03  0.9761462839E+02  0.1227130072E+03
L3 0.1483505107E+07  -.2216477496E+03  -.1796946761E+03  -.3306554139E+02
L4 -.1448026557E+03  0.1250474853E+05  0.1236258292E+05  0.1241984991E+05
L5 0.3728718135E+05  0.1487126184E+05  0.1428116700E+05  0.1277288775E+05
L6 0.4192531659E+05  -.4446416035E+06  0.4350483468E+05  -.5903541341E+06
L7 0.0000000000E+00  0.4839162286E+04  0.1298043408E+05  0.2033233051E+05
L8 0.5760560482E+04  0.5829520856E+05  0.0000000000E+00  0.0000000000E+00
L9 0.0000000000E+00  0.0000000000E+00  0.0000000000E+00  0.1036658040E+01  0.0000000000E+00
L0    67000  0.2440000000E+03  -.3521986345E+06  0.9320858261E+05
L1 0.3011313855E+03  0.3011313855E+03  -.4454072171E+12  0.1000000000E+01
L2 0.1000000000E+01  0.1238191592E+03  0.9759439195E+02  0.1226875676E+03
L3 0.1482574646E+07  -.1081633857E+03  0.1729954296E+03  -.3173492674E+03
L4 -.8417240783E+02  0.1235299030E+05  0.1254592301E+05  0.1253488305E+05
L5 0.3743379636E+05  0.1350711682E+05  0.1070002467E+05  0.1592106780E+05
L6 0.4012820929E+05  -.4454072171E+06  0.4436632492E+05  -.5917143267E+06
L7 0.0000000000E+00  0.4737556107E+04  0.1304549150E+05  0.2025595961E+05
L8 0.5748966512E+04  0.5815281087E+05  0.0000000000E+00  0.0000000000E+00
L9 0.0000000000E+00  0.0000000000E+00  0.0000000000E+00  0.1037308645E+01  0.0000000000E+00
L0    68000  0.2460000000E+03  -.3526071186E+06  0.9269746795E+05
L1 0.2994801141E+03  0.2994801141E+03  -.4453045866E+12  0.1000000000E+01
L2 0.1000000000E+01  0.1238512067E+03  0.9761965187E+02  0.1227193223E+03
L3 0.1483709804E+07  -.1526926548E+03  0.1153458944E+03  0.1548668270E+03
L4 0.3917335555E+02  0.1241609801E+05  0.1242512329E+05  0.1236536290E+05
L5 0.3720658420E+05  0.1404660886E+05  0.1119341550E+05  0.1071163540E+05
L6 0.3595165976E+05  -.4453045866E+06  0.4465030650E+05  -.5922190624E+06
L7 0.0000000000E+00  0.4639416535E+04  0.1293771575E+05  0.2032398480E+05
L8 0.5855931136E+04  0.5850712111E+05  0.0000000000E+00  0.0000000000E+00
L9 0.0000000000E+00  0.0000000000E+00  0.0000000000E+00  0.1036515020E+01  0.0000000000E+00
L0    69000  0.2480000000E+03  -.3520053031E+06  0.9286018420E+05
L1 0.3000058057E+03  0.3000058057E+03  -.4448654873E+12  0.1000000000E+01
L2 0.1000000000E+01  0.1238694750E+03  0.9763405097E+02  0.1227374236E+03
L3 0.1484378327E+07  0.3306553863E+02  0.4492826098E+02  -.2295613725E+03
L4 -.5052252428E+02  0.1256020267E+05  0.1252654601E+05  0.1252391788E+05
L5 0.3761066656E+05  0.1220695705E+05  0.1204656861E+05  0.1497636695E+05
L6 0.3922989261E+05  -.4448654873E+06  0.4396037371E+05  -.5907042957E+06
L7 0.0000000000E+00  0.4834695331E+04  0.1299106727E+05  0.2029991951E+05
L8 0.5810527718E+04  0.5794222481E+05  0.0000000000E+00  0.0000000000E+00
L9 0.0000000000E+00  0.0000000000E+00  0.0000000000E+00  0.1036048202E+01  0.0000000000E+00
L0    70000  0.2500000000E+03  -.3520445316E+06  0.9265248129E+05
L1 0.2993347745E+03  0.2993347745E+03  -.4446970129E+12  0.1000000000E+01
L2 0.1000000000E+01  0.1238665961E+03  0.9763178176E+02  0.1227345709E+03
L3 0.1484274951E+07  0.1239232168E+03  -.1703467624E+03  -.1078796834E+03
L4 -.5143440964E+02  0.1239476594E+05  0.1235445516E+05  0.1252777912E+05
L5 0.3727700021E+05  0.1107096216E+05  0.1417417622E+05  0.1368019863E+05
L6 0.3892533700E+05  -.4446970129E+06  0.4433801693E+05  -.5912159961E+06
L7 0.0000000000E+00  0.4803964011E+04  0.1296883588E+05  0.2027550337E+05
L8 0.5827812994E+04  0.5830484999E+05  0.0000000000E+00  0.0000000000E+00
L9 0.0000000000E+00  0.0000000000E+00  0.0000000000E+00  0.1036120360E+01  0.0000000000E+00
L0    71000  0.2520000000E+03  -.3527539205E+06  0.9282598096E+05
L1 0.2998953044E+03  0.2998953044E+03  -.4455799015E+12  0.1000000000E+01
L2 0.1000000000E+01  0.1238489377E+03  0.9761786339E+02  0.1227170739E+03
L3 0.1483632789E+07  -.8047919400E+02  0.1477230652E+03  -.5246061009E+02
L4 0.4927753697E+01  0.1259554354E+05  0.1259494674E+05  0.1237792119E+05
L5 0.3756841147E+05  0.1345488670E+05  0.1101758496E+05  0.1293808667E+05
L6 0.3741055832E+05  -.4455799015E+06  0.4433588155E+05  -.5920803810E+06
L7 0.0000000000E+00  0.4788460376E+04  0.1300617031E+05  0.2029669432E+05
L8 0.5801659138E+04  0.5827161383E+05  0.0000000000E+00  0.0000000000E+00
L9 0.0000000000E+00  0.0000000000E+00  0.0000000000E+00  0.1036568825E+01  0.0000000000E+00
L0    72000  0.2540000000E+03  -.3521166757E+06  0.9308200902E+05
L1 0.3007224609E+03  0.3007224609E+03  -.4451986847E+12  0.1000000000E+01
L2 0.1000000000E+01  0.1238429203E+03  0.9761312048E+02  0.1227111115E+03
L3 0.1483410687E+07  0.4420350019E+02  -.8744022450E+02  0.1908384284E+03
L4 0.4920056804E+02  0.1248435888E+05  0.1257116567E+05  0.1247851123E+05
L5 0.3753403578E+05  0.1201243208E+05  0.1350469775E+05  0.1044107598E+05
L6 0.3595820582E+05  -.4451986847E+06  0.4410650926E+05  -.5913795491E+06
L7 0.0000000000E+00  0.4640963093E+04  0.1304314558E+05  0.2029480413E+05
L8 0.5734413085E+04  0.5836102918E+05  0.0000000000E+00  0.0000000000E+00
L9 0.0000000000E+00  0.0000000000E+00  0.0000000000E+00  0.1036724024E+01  0.0000000000E+00
L0    73000  0.2560000000E+03  -.3522257779E+06  0.9294014056E+05
L1 0.3002641228E+03  0.3002641228E+03  -.4451659184E+12  0.1000000000E+01
L2 0.1000000000E+01  0.1238091182E+03  0.9758647763E+02  0.1226776184E+03
L3 0.1482203808E+07  0.2576858511E+03  0.4552490244E+01  -.2836782877E+03
L4 -.7146648790E+01  0.1237764545E+05  0.1265627316E+05  0.1249873314E+05
L5 0.3753265175E+05  0.9628769907E+04  0.1260770927E+05  0.1552488419E+05
L6 0.3776136336E+05  -.4451659184E+06  0.4389424245E+05  -.5912423646E+06
L7 0.0000000000E+00  0.4715964648E+04  0.1303803481E+05  0.2030230320E+05
L8 0.5824274579E+04  0.5830162650E+05  0.0000000000E+00  0.0000000000E+00
L9 0.0000000000E+00  0.0000000000E+00  0.0000000000E+00  0.1037568173E+01  0.0000000000E+00
L0    74000  0.2580000000E+03  -.3517490880E+06  0.9275295849E+05
L1 0.2996593888E+03  0.2996593888E+03  -.4445020465E+12  0.1000000000E+01
L2 0.1000000000E+01  0.1238480802E+03  0.9761718753E+02  0.1227162243E+03
L3 0.1483611738E+07  -.1128508849E+03  0.7519166214E+02  -.1689172948E+03
L4 -.6885883919E+02  0.1250742985E+05  0.1233767404E+05  0.1242084119E+05
L5 0.3726594508E+05  0.1371241532E+05  0.1153480164E+05  0.1422448576E+05
L6 0.3947170272E+05  -.4445020465E+06  0.4438491693E+05  -.5909931553E+06
L7 0.0000000000E+00  0.4708369929E+04  0.1300972979E+05  0.2029579055E+05
L8 0.5811055439E+04  0.5828124623E+05  0.0000000000E+00  0.0000000000E+00
L9 0.0000000000E+00  0.0000000000E+00  0.0000000000E+00  0.1036583533E+01  0.0000000000E+00
L0    75000  0.2600000000E+03  -.3519835301E+06  0.9304122179E+05
L1 0.3005906885E+03  0.3005906885E+03  -.4450247519E+12  0.1000000000E+01
L2 0.1000000000E+01  0.1238466901E+03  0.9761609183E+02  0.1227148469E+03
L3 0.1483561998E+07  0.1173347498E+02  -.1165544020E+03  -.1066923377E+03
L4 -.7050442156E+02  0.1262248948E+05  0.1249847371E+05  0.1243972881E+05
L5 0.3756069200E+05  0.1249720741E+05  0.1374296242E+05  0.1357891710E+05
L6 0.3981908692E+05  -.4450247519E+06  0.4406393609E+05  -.5911410929E+06
L7 0.0000000000E+00  0.4735813182E+04  0.1301691196E+05  0.2027050656E+05
L8 0.5729493237E+04  0.5829967998E+05  0.0000000000E+00  0.0000000000E+00
L9 0.0000000000E+00  0.0000000000E+00  0.0000000000E+00  0.1036618287E+01  0.0000000000E+00
L0    76000  0.2620000000E+03  -.3521129501E+06  0.9314787541E+05
L1 0.3009352571E+03  0.3009352571E+03  -.4452608255E+12  0.1000000000E+01
L2 0.1000000000E+01  0.1238366125E+03  0.9760814870E+02  0.1227048614E+03
L3 0.1483190885E+07  0.3809558253E+02  -.1317076250E+03  0.8584672174E+02
L4 -.2588440243E+01  0.1246446864E+05  0.1234805159E+05  0.1250341445E+05
L5 0.3731593468E+05  0.1205781165E+05  0.1375398434E+05  0.1158703078E+05
L6 0.3739882676E+05  -.4452608255E+06  0.4423041271E+05  -.5914276863E+06
L7 0.0000000000E+00  0.4889110093E+04  0.1300064130E+05  0.2023856667E+05
L8 0.5776192976E+04  0.5803193705E+05  0.0000000000E+00  0.0000000000E+00
L9 0.0000000000E+00  0.0000000000E+00  0.0000000000E+00  0.1036877662E+01  0.0000000000E+00
L0    77000  0.2640000000E+03  -.3517128733E+06  0.9279722940E+05
L1 0.2998024160E+03  0.2998024160E+03  -.4445101027E+12  0.1000000000E+01
L2 0.1000000000E+01  0.1238181843E+03  0.9759362356E+02  0.1226866016E+03
L3 0.1482533633E+07  -.2445373015E+03  0.9061477205E+02  0.3740018018E+02
L4 -.3884078308E+02  0.1236275142E+05  0.1252663297E+05  0.1242454166E+05
L5 0.3731392605E+05  0.1497194469E+05  0.1155978067E+05  0.1202548476E+05
L6 0.3855721011E+05  -.4445101027E+06  0.4357927484E+05  -.5901683101E+06
L7 0.0000000000E+00  0.4766990999E+04  0.1297410349E+05  0.2032258838E+05
L8 0.5771307555E+04  0.5824394213E+05  0.0000000000E+00  0.0000000000E+00
L9 0.0000000000E+00  0.0000000000E+00  0.0000000000E+00  0.1037337341E+01  0.0000000000E+00
L0    78000  0.2660000000E+03  -.3518211478E+06  0.9285560928E+05
L1 0.2999910254E+03  0.2999910254E+03  -.4446767571E+12  0.1000000000E+01
L2 0.1000000000E+01  0.1238501660E+03  0.9761883160E+02  0.1227182911E+03
L3 0.1483676139E+07  0.3861004961E+02  -.5410737680E+02  0.4831686441E+02
L4 0.1093984574E+02  0.1256586786E+05  0.1240590862E+05  0.1255701601E+05
L5 0.3752879249E+05  0.1215358427E+05  0.1298367487E+05  0.1204108167E+05
L6 0.3717834082E+05  -.4446767571E+06  0.4398872144E+05  -.5907913683E+06
L7 0.0000000000E+00  0.4811226731E+04  0.1309291057E+05  0.2030532212E+05
L8 0.5742347578E+04  0.5817408273E+05  0.0000000000E+00  0.0000000000E+00
L9 0.0000000000E+00  0.0000000000E+00  0.0000000000E+00  0.1036538538E+01  0.0000000000E+00
L0    79000  0.2680000000E+03  -.3516275875E+06  0.9322549927E+05
L1 0.3011860386E+03  0.3011860386E+03  -.4448530867E+12  0.1000000000E+01
L2 0.1000000000E+01  0.1238347801E+03  0.9760670439E+02  0.1227030458E+03
L3 0.1483134070E+07  -.2097621982E+03  0.4466595071E+02  -.4732431279E+02
L4 -.7080685341E+02  0.1251176278E+05  0.1259047027E+05  0.1244474577E+05
L5 0.3754697882E+05  0.1475081498E+05  0.1211369516E+05  0.1294989687E+05
L6 0.3981440701E+05  -.4448530867E+06  0.4447017641E+05  -.5914667438E+06
L7 0.0000000000E+00  0.4674236790E+04  0.1311550879E+05  0.2030893563E+05
L8 0.5823939439E+04  0.5822085999E+05  0.0000000000E+00  0.0000000000E+00
L9 0.0000000000E+00  0.0000000000E+00  0.0000000000E+00  0.1036917382E+01  0.0000000000E+00
L0    80000  0.2700000000E+03  -.3526680871E+06  0.9263499093E+05
L1 0.2992782679E+03  0.2992782679E+03  -.4453030781E+12  0.1000000000E+01
L2 0.1000000000E+01  0.1238444098E+03  0.9761429456E+02  0.1227125875E+03
L3 0.1483460665E+07  0.2948820815E+03  0.3556537176E+02  -.1023580333E+03
L4 0.7602980666E+02  0.1235233858E+05  0.1246287236E+05  0.1251909573E+05
L5 0.3733430667E+05  0.9204003139E+04  0.1208315543E+05  0.1361193061E+05
L6 0.3489908917E+05  -.4453030781E+06  0.4467257653E+05  -.5920477815E+06
L7 0.0000000000E+00  0.4807161094E+04  0.1288440234E+05  0.2032480344E+05
L8 0.5814331730E+04  0.5824142826E+05  0.0000000000E+00  0.0000000000E+00
L9 0.0000000000E+00  0.0000000000E+00  0.0000000000E+00  0.1036689097E+01  0.0000000000E+00
L0    81000  0.2720000000E+03  -.3520939689E+06  0.9278998426E+05
L1 0.2997790089E+03  0.2997790089E+03  -.4448839532E+12  0.1000000000E+01
L2 0.1000000000E+01  0.1238233621E+03  0.9759770470E+02  0.1226917321E+03
L3 0.1482711386E+07  0.6258826763E+01  0.3820733031E+02  0.2598311861E+02
L4 0.2348309189E+02  0.1240019380E+05  0.1238735681E+05  0.1241990314E+05
L5 0.3720745376E+05  0.1233340462E+05  0.1197963880E+05  0.1214263212E+05
L6 0.3645567555E+05  -.4448839532E+06  0.4389426992E+05  -.5907775942E+06
L7 0.0000000000E+00  0.4879757973E+04  0.1294676228E+05  0.2027377798E+05
L8 0.5708508018E+04  0.5819056486E+05  0.0000000000E+00  0.0000000000E+00
L9 0.0000000000E+00  0.0000000000E+00  0.0000000000E+00  0.1037212981E+01  0.0000000000E+00
L0    82000  0.2740000000E+03  -.3518425115E+06  0.9305673771E+05
L1 0.3006408162E+03  0.3006408162E+03  -.4448992492E+12  0.1000000000E+01
L2 0.1000000000E+01  0.1238871664E+03  0.9764799533E+02  0.1227549533E+03
L3 0.1485013528E+07  0.1846324495E+02  0.1507301990E+03  -.3003860034E+03
L4 -.4373085317E+02  0.1244368233E+05  0.1242963480E+05  0.1263190127E+05
L5 0.3750521839E+05  0.1224635146E+05  0.1081866550E+05  0.1584235698E+05
L6 0.3890737394E+05  -.4448992492E+06  0.4433129123E+05  -.5913636712E+06
L7 0.0000000000E+00  0.4827348775E+04  0.1311160973E+05  0.2032372313E+05
L8 0.5772821781E+04  0.5809762733E+05  0.0000000000E+00  0.0000000000E+00
L9 0.0000000000E+00  0.0000000000E+00  0.0000000000E+00  0.1035605042E+01  0.0000000000E+00
L0    83000  0.2760000000E+03  -.3520125061E+06  0.9260455377E+05
L1 0.2991799338E+03  0.2991799338E+03  -.4446170599E+12  0.1000000000E+01
L2 0.1000000000E+01  0.1238298005E+03  0.9760277945E+02  0.1226981117E+03
L3 0.1482955063E+07  -.3656131360E+03  0.1945710707E+02  0.1359038371E+03
L4 -.7008406396E+02  0.1236660332E+05  0.1239207996E+05  0.1243076620E+05
L5 0.3718944948E+05  0.1626877491E+05  0.1218441518E+05  0.1098027102E+05
L6 0.3943346111E+05  -.4446170599E+06  0.4375038795E+05  -.5901000440E+06
L7 0.0000000000E+00  0.4738363093E+04  0.1304411556E+05  0.2024373224E+05
L8 0.5739801813E+04  0.5796658349E+05  0.0000000000E+00  0.0000000000E+00
L9 0.0000000000E+00  0.0000000000E+00  0.0000000000E+00  0.1037042548E+01  0.0000000000E+00
L0    84000  0.2780000000E+03  -.3521750259E+06  0.9276028584E+05
L1 0.2996830615E+03  0.2996830615E+03  -.4449353117E+12  0.1000000000E+01
L2 0.1000000000E+01  0.1238457254E+03  0.9761533146E+02  0.1227138910E+03
L3 0.1483515135E+07  0.3213965477E+02  0.8389785345E+02  -.5109106592E+02
L4 0.2164881410E+02  0.1249078075E+05  0.1240181308E+05  0.1229133025E+05
L5 0.3718392408E+05  0.1214762619E+05  0.1150603710E+05  0.1283682871E+05
L6 0.3649049201E+05  -.4449353117E+06  0.4434717963E+05  -.5912251032E+06
L7 0.0000000000E+00  0.4689292050E+04  0.1309129432E+05  0.2025605933E+05
L8 0.5748306668E+04  0.5815765947E+05  0.0000000000E+00  0.0000000000E+00
L9 0.0000000000E+00  0.0000000000E+00  0.0000000000E+00  0.1036651032E+01  0.0000000000E+00
L0    85000  0.2800000000E+03  -.3515054432E+06  0.9308470994E+05
L1 0.3007311868E+03  0.3007311868E+03  -.4445901531E+12  0.1000000000E+01
L2 0.1000000000E+01  0.1238689131E+03  0.9763360808E+02  0.1227368669E+03
L3 0.1484347753E+07  -.1985086746E+03  0.9369164193E+02  0.1883003077E+03
L4 0.2782775833E+02  0.1251418616E+05  0.1253291051E+05  0.1259593324E+05
L5 0.3764302991E+05  0.1463484950E+05  0.1153200498E+05  0.1058432563E+05
L6 0.3675118011E+05  -.4445901531E+06  0.4429368133E+05  -.5908237343E+06
L7 0.0000000000E+00  0.4663105331E+04  0.1304964518E+05  0.2019414633E+05
L8 0.5819114082E+04  0.5821388887E+05  0.0000000000E+00  0.0000000000E+00
L9 0.0000000000E+00  0.0000000000E+00  0.0000000000E+00  0.1036069542E+01  0.0000000000E+00
L0    86000  0.2820000000E+03  -.3517416034E+06  0.9259848439E+05
L1 0.2991603253E+03  0.2991603253E+03  -.4443400877E+12  0.1000000000E+01
L2 0.1000000000E+01  0.1238483851E+03  0.9761742788E+02  0.1227165264E+03
L3 0.1483620699E+07  0.4911519368E+02  -.1348158043E+03  -.7559558164E+02
L4 -.5376539743E+02  0.1230316016E+05  0.1252125887E+05  0.1253882680E+05
L5 0.3736324583E+05  0.1177872075E+05  0.1396078738E+05  0.1334601699E+05
L6 0.3908552511E+05  -.4443400877E+06  0.4378620325E+05  -.5901325351E+06
L7 0.0000000000E+00  0.4811360290E+04  0.1307641216E+05  0.2017020111E+05
L8 0.5750845930E+04  0.5819742457E+05  0.0000000000E+00  0.0000000000E+00
L9 0.0000000000E+00  0.0000000000E+00  0.0000000000E+00  0.1036577272E+01  0.0000000000E+00
L0    87000  0.2840000000E+03  -.3513788039E+06  0.9324129871E+05
L1 0.3012370822E+03  0.3012370822E+03  -.4446201026E+12  0.1000000000E+01
L2 0.1000000000E+01  0.1238498447E+03  0.9761857835E+02  0.1227179727E+03
L3 0.1483674818E+07  -.1646955671E+03  -.9770140202E+02  0.6340965048E+02
L4 -.6632910621E+02  0.1245035771E+05  0.1252233632E+05  0.1254931237E+05
L5 0.3752200641E+05  0.1420899880E+05  0.1356560484E+05  0.1187221572E+05
L6 0.3964681936E+05  -.4446201026E+06  0.4379086350E+05  -.5903925439E+06
L7 0.0000000000E+00  0.4759091893E+04  0.1306151695E+05  0.2025978198E+05
L8 0.5760513047E+04  0.5814067391E+05  0.0000000000E+00  0.0000000000E+00
L9 0.0000000000E+00  0.0000000000E+00  0.0000000000E+00  0.1036539461E+01  0.0000000000E+00
L0    88000  0.2860000000E+03  -.3520149933E+06  0.9316914270E+05
L1 0.3010039659E+03  0.3010039659E+03  -.4451841360E+12  0.1000000000E+01
L2 0.1000000000E+01  0.1237845415E+03  0.9756710624E+02  0.1226532663E+03
L3 0.1481305646E+07  0.2052761541E+03  0.1649328403E+03  -.3603887625E+02
L4 0.1113900394E+03  0.1232431903E+05  0.1247573589E+05  0.1251264230E+05
L5 0.3731269721E+05  0.1013585325E+05  0.1071737346E+05  0.1289685569E+05
L6 0.3375008239E+05  -.4451841360E+06  0.4406608312E+05  -.5913197263E+06
L7 0.0000000000E+00  0.4825284364E+04  0.1301864702E+05  0.2021173891E+05
L8 0.5785423103E+04  0.5822841377E+05  0.0000000000E+00  0.0000000000E+00
L9 0.0000000000E+00  0.0000000000E+00  0.0000000000E+00  0.1038197283E+01  0.0000000000E+00
L0    89000  0.2880000000E+03  -.3513189333E+06  0.9328624751E+05
L1 0.3013822995E+03  0.3013822995E+03  -.4446051808E+12  0.1000000000E+01
L2 0.1000000000E+01  0.1238177175E+03  0.9759325564E+02  0.1226861391E+03
L3 0.1482509249E+07  0.2681131667E+02  0.1068686041E+03  -.7741149414E+02
L4 0.1875614221E+02  0.1272521809E+05  0.1253217448E+05  0.1253571735E+05
L5 0.3779310992E+05  0.1243914821E+05  0.1139191385E+05  0.1336167816E+05
L6 0.3719274022E+05  -.4446051808E+06  0.4416790633E+05  -.5908426684E+06
L7 0.0000000000E+00  0.4749385622E+04  0.1314024149E+05  0.2027372044E+05
L8 0.5743580553E+04  0.5816265318E+05  0.0000000000E+00  0.0000000000E+00
L9 0.0000000000E+00  0.0000000000E+00  0.0000000000E+00  0.1037354403E+01  0.0000000000E+00
L0    90000  0.2900000000E+03  -.3519193703E+06  0.9297499494E+05
L1 0.3003767277E+03  0.3003767277E+03  -.4448943653E+12  0.1000000000E+01
L2 0.1000000000E+01  0.1238238186E+03  0.9759806450E+02  0.1226921844E+03
L3 0.1482721144E+07  0.1562511781E+03  0.1147619645E+02  0.5336442623E+02
L4 0.7369726694E+02  0.1242520277E+05  0.1243979405E+05  0.1250447630E+05
L5 0.3736947313E+05  0.1075780445E+05  0.1231732848E+05  0.1193501016E+05
L6 0.3501014309E+05  -.4448943653E+06  0.4416618822E+05  -.5911252002E+06
L7 0.0000000000E+00  0.4773525318E+04  0.1311832389E+05  0.2027077926E+05
L8 0.5732759215E+04  0.5816925902E+05  0.0000000000E+00  0.0000000000E+00
L9 0.0000000000E+00  0.0000000000E+00  0.0000000000E+00  0.1037206155E+01  0.0000000000E+00
L0    91000  0.2920000000E+03  -.3520860986E+06  0.9275615819E+05
L1 0.2996697261E+03  0.2996697261E+03  -.4448422568E+12  0.1000000000E+01
L2 0.1000000000E+01  0.1238264533E+03  0.9760014123E+02  0.1226947951E+03
L3 0.1482825620E+07  0.3285260806E+02  -.2829763138E+03  0.2483821611E+03
L4 -.5805148721E+00  0.1255889070E+05  0.1242726963E+05  0.1262999072E+05
L5 0.3761615104E+05  0.1220828698E+05  0.1544719872E+05  0.9979251147E+04
L6 0.3763473685E+05  -.4448422568E+06  0.4395757796E+05  -.5909940835E+06
L7 0.0000000000E+00  0.4784431367E+04  0.1312393304E+05  0.2032007080E+05
L8 0.5765179043E+04  0.5820063447E+05  0.0000000000E+00  0.0000000000E+00
L9 0.0000000000E+00  0.0000000000E+00  0.0000000000E+00  0.1037133076E+01  0.0000000000E+00
L0    92000  0.2940000000E+03  -.3528477271E+06  0.9236357888E+05
L1 0.2984014100E+03  0.2984014100E+03  -.4452113060E+12  0.1000000000E+01
L2 0.1000000000E+01  0.1238206442E+03  0.9759556243E+02  0.1226890390E+03
L3 0.1482619248E+07  0.5777004854E+02  -.6457584729E+02  -.4740938852E+02
L4 -.1807172909E+02  0.1235798844E+05  0.1232397718E+05  0.1243341814E+05
L5 0.3711538376E+05  0.1174155109E+05  0.1301303605E+05  0.1293930170E+05
L6 0.3769388884E+05  -.4452113060E+06  0.4396488272E+05  -.5913706402E+06
L7 0.0000000000E+00  0.4818893688E+04  0.1299652485E+05  0.2024550314E+05
L8 0.5759483416E+04  0.5837404640E+05  0.0000000000E+00  0.0000000000E+00
L9 0.0000000000E+00  0.0000000000E+00  0.0000000000E+00  0.1037277439E+01  0.0000000000E+00
L0    93000  0.2960000000E+03  -.3528516702E+06  0.9250872809E+05
L1 0.2988703473E+03  0.2988703473E+03  -.4453603983E+12  0.1000000000E+01
L2 0.1000000000E+01  0.1238135993E+03  0.9759000968E+02  0.1226820586E+03
L3 0.1482347966E+07  0.1044948629E+03  0.5395443212E+02  0.2010142418E+03
L4 0.1198211790E+03  0.1235597383E+05  0.1238282987E+05  0.1236384833E+05
L5 0.3710265203E+05  0.1124116171E+05  0.1180721253E+05  0.1021931120E+05
L6 0.3326768544E+05  -.4453603983E+06  0.4446269871E+05  -.5918702697E+06
L7 0.0000000000E+00  0.4774415105E+04  0.1309001852E+05  0.2022006500E+05
L8 0.5772325646E+04  0.5819034836E+05  0.0000000000E+00  0.0000000000E+00
L9 0.0000000000E+00  0.0000000000E+00  0.0000000000E+00  0.1037467270E+01  0.0000000000E+00
L0    94000  0.2980000000E+03  -.3524133576E+06  0.9298737840E+05
L1 0.3004167353E+03  0.3004167353E+03  -.4454007360E+12  0.1000000000E+01
L2 0.1000000000E+01  0.1237727389E+03  0.9755780342E+02  0.1226415715E+03
L3 0.1480892008E+07  0.3243210682E+02  -.4493000632E+02  0.1186545205E+03
L4 0.3538554032E+02  0.1237050901E+05  0.1248467684E+05  0.1240719355E+05
L5 0.3726237939E+05  0.1202484423E+05  0.1296354554E+05  0.1114256128E+05
L6 0.3613095105E+05  -.4454007360E+06  0.4424726940E+05  -.5916770432E+06
L7 0.0000000000E+00  0.4780111504E+04  0.1302867268E+05  0.2023038097E+05
L8 0.5765735672E+04  0.5822413700E+05  0.0000000000E+00  0.0000000000E+00
L9 0.0000000000E+00  0.0000000000E+00  0.0000000000E+00  0.1038487269E+01  0.0000000000E+00
L0    95000  0.3000000000E+03  -.3516705818E+06  0.9286000274E+05
L1 0.3000052194E+03  0.3000052194E+03  -.4445305845E+12  0.1000000000E+01
L2 0.1000000000E+01  0.1238539568E+03  0.9762181951E+02  0.1227220472E+03
L3 0.1483828667E+07  -.7200156487E+02  -.1357361618E+03  -.1286029129E+03
L4 -.1121135465E+03  0.1249063344E+05  0.1236829628E+05  0.1236981314E+05
L5 0.3722874287E+05  0.1325955542E+05  0.1381785530E+05  0.1374319448E+05
L6 0.4082060520E+05  -.4445305845E+06  0.4390117203E+05  -.5906888136E+06
L7 0.0000000000E+00  0.4775698061E+04  0.1315237150E+05  0.2025279214E+05
L8 0.5822839163E+04  0.5825335616E+05  0.0000000000E+00  0.0000000000E+00
L9 0.0000000000E+00  0.0000000000E+00  0.0000000000E+00  0.1036431989E+01  0.0000000000E+00
L0    96000  0.3020000000E+03  -.3517079175E+06  0.9291159510E+05
L1 0.3001719002E+03  0.3001719002E+03  -.4446195126E+12  0.1000000000E+01
L2 0.1000000000E+01  0.1238136893E+03  0.9759008062E+02  0.1226821477E+03
L3 0.1482369849E+07  -.8565532326E+02  -.4983687209E+02  0.7181753274E+02
L4 -.2122488754E+02  0.1235237929E+05  0.1251032887E+05  0.1239233479E+05
L5 0.3725504295E+05  0.1326621371E+05  0.1304202553E+05  0.1162613217E+05
L6 0.3793437140E+05  -.4446195126E+06  0.4393632789E+05  -.5907041618E+06
L7 0.0000000000E+00  0.4780458762E+04  0.1309729764E+05  0.2028727401E+05
L8 0.5761168993E+04  0.5822212196E+05  0.0000000000E+00  0.0000000000E+00
L9 0.0000000000E+00  0.0000000000E+00  0.0000000000E+00  0.1037451954E+01  0.0000000000E+00
L0    97000  0.3040000000E+03  -.3515970976E+06  0.9279112605E+05
L1 0.2997826977E+03  0.2997826977E+03  -.4443882236E+12  0.1000000000E+01
L2 0.1000000000E+01  0.1238500265E+03  0.9761872163E+02  0.1227181528E+03
L3 0.1483681922E+07  -.1531755182E+02  -.7284149380E+01  -.1893294747E+03
L4 -.7064372531E+02  0.1240483648E+05  0.1248799848E+05  0.1251975062E+05
L5 0.3741258558E+05  0.1256840011E+05  0.1256577997E+05  0.1454144552E+05
L6 0.3967562559E+05  -.4443882236E+06  0.4443765266E+05  -.5908596244E+06
L7 0.0000000000E+00  0.4762580590E+04  0.1308116048E+05  0.2025269809E+05
L8 0.5763111799E+04  0.5817419714E+05  0.0000000000E+00  0.0000000000E+00
L9 0.0000000000E+00  0.0000000000E+00  0.0000000000E+00  0.1036534498E+01  0.0000000000E+00
L0    98000  0.3060000000E+03  -.3521706967E+06  0.9271363573E+05
L1 0.2995323477E+03  0.2995323477E+03  -.4448843324E+12  0.1000000000E+01
L2 0.1000000000E+01  0.1238375491E+03  0.9760888689E+02  0.1227057894E+03
L3 0.1483219441E+07  -.7875722200E+02  -.1147352550E+02  0.1979935097E+03
L4 0.3592092074E+02  0.1239648331E+05  0.1238964500E+05  0.1251705930E+05
L5 0.3730318761E+05  0.1323720525E+05  0.1251212322E+05  0.1040350727E+05
L6 0.3615283574E+05  -.4448843324E+06  0.4405903563E+05  -.5912131594E+06
L7 0.0000000000E+00  0.4818206012E+04  0.1304669581E+05  0.2034160424E+05
L8 0.5767304851E+04  0.5829598047E+05  0.0000000000E+00  0.0000000000E+00
L9 0.0000000000E+00  0.0000000000E+00  0.0000000000E+00  0.1036857699E+01  0.0000000000E+00
L0    99000  0.3080000000E+03  -.3516089836E+06  0.9307705466E+05
L1 0.3007064547E+03  0.3007064547E+03  -.4446860382E+12  0.1000000000E+01
L2 0.1000000000E+01  0.1238518540E+03  0.9762016204E+02  0.1227199636E+03
L3 0.1483746714E+07  0.1312009646E+02  -.1107511157E+03  -.9422281732E+02
L4 -.6395127885E+02  0.1243370597E+05  0.1246250504E+05  0.1241758732E+05
L5 0.3731379832E+05  0.1229360105E+05  0.1364517743E+05  0.1342375980E+05
L6 0.3936253829E+05  -.4446860382E+06  0.4440225372E+05  -.5914227149E+06
L7 0.0000000000E+00  0.4837486366E+04  0.1309747749E+05  0.2028499627E+05
L8 0.5800021455E+04  0.5831444137E+05  0.0000000000E+00  0.0000000000E+00
L9 0.0000000000E+00  0.0000000000E+00  0.0000000000E+00  0.1036489235E+01  0.0000000000E+00
L0   100000  0.3100000000E+03  -.3517410712E+06  0.9309573669E+05
L1 0.3007668112E+03  0.3007668112E+03  -.4448368079E+12  0.1000000000E+01
L2 0.1000000000E+01  0.1237971669E+03  0.9757705764E+02  0.1226657763E+03
L3 0.1481778518E+07  0.2225011273E+03  -.2341980866E+03  -.9824937619E+02
L4 -.3664877850E+02  0.1257742892E+05  0.1243325973E+05  0.1235932171E+05
L5 0.3737001036E+05  0.1020456905E+05  0.1493086164E+05  0.1340710067E+05
L6 0.3854253137E+05  -.4448368079E+06  0.4401655534E+05  -.5909466179E+06
L7 0.0000000000E+00  0.4725427497E+04  0.1306044115E+05  0.2021897803E+05
L8 0.5765163842E+04  0.5832324409E+05  0.0000000000E+00  0.0000000000E+00
L9 0.0000000000E+00  0.0000000000E+00  0.0000000000E+00  0.1037865968E+01  0.0000000000E+00
