
Resp charges for organic molecule                                               

iqopt   irstrnt  ihfree     qwt
  2      1      1        0.001000

 rel.rms   dipole mom       Qxx      Qyy      Qzz
    0.01521  34.08637 280.86479-146.42440-134.44039

          Point charges before & after optimization
    NO   At.No.    q0           q(opt)   IVARY  d(rstr)/dq 
     1     6  -0.140454      -0.146697    0    0.005633
     2     6  -0.457943      -0.512166    0    0.001916
     3     6   0.198050       0.198050  -99    0.004507
     4     6  -0.260784      -0.260784  -99    0.003580
     5     6  -0.080027      -0.080027  -99    0.007808
     6     6  -0.277909      -0.277909  -99    0.003386
     7     6   0.662247       0.662247  -99    0.001493
     8     6  -0.257886      -0.257886  -99    0.003615
     9     6   0.084814       0.084814  -99    0.007626
    10     6   0.391096       0.391096  -99    0.002477
    11     6  -0.420620      -0.420620  -99    0.002313
    12     6  -0.135100      -0.158805    0    0.005329
    13     6   0.441972       0.441972  -99    0.002207
    14     6   0.314054       0.314054  -99    0.003034
    15     6   0.170615       0.170615  -99    0.005057
    16     6  -0.025160      -0.025160  -99    0.009698
    17     6  -0.117695      -0.102048    0    0.006999
    18     6  -0.127343      -0.094224    0    0.007279
    19     6   0.387039       0.387039  -99    0.002502
    20     6   0.789736       0.789736  -99    0.001256
    21     9  -0.210613      -0.210613  -99    0.004289
    22     7  -0.286910      -0.286910  -99    0.003291
    23     7  -0.700357      -0.700357  -99    0.001414
    24     7  -0.246226      -0.246226  -99    0.003763
    25     7  -0.646960      -0.646960  -99    0.001528
    26     7  -0.480453      -0.480453  -99    0.002038
    27     8  -0.415404      -0.415404  -99    0.002340
    28     8  -0.620480      -0.620480  -99    0.001591
    29     1   0.149709       0.158445    0    0.000000
    30     1   0.157915       0.158445   29    0.000000
    31     1   0.129763       0.143696    0    0.000000
    32     1   0.124198       0.143696   31    0.000000
    33     1   0.134160       0.143696   31    0.000000
    34     1   0.163828       0.163828  -99    0.000000
    35     1   0.183221       0.183221  -99    0.000000
    36     1   0.094851       0.094851  -99    0.000000
    37     1   0.078913       0.078913  -99    0.000000
    38     1   0.189854       0.189854  -99    0.000000
    39     1   0.144618       0.162101    0    0.000000
    40     1   0.160273       0.162101   39    0.000000
    41     1   0.050045       0.050045  -99    0.000000
    42     1   0.113313       0.113313  -99    0.000000
    43     1   0.097497       0.097497  -99    0.000000
    44     1   0.098868       0.106398    0    0.000000
    45     1   0.127363       0.106398   44    0.000000
    46     1   0.102072       0.085804    0    0.000000
    47     1   0.092247       0.085804   46    0.000000
    48     1   0.033808       0.033808  -99    0.000000
    49     1   0.346818       0.346818  -99    0.000000
    50     1   0.346818       0.346818  -99    0.000000
    51     1   0.348554       0.348554  -99    0.000000

        Statistics of the fitting:
  The initial sum of squares (ssvpot)                    113.929
  The residual sum of squares (chipot)                     0.026
  The std err of estimate (sqrt(chipot/N))               0.00147
  ESP relative RMS (SQRT(chipot/ssvpot))                 0.01521

 Dipole Moment (Debye)=  34.08637
