L0  Nsteps           time(ps)         Etot             EKinetic        
L1  Temp             T_solute         T_solv           Pres_scal_solu  
L2  Pres_scal_solv   BoxX             BoxY             BoxZ            
L3  volume           pres_X           pres_Y           pres_Z          
L4  Pressure         EKCoM_x          EKCoM_y          EKCoM_z         
L5  EKComTot         VIRIAL_x         VIRIAL_y         VIRIAL_z        
L6  VIRIAL_tot       E_pot            E_vdw            E_el            
L7  E_hbon           E_bon            E_angle          E_dih           
L8  E_14vdw          E_14el           E_const          E_pol           
L9  AV_permMoment    AV_indMoment     AV_totMoment     Density          dV/dlambda      
L0     1000  0.1120000000E+03  -.3504659277E+06  0.9286140583E+05
L1 0.3003983611E+03  0.3003983611E+03  -.4433273335E+12  0.1000000000E+01
L2 0.1000000000E+01  0.1244553356E+03  0.1244553356E+03  0.1244553356E+03
L3 0.1483942520E+07  -.7019892786E+02  0.2209934526E+03  -.2255365678E+02
L4 0.4274695598E+02  0.1233778125E+05  0.1244755515E+05  0.1242278089E+05
L5 0.3720811729E+05  0.1308750996E+05  0.1008733199E+05  0.1266365528E+05
L6 0.3583849723E+05  -.4433273335E+06  0.4411871453E+05  -.5899731504E+06
L7 0.0000000000E+00  0.4746090545E+04  0.1315283999E+05  0.2062438150E+05
L8 0.5807952702E+04  0.5819583766E+05  0.0000000000E+00  0.0000000000E+00
L9 0.0000000000E+00  0.0000000000E+00  0.0000000000E+00  0.1034964827E+01  0.0000000000E+00
L0     2000  0.1140000000E+03  -.3506583846E+06  0.9286776930E+05
L1 0.3004189464E+03  0.3004189464E+03  -.4435261539E+12  0.1000000000E+01
L2 0.1000000000E+01  0.1243940359E+03  0.1243940359E+03  0.1243940359E+03
L3 0.1481761987E+07  0.6414954066E+02  -.1756028759E+02  -.1704948514E+03
L4 -.4130186611E+02  0.1246335418E+05  0.1246622049E+05  0.1244358704E+05
L5 0.3737316171E+05  0.1177924001E+05  0.1265348982E+05  0.1426180649E+05
L6 0.3869453632E+05  -.4435261539E+06  0.4391948381E+05  -.5896666985E+06
L7 0.0000000000E+00  0.4779493518E+04  0.1312908751E+05  0.2044973454E+05
L8 0.5784622311E+04  0.5807812288E+05  0.0000000000E+00  0.0000000000E+00
L9 0.0000000000E+00  0.0000000000E+00  0.0000000000E+00  0.1036487862E+01  0.0000000000E+00
L0     3000  0.1160000000E+03  -.3512059110E+06  0.9281675571E+05
L1 0.3002539220E+03  0.3002539220E+03  -.4440226667E+12  0.1000000000E+01
L2 0.1000000000E+01  0.1244385328E+03  0.1244385328E+03  0.1244385328E+03
L3 0.1483355899E+07  -.8227168202E+02  -.3238125882E+03  0.2090982794E+03
L4 -.6566199693E+02  0.1259212583E+05  0.1240484000E+05  0.1254247462E+05
L5 0.3753944045E+05  0.1347044491E+05  0.1586181048E+05  0.1031017542E+05
L6 0.3964243082E+05  -.4440226667E+06  0.4397105465E+05  -.5901924475E+06
L7 0.0000000000E+00  0.4725968273E+04  0.1309670049E+05  0.2050345528E+05
L8 0.5772925701E+04  0.5809967638E+05  0.0000000000E+00  0.0000000000E+00
L9 0.0000000000E+00  0.0000000000E+00  0.0000000000E+00  0.1035374123E+01  0.0000000000E+00
L0     4000  0.1180000000E+03  -.3509048441E+06  0.9302421043E+05
L1 0.3009250195E+03  0.3009250195E+03  -.4439290545E+12  0.1000000000E+01
L2 0.1000000000E+01  0.1244490932E+03  0.1244490932E+03  0.1244490932E+03
L3 0.1483730550E+07  0.1871448940E+02  -.1045081098E+02  -.1364369652E+03
L4 -.4272442893E+02  0.1245397938E+05  0.1256931572E+05  0.1238825271E+05
L5 0.3741154781E+05  0.1225413607E+05  0.1268091506E+05  0.1384519943E+05
L6 0.3878025056E+05  -.4439290545E+06  0.4399235818E+05  -.5901609141E+06
L7 0.0000000000E+00  0.4837753880E+04  0.1300956679E+05  0.2050962338E+05
L8 0.5800398112E+04  0.5808215926E+05  0.0000000000E+00  0.0000000000E+00
L9 0.0000000000E+00  0.0000000000E+00  0.0000000000E+00  0.1035112685E+01  0.0000000000E+00
L0     5000  0.1200000000E+03  -.3503945519E+06  0.9343695515E+05
L1 0.3022602118E+03  0.3022602118E+03  -.4438315070E+12  0.1000000000E+01
L2 0.1000000000E+01  0.1244146981E+03  0.1244146981E+03  0.1244146981E+03
L3 0.1482503387E+07  -.9492987245E+02  0.5691538052E+01  -.1004646782E+03
L4 -.6323433754E+02  0.1249667817E+05  0.1255501782E+05  0.1263074430E+05
L5 0.3768244029E+05  0.1350955158E+05  0.1249429081E+05  0.1370267244E+05
L6 0.3970651483E+05  -.4438315070E+06  0.4367371081E+05  -.5898686141E+06
L7 0.0000000000E+00  0.4908450136E+04  0.1316781481E+05  0.2043606077E+05
L8 0.5813948314E+04  0.5803712225E+05  0.0000000000E+00  0.0000000000E+00
L9 0.0000000000E+00  0.0000000000E+00  0.0000000000E+00  0.1035969514E+01  0.0000000000E+00
L0     6000  0.1220000000E+03  -.3509292959E+06  0.9288383671E+05
L1 0.3004709230E+03  0.3004709230E+03  -.4438131326E+12  0.1000000000E+01
L2 0.1000000000E+01  0.1243821062E+03  0.1243821062E+03  0.1243821062E+03
L3 0.1481350990E+07  -.2898956452E+03  -.2549240242E+03  0.7413042950E+02
L4 -.1568964133E+03  0.1242915540E+05  0.1241206488E+05  0.1259728738E+05
L5 0.3743850766E+05  0.1551985107E+05  0.1512991384E+05  0.1180695265E+05
L6 0.4245671755E+05  -.4438131326E+06  0.4371793379E+05  -.5896057472E+06
L7 0.0000000000E+00  0.4812009533E+04  0.1306982883E+05  0.2053959662E+05
L8 0.5759038235E+04  0.5789420756E+05  0.0000000000E+00  0.0000000000E+00
L9 0.0000000000E+00  0.0000000000E+00  0.0000000000E+00  0.1036775433E+01  0.0000000000E+00
L0     7000  0.1240000000E+03  -.3504236646E+06  0.9282275398E+05
L1 0.3002733258E+03  0.3002733258E+03  -.4432464186E+12  0.1000000000E+01
L2 0.1000000000E+01  0.1244163236E+03  0.1244163236E+03  0.1244163236E+03
L3 0.1482555763E+07  0.3634442336E+00  -.1724159161E+03  0.1124123986E+03
L4 -.1988002440E+02  0.1250885813E+05  0.1247905622E+05  0.1249254170E+05
L5 0.3748045605E+05  0.1250498015E+05  0.1431874759E+05  0.1129309258E+05
L6 0.3811682031E+05  -.4432464186E+06  0.4389975875E+05  -.5893529784E+06
L7 0.0000000000E+00  0.4791923670E+04  0.1311293598E+05  0.2045071945E+05
L8 0.5809424601E+04  0.5804179739E+05  0.0000000000E+00  0.0000000000E+00
L9 0.0000000000E+00  0.0000000000E+00  0.0000000000E+00  0.1035932916E+01  0.0000000000E+00
L0     8000  0.1260000000E+03  -.3516963770E+06  0.9258512384E+05
L1 0.2995046135E+03  0.2995046135E+03  -.4442815008E+12  0.1000000000E+01
L2 0.1000000000E+01  0.1243915317E+03  0.1243915317E+03  0.1243915317E+03
L3 0.1481664007E+07  0.1939687545E+02  0.1202694432E+03  -.7077532239E+02
L4 0.2296366543E+02  0.1242230518E+05  0.1228982164E+05  0.1235347706E+05
L5 0.3706560388E+05  0.1221546348E+05  0.1100730913E+05  0.1310820107E+05
L6 0.3633097368E+05  -.4442815008E+06  0.4411340170E+05  -.5907826243E+06
L7 0.0000000000E+00  0.4740410018E+04  0.1319521613E+05  0.2055600546E+05
L8 0.5827671672E+04  0.5806841846E+05  0.0000000000E+00  0.0000000000E+00
L9 0.0000000000E+00  0.0000000000E+00  0.0000000000E+00  0.1036556403E+01  0.0000000000E+00
L0     9000  0.1280000000E+03  -.3518167784E+06  0.9261379831E+05
L1 0.2995973729E+03  0.2995973729E+03  -.4444305768E+12  0.1000000000E+01
L2 0.1000000000E+01  0.1244087008E+03  0.1244087008E+03  0.1244087008E+03
L3 0.1482278480E+07  0.1390185006E+03  0.2198138533E+03  -.3096847734E+03
L4 0.1638252683E+02  0.1244259612E+05  0.1230832723E+05  0.1253417615E+05
L5 0.3728509950E+05  0.1095953523E+05  0.9963334814E+04  0.1583791900E+05
L6 0.3676078904E+05  -.4444305768E+06  0.4386236421E+05  -.5902183416E+06
L7 0.0000000000E+00  0.4702689083E+04  0.1299829828E+05  0.2047368116E+05
L8 0.5777741614E+04  0.5797299053E+05  0.0000000000E+00  0.0000000000E+00
L9 0.0000000000E+00  0.0000000000E+00  0.0000000000E+00  0.1036126702E+01  0.0000000000E+00
L0    10000  0.1300000000E+03  -.3504436861E+06  0.9292264033E+05
L1 0.3005964492E+03  0.3005964492E+03  -.4433663264E+12  0.1000000000E+01
L2 0.1000000000E+01  0.1244481017E+03  0.1244481017E+03  0.1244481017E+03
L3 0.1483693872E+07  0.1148430157E+03  -.5035682128E+02  -.1651108405E+03
L4 -.3354154872E+02  0.1235831566E+05  0.1243746537E+05  0.1242917831E+05
L5 0.3722495934E+05  0.1113199097E+05  0.1297518909E+05  0.1419227638E+05
L6 0.3829945644E+05  -.4433663264E+06  0.4413270705E+05  -.5895395193E+06
L7 0.0000000000E+00  0.4727157201E+04  0.1306737750E+05  0.2048728878E+05
L8 0.5780220939E+04  0.5797844147E+05  0.0000000000E+00  0.0000000000E+00
L9 0.0000000000E+00  0.0000000000E+00  0.0000000000E+00  0.1035138274E+01  0.0000000000E+00
L0    11000  0.1320000000E+03  -.3510816340E+06  0.9255434835E+05
L1 0.2994050575E+03  0.2994050575E+03  -.4436359823E+12  0.1000000000E+01
L2 0.1000000000E+01  0.1244345009E+03  0.1244345009E+03  0.1244345009E+03
L3 0.1483201918E+07  -.2988157202E+02  -.3319213961E+02  0.8832117328E+02
L4 0.8415820550E+01  0.1247102301E+05  0.1244544701E+05  0.1238507707E+05
L5 0.3730154709E+05  0.1279000070E+05  0.1279976411E+05  0.1144227248E+05
L6 0.3703203728E+05  -.4436359823E+06  0.4436423908E+05  -.5901728265E+06
L7 0.0000000000E+00  0.4914291172E+04  0.1308920633E+05  0.2045227115E+05
L8 0.5765170518E+04  0.5795166595E+05  0.0000000000E+00  0.0000000000E+00
L9 0.0000000000E+00  0.0000000000E+00  0.0000000000E+00  0.1035481613E+01  0.0000000000E+00
L0    12000  0.1340000000E+03  -.3513728156E+06  0.9279703104E+05
L1 0.3001901144E+03  0.3001901144E+03  -.4441698467E+12  0.1000000000E+01
L2 0.1000000000E+01  0.1243928182E+03  0.1243928182E+03  0.1243928182E+03
L3 0.1481722981E+07  0.2325113989E+03  -.3743482698E+03  -.8438421659E+02
L4 -.7540702916E+02  0.1252006737E+05  0.1235079676E+05  0.1246948185E+05
L5 0.3734034598E+05  0.1004054606E+05  0.1634287851E+05  0.1336936230E+05
L6 0.3975278688E+05  -.4441698467E+06  0.4373582083E+05  -.5901746384E+06
L7 0.0000000000E+00  0.4821953583E+04  0.1306785681E+05  0.2051585368E+05
L8 0.5772203499E+04  0.5809110331E+05  0.0000000000E+00  0.0000000000E+00
L9 0.0000000000E+00  0.0000000000E+00  0.0000000000E+00  0.1036515147E+01  0.0000000000E+00
L0    13000  0.1360000000E+03  -.3515922504E+06  0.9268369888E+05
L1 0.2998234950E+03  0.2998234950E+03  -.4442759493E+12  0.1000000000E+01
L2 0.1000000000E+01  0.1243654825E+03  0.1243654825E+03  0.1243654825E+03
L3 0.1480739529E+07  0.1327287058E+03  0.1325086847E+03  -.3363563793E+03
L4 -.2370632962E+02  0.1243906688E+05  0.1236682990E+05  0.1253587790E+05
L5 0.3734177468E+05  0.1102457613E+05  0.1095468393E+05  0.1612043018E+05
L6 0.3809969024E+05  -.4442759493E+06  0.4370846642E+05  -.5901860313E+06
L7 0.0000000000E+00  0.4736706958E+04  0.1317970596E+05  0.2056822730E+05
L8 0.5765308541E+04  0.5795166679E+05  0.0000000000E+00  0.0000000000E+00
L9 0.0000000000E+00  0.0000000000E+00  0.0000000000E+00  0.1037203562E+01  0.0000000000E+00
L0    14000  0.1380000000E+03  -.3507922953E+06  0.9285606196E+05
L1 0.3003810742E+03  0.3003810742E+03  -.4436483572E+12  0.1000000000E+01
L2 0.1000000000E+01  0.1244164723E+03  0.1244164723E+03  0.1244164723E+03
L3 0.1482534077E+07  0.7526862421E+02  0.2304621293E+03  0.2471203283E+03
L4 0.1842836939E+03  0.1254030268E+05  0.1239440523E+05  0.1248030791E+05
L5 0.3741501581E+05  0.1173719229E+05  0.9935392170E+04  0.9843553156E+04
L6 0.3151613762E+05  -.4436483572E+06  0.4465406973E+05  -.5902825755E+06
L7 0.0000000000E+00  0.4785572856E+04  0.1297279857E+05  0.2053911526E+05
L8 0.5799010457E+04  0.5788365146E+05  0.0000000000E+00  0.0000000000E+00
L9 0.0000000000E+00  0.0000000000E+00  0.0000000000E+00  0.1035948069E+01  0.0000000000E+00
L0    15000  0.1400000000E+03  -.3513904364E+06  0.9259838892E+05
L1 0.2995475249E+03  0.2995475249E+03  -.4439888253E+12  0.1000000000E+01
L2 0.1000000000E+01  0.1244110687E+03  0.1244110687E+03  0.1244110687E+03
L3 0.1482369926E+07  -.1826982791E+03  0.4624847719E+02  0.3117969156E+02
L4 -.3509003678E+02  0.1237921163E+05  0.1254968711E+05  0.1245854875E+05
L5 0.3738744749E+05  0.1432837227E+05  0.1205627408E+05  0.1212590069E+05
L6 0.3851054704E+05  -.4439888253E+06  0.4415422449E+05  -.5903022688E+06
L7 0.0000000000E+00  0.4677504879E+04  0.1309032381E+05  0.2061202623E+05
L8 0.5803634039E+04  0.5797573006E+05  0.0000000000E+00  0.0000000000E+00
L9 0.0000000000E+00  0.0000000000E+00  0.0000000000E+00  0.1036062785E+01  0.0000000000E+00
L0    16000  0.1420000000E+03  -.3518999718E+06  0.9244083174E+05
L1 0.2990378414E+03  0.2990378414E+03  -.4443408035E+12  0.1000000000E+01
L2 0.1000000000E+01  0.1243924717E+03  0.1243924717E+03  0.1243924717E+03
L3 0.1481713364E+07  -.1401443956E+03  -.1232848952E+03  -.2552072188E+02
L4 -.9631667090E+02  0.1231279546E+05  0.1241260071E+05  0.1264842665E+05
L5 0.3737382282E+05  0.1380729750E+05  0.1372731278E+05  0.1292058003E+05
L6 0.4045519030E+05  -.4443408035E+06  0.4360237957E+05  -.5898398099E+06
L7 0.0000000000E+00  0.4702914707E+04  0.1307156461E+05  0.2048856340E+05
L8 0.5778042042E+04  0.5785554206E+05  0.0000000000E+00  0.0000000000E+00
L9 0.0000000000E+00  0.0000000000E+00  0.0000000000E+00  0.1036521875E+01  0.0000000000E+00
L0    17000  0.1440000000E+03  -.3515129524E+06  0.9288267954E+05
L1 0.3004671797E+03  0.3004671797E+03  -.4443956320E+12  0.1000000000E+01
L2 0.1000000000E+01  0.1243547766E+03  0.1243547766E+03  0.1243547766E+03
L3 0.1480336045E+07  0.3316233290E+03  -.7332008889E+02  0.1501896296E+03
L4 0.1361642899E+03  0.1253090946E+05  0.1241842657E+05  0.1254931733E+05
L5 0.3749865336E+05  0.8997760333E+04  0.1319958635E+05  0.1094918154E+05
L6 0.3314652822E+05  -.4443956320E+06  0.4423961590E+05  -.5908427630E+06
L7 0.0000000000E+00  0.4701346891E+04  0.1314715745E+05  0.2049580633E+05
L8 0.5766657509E+04  0.5809654692E+05  0.0000000000E+00  0.0000000000E+00
L9 0.0000000000E+00  0.0000000000E+00  0.0000000000E+00  0.1037486265E+01  0.0000000000E+00
L0    18000  0.1460000000E+03  -.3508942159E+06  0.9313809081E+05
L1 0.3012934123E+03  0.3012934123E+03  -.4440323067E+12  0.1000000000E+01
L2 0.1000000000E+01  0.1244108243E+03  0.1244108243E+03  0.1244108243E+03
L3 0.1482344328E+07  0.3081243991E+03  0.2374155137E+02  -.5456922328E+02
L4 0.9243224239E+02  0.1258061408E+05  0.1264200450E+05  0.1252597026E+05
L5 0.3774858884E+05  0.9293371413E+04  0.1238871641E+05  0.1310814512E+05
L6 0.3479023294E+05  -.4440323067E+06  0.4440801065E+05  -.5902835168E+06
L7 0.0000000000E+00  0.4756424354E+04  0.1304378980E+05  0.2044132539E+05
L8 0.5735592040E+04  0.5786606789E+05  0.0000000000E+00  0.0000000000E+00
L9 0.0000000000E+00  0.0000000000E+00  0.0000000000E+00  0.1036080676E+01  0.0000000000E+00
L0    19000  0.1480000000E+03  -.3508153743E+06  0.9290258962E+05
L1 0.3005315870E+03  0.3005315870E+03  -.4437179639E+12  0.1000000000E+01
L2 0.1000000000E+01  0.1244372842E+03  0.1244372842E+03  0.1244372842E+03
L3 0.1483316426E+07  0.1873805415E+02  -.1201945030E+03  -.2129320156E+03
L4 -.1047961548E+03  0.1242138361E+05  0.1261506339E+05  0.1257231020E+05
L5 0.3760875720E+05  0.1222134451E+05  0.1389820620E+05  0.1484547725E+05
L6 0.4096502796E+05  -.4437179639E+06  0.4393424670E+05  -.5898787493E+06
L7 0.0000000000E+00  0.4737746605E+04  0.1323019651E+05  0.2052312463E+05
L8 0.5719411023E+04  0.5801605991E+05  0.0000000000E+00  0.0000000000E+00
L9 0.0000000000E+00  0.0000000000E+00  0.0000000000E+00  0.1035401676E+01  0.0000000000E+00
L0    20000  0.1500000000E+03  -.3509241813E+06  0.9293764922E+05
L1 0.3006450017E+03  0.3006450017E+03  -.4438618305E+12  0.1000000000E+01
L2 0.1000000000E+01  0.1244040704E+03  0.1244040704E+03  0.1244040704E+03
L3 0.1482112785E+07  0.1009812932E+03  -.1606483541E+03  0.1132279552E+03
L4 0.1785363143E+02  0.1247728162E+05  0.1254133634E+05  0.1247151268E+05
L5 0.3749013064E+05  0.1140012523E+05  0.1425495473E+05  0.1126372249E+05
L6 0.3691880245E+05  -.4438618305E+06  0.4387816345E+05  -.5898303454E+06
L7 0.0000000000E+00  0.4809600605E+04  0.1296326098E+05  0.2045355081E+05
L8 0.5780201086E+04  0.5808373789E+05  0.0000000000E+00  0.0000000000E+00
L9 0.0000000000E+00  0.0000000000E+00  0.0000000000E+00  0.1036242538E+01  0.0000000000E+00
L0    21000  0.1520000000E+03  -.3512413488E+06  0.9267697948E+05
L1 0.2998017583E+03  0.2998017583E+03  -.4439183283E+12  0.1000000000E+01
L2 0.1000000000E+01  0.1244027932E+03  0.1244027932E+03  0.1244027932E+03
L3 0.1482070572E+07  0.5799701484E+02  -.8701209239E+01  -.7369314375E+02
L4 -.8132446048E+01  0.1255922944E+05  0.1243423197E+05  0.1237286360E+05
L5 0.3736632501E+05  0.1194059925E+05  0.1252704417E+05  0.1315891790E+05
L6 0.3762656133E+05  -.4439183283E+06  0.4426544227E+05  -.5903689262E+06
L7 0.0000000000E+00  0.4810989742E+04  0.1308668247E+05  0.2050008163E+05
L8 0.5749747187E+04  0.5803765459E+05  0.0000000000E+00  0.0000000000E+00
L9 0.0000000000E+00  0.0000000000E+00  0.0000000000E+00  0.1036272052E+01  0.0000000000E+00
L0    22000  0.1540000000E+03  -.3511219796E+06  0.9309695618E+05
L1 0.3011603455E+03  0.3011603455E+03  -.4442189357E+12  0.1000000000E+01
L2 0.1000000000E+01  0.1243917423E+03  0.1243917423E+03  0.1243917423E+03
L3 0.1481661836E+07  -.2652160719E+02  0.1860330371E+03  0.1294799882E+03
L4 0.9633047272E+02  0.1240832213E+05  0.1232933214E+05  0.1260480057E+05
L5 0.3734245485E+05  0.1269113913E+05  0.1034554189E+05  0.1122407196E+05
L6 0.3426075298E+05  -.4442189357E+06  0.4405556619E+05  -.5902102168E+06
L7 0.0000000000E+00  0.4726720108E+04  0.1299321766E+05  0.2043690066E+05
L8 0.5744076555E+04  0.5803479990E+05  0.0000000000E+00  0.0000000000E+00
L9 0.0000000000E+00  0.0000000000E+00  0.0000000000E+00  0.1036557922E+01  0.0000000000E+00
L0    23000  0.1560000000E+03  -.3517308338E+06  0.9248979203E+05
L1 0.2991962236E+03  0.2991962236E+03  -.4442206258E+12  0.1000000000E+01
L2 0.1000000000E+01  0.1243872283E+03  0.1243872283E+03  0.1243872283E+03
L3 0.1481515988E+07  0.3298195803E+02  -.3988829851E+03  0.3042560303E+03
L4 -.2054833223E+02  0.1241265255E+05  0.1246816491E+05  0.1241125904E+05
L5 0.3729207650E+05  0.1206097928E+05  0.1672129272E+05  0.9167100147E+04
L6 0.3794937215E+05  -.4442206258E+06  0.4407484661E+05  -.5905258144E+06
L7 0.0000000000E+00  0.4757007141E+04  0.1316139912E+05  0.2047122804E+05
L8 0.5776101265E+04  0.5806460643E+05  0.0000000000E+00  0.0000000000E+00
L9 0.0000000000E+00  0.0000000000E+00  0.0000000000E+00  0.1036659966E+01  0.0000000000E+00
L0    24000  0.1580000000E+03  -.3513995317E+06  0.9275397349E+05
L1 0.3000508271E+03  0.3000508271E+03  -.4441535052E+12  0.1000000000E+01
L2 0.1000000000E+01  0.1243821621E+03  0.1243821621E+03  0.1243821621E+03
L3 0.1481333972E+07  -.9878382551E+02  0.9187476215E+02  -.3203261013E+02
L4 -.1298055783E+02  0.1255260864E+05  0.1250409428E+05  0.1247674401E+05
L5 0.3753344693E+05  0.1360577118E+05  0.1152459123E+05  0.1281825280E+05
L6 0.3794861522E+05  -.4441535052E+06  0.4369606381E+05  -.5899278078E+06
L7 0.0000000000E+00  0.4749255200E+04  0.1306979885E+05  0.2052039005E+05
L8 0.5778119240E+04  0.5796067552E+05  0.0000000000E+00  0.0000000000E+00
L9 0.0000000000E+00  0.0000000000E+00  0.0000000000E+00  0.1036787344E+01  0.0000000000E+00
L0    25000  0.1600000000E+03  -.3518506624E+06  0.9248666059E+05
L1 0.2991860937E+03  0.2991860937E+03  -.4443373230E+12  0.1000000000E+01
L2 0.1000000000E+01  0.1243748149E+03  0.1243748149E+03  0.1243748149E+03
L3 0.1481061954E+07  0.9993008648E+02  0.7728410170E+02  0.1715914728E+00
L4 0.5912859322E+02  0.1228770014E+05  0.1243188943E+05  0.1232861360E+05
L5 0.3704820317E+05  0.1122251262E+05  0.1160809288E+05  0.1232678455E+05
L6 0.3515739005E+05  -.4443373230E+06  0.4414319042E+05  -.5904848944E+06
L7 0.0000000000E+00  0.4875931551E+04  0.1305411978E+05  0.2045922786E+05
L8 0.5725034825E+04  0.5789006698E+05  0.0000000000E+00  0.0000000000E+00
L9 0.0000000000E+00  0.0000000000E+00  0.0000000000E+00  0.1036977765E+01  0.0000000000E+00
L0    26000  0.1620000000E+03  -.3519485464E+06  0.9247946121E+05
L1 0.2991628043E+03  0.2991628043E+03  -.4444280077E+12  0.1000000000E+01
L2 0.1000000000E+01  0.1243253504E+03  0.1243253504E+03  0.1243253504E+03
L3 0.1479297410E+07  0.9236467078E+02  -.3892220445E+01  0.4727763557E+02
L4 0.4525002863E+02  0.1249908275E+05  0.1239516141E+05  0.1241459500E+05
L5 0.3730883916E+05  0.1151571047E+05  0.1243660043E+05  0.1191124761E+05
L6 0.3586355851E+05  -.4444280077E+06  0.4439735504E+05  -.5908686614E+06
L7 0.0000000000E+00  0.4796958611E+04  0.1308858481E+05  0.2048031778E+05
L8 0.5808793185E+04  0.5786864437E+05  0.0000000000E+00  0.0000000000E+00
L9 0.0000000000E+00  0.0000000000E+00  0.0000000000E+00  0.1038214698E+01  0.0000000000E+00
L0    27000  0.1640000000E+03  -.3516845022E+06  0.9266245949E+05
L1 0.2997547874E+03  0.2997547874E+03  -.4443469617E+12  0.1000000000E+01
L2 0.1000000000E+01  0.1243022575E+03  0.1243022575E+03  0.1243022575E+03
L3 0.1478456865E+07  0.7919724514E+02  0.2565420335E+03  0.1726346889E+03
L4 0.1694579892E+03  0.1241267837E+05  0.1241728074E+05  0.1240020464E+05
L5 0.3723016374E+05  0.1156997387E+05  0.9687525102E+04  0.1056327169E+05
L6 0.3182077065E+05  -.4443469617E+06  0.4408459743E+05  -.5906478047E+06
L7 0.0000000000E+00  0.4834369787E+04  0.1311095129E+05  0.2051805082E+05
L8 0.5797788685E+04  0.5795508494E+05  0.0000000000E+00  0.0000000000E+00
L9 0.0000000000E+00  0.0000000000E+00  0.0000000000E+00  0.1038804953E+01  0.0000000000E+00
L0    28000  0.1660000000E+03  -.3512213531E+06  0.9302008391E+05
L1 0.3009116705E+03  0.3009116705E+03  -.4442414370E+12  0.1000000000E+01
L2 0.1000000000E+01  0.1243302653E+03  0.1243302653E+03  0.1243302653E+03
L3 0.1479475509E+07  0.6939632783E+02  -.9861034375E+02  0.1047454633E+03
L4 0.2517714914E+02  0.1250492287E+05  0.1242066646E+05  0.1246122561E+05
L5 0.3738681493E+05  0.1176599703E+05  0.1347066050E+05  0.1134590537E+05
L6 0.3658256290E+05  -.4442414370E+06  0.4430735129E+05  -.5907483938E+06
L7 0.0000000000E+00  0.4811861757E+04  0.1316181041E+05  0.2049428475E+05
L8 0.5728409010E+04  0.5800323958E+05  0.0000000000E+00  0.0000000000E+00
L9 0.0000000000E+00  0.0000000000E+00  0.0000000000E+00  0.1038089718E+01  0.0000000000E+00
L0    29000  0.1680000000E+03  -.3513374246E+06  0.9264677906E+05
L1 0.2997040627E+03  0.2997040627E+03  -.4439842037E+12  0.1000000000E+01
L2 0.1000000000E+01  0.1243174547E+03  0.1243174547E+03  0.1243174547E+03
L3 0.1479022748E+07  -.1254560152E+03  0.1393521197E+03  -.4102807316E+02
L4 -.9043989547E+01  0.1248067043E+05  0.1232482935E+05  0.1239367528E+05
L5 0.3719917506E+05  0.1381610595E+05  0.1084147464E+05  0.1283040481E+05
L6 0.3748798540E+05  -.4439842037E+06  0.4412990210E+05  -.5902767487E+06
L7 0.0000000000E+00  0.4789881905E+04  0.1312925532E+05  0.2046313276E+05
L8 0.5750578182E+04  0.5802979475E+05  0.0000000000E+00  0.0000000000E+00
L9 0.0000000000E+00  0.0000000000E+00  0.0000000000E+00  0.1038407500E+01  0.0000000000E+00
L0    30000  0.1700000000E+03  -.3519436030E+06  0.9254257009E+05
L1 0.2993669559E+03  0.2993669559E+03  -.4444861731E+12  0.1000000000E+01
L2 0.1000000000E+01  0.1243235243E+03  0.1243235243E+03  0.1243235243E+03
L3 0.1479240290E+07  -.1497624013E+03  -.1368754809E+02  0.1158776096E+03
L4 -.1585744662E+02  0.1244391791E+05  0.1246095969E+05  0.1229228855E+05
L5 0.3719716614E+05  0.1403832091E+05  0.1260668029E+05  0.1105863039E+05
L6 0.3770363159E+05  -.4444861731E+06  0.4395921924E+05  -.5903565044E+06
L7 0.0000000000E+00  0.4818396959E+04  0.1303084161E+05  0.2048044324E+05
L8 0.5771523711E+04  0.5780990652E+05  0.0000000000E+00  0.0000000000E+00
L9 0.0000000000E+00  0.0000000000E+00  0.0000000000E+00  0.1038254788E+01  0.0000000000E+00
L0    31000  0.1720000000E+03  -.3516018249E+06  0.9233505650E+05
L1 0.2986956680E+03  0.2986956680E+03  -.4439368814E+12  0.1000000000E+01
L2 0.1000000000E+01  0.1243727116E+03  0.1243727116E+03  0.1243727116E+03
L3 0.1480967419E+07  0.4094412012E+03  0.1982103691E+02  0.1886717534E+03
L4 0.2059779972E+03  0.1241536456E+05  0.1258034611E+05  0.1251710391E+05
L5 0.3751281457E+05  0.8051275275E+04  0.1236908067E+05  0.1050611827E+05
L6 0.3092647421E+05  -.4439368814E+06  0.4420384837E+05  -.5900135751E+06
L7 0.0000000000E+00  0.4655618558E+04  0.1305597380E+05  0.2045418216E+05
L8 0.5797240251E+04  0.5790983058E+05  0.0000000000E+00  0.0000000000E+00
L9 0.0000000000E+00  0.0000000000E+00  0.0000000000E+00  0.1037043958E+01  0.0000000000E+00
L0    32000  0.1740000000E+03  -.3513782550E+06  0.9282205681E+05
L1 0.3002710705E+03  0.3002710705E+03  -.4442003118E+12  0.1000000000E+01
L2 0.1000000000E+01  0.1243373615E+03  0.1243373615E+03  0.1243373615E+03
L3 0.1479718347E+07  0.5304640799E+02  0.2658931615E+03  -.4709215683E+01
L4 0.1047434513E+03  0.1245146706E+05  0.1238002852E+05  0.1259940597E+05
L5 0.3743090156E+05  0.1188654098E+05  0.9548357435E+04  0.1264955751E+05
L6 0.3408445593E+05  -.4442003118E+06  0.4463075888E+05  -.5908510729E+06
L7 0.0000000000E+00  0.4693963819E+04  0.1301305720E+05  0.2048287820E+05
L8 0.5789708095E+04  0.5804039489E+05  0.0000000000E+00  0.0000000000E+00
L9 0.0000000000E+00  0.0000000000E+00  0.0000000000E+00  0.1037919356E+01  0.0000000000E+00
L0    33000  0.1760000000E+03  -.3515659135E+06  0.9260945594E+05
L1 0.2995833257E+03  0.2995833257E+03  -.4441753694E+12  0.1000000000E+01
L2 0.1000000000E+01  0.1243547420E+03  0.1243547420E+03  0.1243547420E+03
L3 0.1480354496E+07  0.1291140638E+03  -.1605119352E+03  -.7350807819E+01
L4 -.1291622643E+02  0.1249366500E+05  0.1248693115E+05  0.1243229788E+05
L5 0.3741289403E+05  0.1111805331E+05  0.1419706317E+05  0.1251061512E+05
L6 0.3782573160E+05  -.4441753694E+06  0.4362716429E+05  -.5899019711E+06
L7 0.0000000000E+00  0.4832437595E+04  0.1319433065E+05  0.2041785848E+05
L8 0.5753315587E+04  0.5790149512E+05  0.0000000000E+00  0.0000000000E+00
L9 0.0000000000E+00  0.0000000000E+00  0.0000000000E+00  0.1037473334E+01  0.0000000000E+00
L0    34000  0.1780000000E+03  -.3515684601E+06  0.9288048264E+05
L1 0.3004600729E+03  0.3004600729E+03  -.4444489428E+12  0.1000000000E+01
L2 0.1000000000E+01  0.1243205640E+03  0.1243205640E+03  0.1243205640E+03
L3 0.1479133971E+07  0.7060994767E+02  -.2152240010E+03  0.1119373728E+03
L4 -.1089222686E+02  0.1248015224E+05  0.1252081071E+05  0.1248995515E+05
L5 0.3749091810E+05  0.1172847746E+05  0.1481196741E+05  0.1129833126E+05
L6 0.3783877612E+05  -.4444489428E+06  0.4358142174E+05  -.5900827058E+06
L7 0.0000000000E+00  0.4682884324E+04  0.1296047801E+05  0.2049836215E+05
L8 0.5788864836E+04  0.5812175198E+05  0.0000000000E+00  0.0000000000E+00
L9 0.0000000000E+00  0.0000000000E+00  0.0000000000E+00  0.1038329417E+01  0.0000000000E+00
L0    35000  0.1800000000E+03  -.3517009987E+06  0.9283276922E+05
L1 0.3003057242E+03  0.3003057242E+03  -.4445337679E+12  0.1000000000E+01
L2 0.1000000000E+01  0.1243503459E+03  0.1243503459E+03  0.1243503459E+03
L3 0.1480200226E+07  -.9613025768E+02  -.1551131124E+02  0.1105616552E+02
L4 -.3352846780E+02  0.1243189650E+05  0.1255556348E+05  0.1259817796E+05
L5 0.3758563795E+05  0.1345598421E+05  0.1272080742E+05  0.1248039524E+05
L6 0.3865718688E+05  -.4445337679E+06  0.4397303127E+05  -.5905403924E+06
L7 0.0000000000E+00  0.4748523662E+04  0.1312711305E+05  0.2050556006E+05
L8 0.5743753683E+04  0.5790864275E+05  0.0000000000E+00  0.0000000000E+00
L9 0.0000000000E+00  0.0000000000E+00  0.0000000000E+00  0.1037581462E+01  0.0000000000E+00
L0    36000  0.1820000000E+03  -.3515267843E+06  0.9288196833E+05
L1 0.3004648790E+03  0.3004648790E+03  -.4444087526E+12  0.1000000000E+01
L2 0.1000000000E+01  0.1243579468E+03  0.1243579468E+03  0.1243579468E+03
L3 0.1480467343E+07  -.9675864800E+02  -.4324806399E+02  0.1377719540E+03
L4 -.7449193291E+00  0.1248701312E+05  0.1243404093E+05  0.1250177594E+05
L5 0.3742282999E+05  0.1351798116E+05  0.1289485113E+05  0.1103380915E+05
L6 0.3744664144E+05  -.4444087526E+06  0.4393598514E+05  -.5902544749E+06
L7 0.0000000000E+00  0.4678505341E+04  0.1299026522E+05  0.2052653366E+05
L8 0.5771341677E+04  0.5794309124E+05  0.0000000000E+00  0.0000000000E+00
L9 0.0000000000E+00  0.0000000000E+00  0.0000000000E+00  0.1037394253E+01  0.0000000000E+00
L0    37000  0.1840000000E+03  -.3509972826E+06  0.9272555920E+05
L1 0.2999589094E+03  0.2999589094E+03  -.4437228418E+12  0.1000000000E+01
L2 0.1000000000E+01  0.1243813117E+03  0.1243813117E+03  0.1243813117E+03
L3 0.1481301580E+07  -.1489112820E+03  0.1908022326E+03  -.3528779187E+02
L4 0.2201052892E+01  0.1258339590E+05  0.1234113114E+05  0.1269275253E+05
L5 0.3761727957E+05  0.1417094683E+05  0.1030697860E+05  0.1306895752E+05
L6 0.3754688295E+05  -.4437228418E+06  0.4370148570E+05  -.5896601215E+06
L7 0.0000000000E+00  0.4775050105E+04  0.1300412929E+05  0.2058999295E+05
L8 0.5793144289E+04  0.5807347739E+05  0.0000000000E+00  0.0000000000E+00
L9 0.0000000000E+00  0.0000000000E+00  0.0000000000E+00  0.1036810016E+01  0.0000000000E+00
L0    38000  0.1860000000E+03  -.3521372142E+06  0.9214935572E+05
L1 0.2980949425E+03  0.2980949425E+03  -.4442865700E+12  0.1000000000E+01
L2 0.1000000000E+01  0.1243765443E+03  0.1243765443E+03  0.1243765443E+03
L3 0.1481123754E+07  0.3129845315E+03  0.2299907785E+02  -.1589674651E+03
L4 0.5900538144E+02  0.1228609596E+05  0.1232182775E+05  0.1244802703E+05
L5 0.3705595075E+05  0.8949752127E+04  0.1207666282E+05  0.1414258401E+05
L6 0.3516899896E+05  -.4442865700E+06  0.4431793474E+05  -.5909795344E+06
L7 0.0000000000E+00  0.4851174381E+04  0.1312443386E+05  0.2053586682E+05
L8 0.5742198039E+04  0.5812135664E+05  0.0000000000E+00  0.0000000000E+00
L9 0.0000000000E+00  0.0000000000E+00  0.0000000000E+00  0.1036934496E+01  0.0000000000E+00
L0    39000  0.1880000000E+03  -.3513419288E+06  0.9294559455E+05
L1 0.3006707041E+03  0.3006707041E+03  -.4442875233E+12  0.1000000000E+01
L2 0.1000000000E+01  0.1243600204E+03  0.1243600204E+03  0.1243600204E+03
L3 0.1480537644E+07  0.5112491134E+02  -.4977752957E+02  0.8179419938E+02
L4 0.2771386038E+02  0.1235306356E+05  0.1244864155E+05  0.1247620804E+05
L5 0.3727791315E+05  0.1180829930E+05  0.1297904871E+05  0.1160464553E+05
L6 0.3639199354E+05  -.4442875233E+06  0.4371430324E+05  -.5901819125E+06
L7 0.0000000000E+00  0.4758701527E+04  0.1302973686E+05  0.2046519099E+05
L8 0.5785644797E+04  0.5814081182E+05  0.0000000000E+00  0.0000000000E+00
L9 0.0000000000E+00  0.0000000000E+00  0.0000000000E+00  0.1037344994E+01  0.0000000000E+00
L0    40000  0.1900000000E+03  -.3515563793E+06  0.9265174268E+05
L1 0.2997201195E+03  0.2997201195E+03  -.4442081220E+12  0.1000000000E+01
L2 0.1000000000E+01  0.1243206143E+03  0.1243206143E+03  0.1243206143E+03
L3 0.1479141316E+07  -.8973140800E+02  -.9962998971E+02  0.3051287920E+02
L4 -.5294950617E+02  0.1228325376E+05  0.1252902573E+05  0.1232577251E+05
L5 0.3713805200E+05  0.1323848986E+05  0.1358963724E+05  0.1200094752E+05
L6 0.3882907462E+05  -.4442081220E+06  0.4393611896E+05  -.5902823753E+06
L7 0.0000000000E+00  0.4727376915E+04  0.1316337107E+05  0.2056829409E+05
L8 0.5769055020E+04  0.5791003723E+05  0.0000000000E+00  0.0000000000E+00
L9 0.0000000000E+00  0.0000000000E+00  0.0000000000E+00  0.1038324261E+01  0.0000000000E+00
L0    41000  0.1920000000E+03  -.3517358782E+06  0.9298713084E+05
L1 0.3008050703E+03  0.3008050703E+03  -.4447230090E+12  0.1000000000E+01
L2 0.1000000000E+01  0.1243414734E+03  0.1243414734E+03  0.1243414734E+03
L3 0.1479888634E+07  -.1920186850E+03  -.6243883472E+02  0.3513613894E+02
L4 -.7310712693E+02  0.1239451479E+05  0.1258265372E+05  0.1249010964E+05
L5 0.3746727816E+05  0.1443968335E+05  0.1324768244E+05  0.1211587874E+05
L6 0.3980324453E+05  -.4447230090E+06  0.4439269026E+05  -.5909986568E+06
L7 0.0000000000E+00  0.4796377292E+04  0.1293686769E+05  0.2049878062E+05
L8 0.5739322923E+04  0.5791160894E+05  0.0000000000E+00  0.0000000000E+00
L9 0.0000000000E+00  0.0000000000E+00  0.0000000000E+00  0.1037799925E+01  0.0000000000E+00
L0    42000  0.1940000000E+03  -.3513545319E+06  0.9291380411E+05
L1 0.3005678649E+03  0.3005678649E+03  -.4442683360E+12  0.1000000000E+01
L2 0.1000000000E+01  0.1243539313E+03  0.1243539313E+03  0.1243539313E+03
L3 0.1480321016E+07  -.2978464484E+02  -.4364328197E+02  0.1375809140E+03
L4 0.2138432906E+02  0.1254599360E+05  0.1243199590E+05  0.1239380765E+05
L5 0.3737179715E+05  0.1286331905E+05  0.1289697120E+05  0.1092802130E+05
L6 0.3668831155E+05  -.4442683360E+06  0.4381308782E+05  -.5901489034E+06
L7 0.0000000000E+00  0.4686529362E+04  0.1305897181E+05  0.2056502463E+05
L8 0.5737900346E+04  0.5801905339E+05  0.0000000000E+00  0.0000000000E+00
L9 0.0000000000E+00  0.0000000000E+00  0.0000000000E+00  0.1037496798E+01  0.0000000000E+00
L0    43000  0.1960000000E+03  -.3511875015E+06  0.9252916040E+05
L1 0.2993235768E+03  0.2993235768E+03  -.4437166619E+12  0.1000000000E+01
L2 0.1000000000E+01  0.1243841399E+03  0.1243841399E+03  0.1243841399E+03
L3 0.1481393812E+07  0.1169599141E+03  0.7756501236E+02  0.1224038788E+02
L4 0.6892177144E+02  0.1241798584E+05  0.1251496515E+05  0.1235793455E+05
L5 0.3729088554E+05  0.1117099246E+05  0.1168798902E+05  0.1222743102E+05
L6 0.3508641250E+05  -.4437166619E+06  0.4399463764E+05  -.5899252771E+06
L7 0.0000000000E+00  0.4776886762E+04  0.1318161968E+05  0.2048120643E+05
L8 0.5782870421E+04  0.5799139422E+05  0.0000000000E+00  0.0000000000E+00
L9 0.0000000000E+00  0.0000000000E+00  0.0000000000E+00  0.1036745463E+01  0.0000000000E+00
L0    44000  0.1980000000E+03  -.3507143968E+06  0.9298922821E+05
L1 0.3008118551E+03  0.3008118551E+03  -.4437036250E+12  0.1000000000E+01
L2 0.1000000000E+01  0.1244440417E+03  0.1244440417E+03  0.1244440417E+03
L3 0.1483548076E+07  0.2904481428E+03  -.5751747462E+02  -.3202601653E+03
L4 -.2910983237E+02  0.1255356468E+05  0.1258866424E+05  0.1243562215E+05
L5 0.3757785107E+05  0.9452385869E+04  0.1320279099E+05  0.1585511050E+05
L6 0.3851028735E+05  -.4437036250E+06  0.4387882623E+05  -.5897126913E+06
L7 0.0000000000E+00  0.4845756972E+04  0.1311291398E+05  0.2045676256E+05
L8 0.5779074814E+04  0.5793573173E+05  0.0000000000E+00  0.0000000000E+00
L9 0.0000000000E+00  0.0000000000E+00  0.0000000000E+00  0.1035240002E+01  0.0000000000E+00
L0    45000  0.2000000000E+03  -.3514346279E+06  0.9257897987E+05
L1 0.2994847383E+03  0.2994847383E+03  -.4440136078E+12  0.1000000000E+01
L2 0.1000000000E+01  0.1244126845E+03  0.1244126845E+03  0.1244126845E+03
L3 0.1482431371E+07  -.4838041309E+02  -.2854430019E+02  -.1119373589E+03
L4 -.6295402408E+02  0.1240124941E+05  0.1239768093E+05  0.1250868541E+05
L5 0.3730761574E+05  0.1291742890E+05  0.1270222530E+05  0.1370296561E+05
L6 0.3932261981E+05  -.4440136078E+06  0.4390264266E+05  -.5898157556E+06
L7 0.0000000000E+00  0.4759448985E+04  0.1319000000E+05  0.2034546206E+05
L8 0.5728824297E+04  0.5787576980E+05  0.0000000000E+00  0.0000000000E+00
L9 0.0000000000E+00  0.0000000000E+00  0.0000000000E+00  0.1036019842E+01  0.0000000000E+00
L0    46000  0.2020000000E+03  -.3518980850E+06  0.9248156314E+05
L1 0.2991696039E+03  0.2991696039E+03  -.4443796481E+12  0.1000000000E+01
L2 0.1000000000E+01  0.1243519605E+03  0.1243519605E+03  0.1243519605E+03
L3 0.1480255314E+07  0.3944409517E+02  -.2704498143E+02  -.5460043984E+02
L4 -.1406710870E+02  0.1248436360E+05  0.1235123474E+05  0.1252749094E+05
L5 0.3736308928E+05  0.1206414506E+05  0.1263935904E+05  0.1310917793E+05
L6 0.3781268204E+05  -.4443796481E+06  0.4368216675E+05  -.5901959658E+06
L7 0.0000000000E+00  0.4874848922E+04  0.1308278794E+05  0.2045124442E+05
L8 0.5762816327E+04  0.5796245325E+05  0.0000000000E+00  0.0000000000E+00
L9 0.0000000000E+00  0.0000000000E+00  0.0000000000E+00  0.1037542848E+01  0.0000000000E+00
L0    47000  0.2040000000E+03  -.3514567596E+06  0.9287468021E+05
L1 0.3004413025E+03  0.3004413025E+03  -.4443314398E+12  0.1000000000E+01
L2 0.1000000000E+01  0.1243909651E+03  0.1243909651E+03  0.1243909651E+03
L3 0.1481655917E+07  -.1570307753E+03  0.8162147207E+02  -.1316099428E+03
L4 -.6900641534E+02  0.1245174035E+05  0.1251389213E+05  0.1241861570E+05
L5 0.3738424818E+05  0.1412625409E+05  0.1164351321E+05  0.1382205179E+05
L6 0.3959181909E+05  -.4443314398E+06  0.4406953287E+05  -.5903413066E+06
L7 0.0000000000E+00  0.4701213834E+04  0.1306523619E+05  0.2039209693E+05
L8 0.5810274468E+04  0.5797151253E+05  0.0000000000E+00  0.0000000000E+00
L9 0.0000000000E+00  0.0000000000E+00  0.0000000000E+00  0.1036562063E+01  0.0000000000E+00
L0    48000  0.2060000000E+03  -.3512494420E+06  0.9304668597E+05
L1 0.3009977258E+03  0.3009977258E+03  -.4442961280E+12  0.1000000000E+01
L2 0.1000000000E+01  0.1244113934E+03  0.1244113934E+03  0.1244113934E+03
L3 0.1482370171E+07  0.1289497164E+03  -.5300733609E+02  0.7659418408E+02
L4 0.5084552148E+02  0.1253956747E+05  0.1246044329E+05  0.1251246523E+05
L5 0.3751247599E+05  0.1116383611E+05  0.1302596492E+05  0.1169530157E+05
L6 0.3588510261E+05  -.4442961280E+06  0.4411234498E+05  -.5903668463E+06
L7 0.0000000000E+00  0.4657987208E+04  0.1313670313E+05  0.2044386381E+05
L8 0.5736405837E+04  0.5798341333E+05  0.0000000000E+00  0.0000000000E+00
L9 0.0000000000E+00  0.0000000000E+00  0.0000000000E+00  0.1036062614E+01  0.0000000000E+00
L0    49000  0.2080000000E+03  -.3515886181E+06  0.9280845393E+05
L1 0.3002270664E+03  0.3002270664E+03  -.4443970721E+12  0.1000000000E+01
L2 0.1000000000E+01  0.1243885913E+03  0.1243885913E+03  0.1243885913E+03
L3 0.1481583927E+07  -.7365293320E+02  -.3311322660E+03  -.9351587921E+02
L4 -.1661003595E+03  0.1230369294E+05  0.1246006534E+05  0.1245836061E+05
L5 0.3722211889E+05  0.1308906037E+05  0.1599095657E+05  0.1345552830E+05
L6 0.4253554524E+05  -.4443970721E+06  0.4397577375E+05  -.5905045828E+06
L7 0.0000000000E+00  0.4804264333E+04  0.1305339373E+05  0.2043302189E+05
L8 0.5751055501E+04  0.5809000150E+05  0.0000000000E+00  0.0000000000E+00
L9 0.0000000000E+00  0.0000000000E+00  0.0000000000E+00  0.1036612430E+01  0.0000000000E+00
L0    50000  0.2100000000E+03  -.3510018718E+06  0.9288812553E+05
L1 0.3004847969E+03  0.3004847969E+03  -.4438899973E+12  0.1000000000E+01
L2 0.1000000000E+01  0.1243523066E+03  0.1243523066E+03  0.1243523066E+03
L3 0.1480255987E+07  -.4247465541E+02  0.2329681614E+03  0.3285396618E+02
L4 0.7444915740E+02  0.1238433270E+05  0.1253105619E+05  0.1253983979E+05
L5 0.3745522868E+05  0.1283683759E+05  0.1004912362E+05  0.1218982918E+05
L6 0.3507579038E+05  -.4438899973E+06  0.4394919542E+05  -.5899366205E+06
L7 0.0000000000E+00  0.4711767700E+04  0.1318686512E+05  0.2043850074E+05
L8 0.5781243079E+04  0.5797905109E+05  0.0000000000E+00  0.0000000000E+00
L9 0.0000000000E+00  0.0000000000E+00  0.0000000000E+00  0.1037542376E+01  0.0000000000E+00
L0    51000  0.2120000000E+03  -.3510064465E+06  0.9273283295E+05
L1 0.2999824393E+03  0.2999824393E+03  -.4437392795E+12  0.1000000000E+01
L2 0.1000000000E+01  0.1243717785E+03  0.1243717785E+03  0.1243717785E+03
L3 0.1480972114E+07  0.3239963192E+01  -.9683668097E+02  -.1520673015E+03
L4 -.8188800643E+02  0.1253296831E+05  0.1237610706E+05  0.1236701586E+05
L5 0.3727609123E+05  0.1249843458E+05  0.1340825834E+05  0.1398785270E+05
L6 0.3989454562E+05  -.4437392795E+06  0.4373202621E+05  -.5896943477E+06
L7 0.0000000000E+00  0.4832161724E+04  0.1318432340E+05  0.2049188068E+05
L8 0.5749018513E+04  0.5796565763E+05  0.0000000000E+00  0.0000000000E+00
L9 0.0000000000E+00  0.0000000000E+00  0.0000000000E+00  0.1037040671E+01  0.0000000000E+00
L0    52000  0.2140000000E+03  -.3508866909E+06  0.9302073204E+05
L1 0.3009137672E+03  0.3009137672E+03  -.4439074230E+12  0.1000000000E+01
L2 0.1000000000E+01  0.1243429742E+03  0.1243429742E+03  0.1243429742E+03
L3 0.1479939687E+07  -.1277305443E+03  0.7885382945E+02  -.1128743680E+03
L4 -.5391702762E+02  0.1260543317E+05  0.1257492459E+05  0.1251598828E+05
L5 0.3769634604E+05  0.1396592319E+05  0.1173503271E+05  0.1371824144E+05
L6 0.3941919734E+05  -.4439074230E+06  0.4322361777E+05  -.5892951829E+06
L7 0.0000000000E+00  0.4855396961E+04  0.1319578489E+05  0.2041555309E+05
L8 0.5750290139E+04  0.5794711712E+05  0.0000000000E+00  0.0000000000E+00
L9 0.0000000000E+00  0.0000000000E+00  0.0000000000E+00  0.1037764125E+01  0.0000000000E+00
L0    53000  0.2160000000E+03  -.3511247441E+06  0.9267354473E+05
L1 0.2997906472E+03  0.2997906472E+03  -.4437982889E+12  0.1000000000E+01
L2 0.1000000000E+01  0.1243847905E+03  0.1243847905E+03  0.1243847905E+03
L3 0.1481423090E+07  -.1626418116E+03  -.3108811444E+01  0.2355559369E+03
L4 0.2326843795E+02  0.1243213380E+05  0.1249289937E+05  0.1243836673E+05
L5 0.3736339991E+05  0.1416620886E+05  0.1252604529E+05  0.9926886619E+04
L6 0.3661914077E+05  -.4437982889E+06  0.4388698069E+05  -.5896295742E+06
L7 0.0000000000E+00  0.4846808491E+04  0.1299723371E+05  0.2045059537E+05
L8 0.5735707361E+04  0.5791395977E+05  0.0000000000E+00  0.0000000000E+00
L9 0.0000000000E+00  0.0000000000E+00  0.0000000000E+00  0.1036724974E+01  0.0000000000E+00
L0    54000  0.2180000000E+03  -.3508325168E+06  0.9305775487E+05
L1 0.3010335327E+03  0.3010335327E+03  -.4438902717E+12  0.1000000000E+01
L2 0.1000000000E+01  0.1244184526E+03  0.1244184526E+03  0.1244184526E+03
L3 0.1482635636E+07  -.4419818027E+02  -.9239576552E+02  -.8470831971E+01
L4 -.4835492592E+02  0.1244091302E+05  0.1241507969E+05  0.1245771713E+05
L5 0.3731370983E+05  0.1291253648E+05  0.1340100288E+05  0.1254810644E+05
L6 0.3886164580E+05  -.4438902717E+06  0.4381121048E+05  -.5898376128E+06
L7 0.0000000000E+00  0.4862401115E+04  0.1294325716E+05  0.2042760629E+05
L8 0.5790993220E+04  0.5811187285E+05  0.0000000000E+00  0.0000000000E+00
L9 0.0000000000E+00  0.0000000000E+00  0.0000000000E+00  0.1035877107E+01  0.0000000000E+00
L0    55000  0.2200000000E+03  -.3511179235E+06  0.9287484519E+05
L1 0.3004418362E+03  0.3004418362E+03  -.4439927687E+12  0.1000000000E+01
L2 0.1000000000E+01  0.1243965282E+03  0.1243965282E+03  0.1243965282E+03
L3 0.1481858773E+07  -.9269257803E+01  -.1831022550E+02  -.2715446098E+03
L4 -.9970803103E+02  0.1239764701E+05  0.1238788772E+05  0.1254793820E+05
L5 0.3733347293E+05  0.1249650422E+05  0.1258316741E+05  0.1544397838E+05
L6 0.4052365001E+05  -.4439927687E+06  0.4371998906E+05  -.5898836809E+06
L7 0.0000000000E+00  0.4750025411E+04  0.1306731110E+05  0.2043662330E+05
L8 0.5782895423E+04  0.5813406787E+05  0.0000000000E+00  0.0000000000E+00
L9 0.0000000000E+00  0.0000000000E+00  0.0000000000E+00  0.1036420165E+01  0.0000000000E+00
L0    56000  0.2220000000E+03  -.3512789367E+06  0.9270813304E+05
L1 0.2999025373E+03  0.2999025373E+03  -.4439870698E+12  0.1000000000E+01
L2 0.1000000000E+01  0.1244324489E+03  0.1244324489E+03  0.1244324489E+03
L3 0.1483138683E+07  0.9114144819E+02  0.3221375612E+02  -.3280113152E+03
L4 -.6821870364E+02  0.1253535288E+05  0.1245235268E+05  0.1246453610E+05
L5 0.3745224166E+05  0.1156248410E+05  0.1210849422E+05  0.1596581872E+05
L6 0.3963679704E+05  -.4439870698E+06  0.4379042209E+05  -.5896894099E+06
L7 0.0000000000E+00  0.4771358706E+04  0.1296395105E+05  0.2043278864E+05
L8 0.5786049885E+04  0.5795776982E+05  0.0000000000E+00  0.0000000000E+00
L9 0.0000000000E+00  0.0000000000E+00  0.0000000000E+00  0.1035525762E+01  0.0000000000E+00
L0    57000  0.2240000000E+03  -.3509301410E+06  0.9294455353E+05
L1 0.3006673365E+03  0.3006673365E+03  -.4438746945E+12  0.1000000000E+01
L2 0.1000000000E+01  0.1243655581E+03  0.1243655581E+03  0.1243655581E+03
L3 0.1480724827E+07  0.1629602141E+03  0.2127086669E+03  -.5155445835E+02
L4 0.1080381409E+03  0.1238729816E+05  0.1256739920E+05  0.1245038602E+05
L5 0.3740508337E+05  0.1065064726E+05  0.1030058396E+05  0.1299979679E+05
L6 0.3395102800E+05  -.4438746945E+06  0.4372827991E+05  -.5895054426E+06
L7 0.0000000000E+00  0.4673099272E+04  0.1302869062E+05  0.2043029486E+05
L8 0.5782883003E+04  0.5798750046E+05  0.0000000000E+00  0.0000000000E+00
L9 0.0000000000E+00  0.0000000000E+00  0.0000000000E+00  0.1037213861E+01  0.0000000000E+00
L0    58000  0.2260000000E+03  -.3511362428E+06  0.9339055935E+05
L1 0.3021101255E+03  0.3021101255E+03  -.4445268022E+12  0.1000000000E+01
L2 0.1000000000E+01  0.1243522018E+03  0.1243522018E+03  0.1243522018E+03
L3 0.1480282593E+07  -.2168458397E+03  -.4808488248E+02  -.2012221851E+03
L4 -.1553843024E+03  0.1252668937E+05  0.1266656526E+05  0.1246386459E+05
L5 0.3765711922E+05  0.1483690388E+05  0.1317884806E+05  0.1460762908E+05
L6 0.4262338101E+05  -.4445268022E+06  0.4364424550E+05  -.5900712998E+06
L7 0.0000000000E+00  0.4731785743E+04  0.1293358178E+05  0.2047120437E+05
L8 0.5793040909E+04  0.5797063934E+05  0.0000000000E+00  0.0000000000E+00
L9 0.0000000000E+00  0.0000000000E+00  0.0000000000E+00  0.1037523728E+01  0.0000000000E+00
L0    59000  0.2280000000E+03  -.3505972612E+06  0.9314206923E+05
L1 0.3013062822E+03  0.3013062822E+03  -.4437393304E+12  0.1000000000E+01
L2 0.1000000000E+01  0.1243887575E+03  0.1243887575E+03  0.1243887575E+03
L3 0.1481578685E+07  -.6459801948E+02  -.1669571631E+03  -.1297811056E+02
L4 -.8151109770E+02  0.1256163681E+05  0.1242397617E+05  0.1250385727E+05
L5 0.3748947025E+05  0.1325044849E+05  0.1420424816E+05  0.1264224347E+05
L6 0.4009694011E+05  -.4437393304E+06  0.4373767227E+05  -.5895657082E+06
L7 0.0000000000E+00  0.4797852329E+04  0.1294877800E+05  0.2050594359E+05
L8 0.5804950659E+04  0.5803118090E+05  0.0000000000E+00  0.0000000000E+00
L9 0.0000000000E+00  0.0000000000E+00  0.0000000000E+00  0.1036616097E+01  0.0000000000E+00
L0    60000  0.2300000000E+03  -.3511922406E+06  0.9275309753E+05
L1 0.3000479934E+03  0.3000479934E+03  -.4439453382E+12  0.1000000000E+01
L2 0.1000000000E+01  0.1243821601E+03  0.1243821601E+03  0.1243821601E+03
L3 0.1481331233E+07  0.2784936491E+03  -.1005906418E+03  -.1563445104E+03
L4 0.7186165629E+01  0.1244838137E+05  0.1244334709E+05  0.1247270784E+05
L5 0.3736443629E+05  0.9479286626E+04  0.1351577063E+05  0.1413953818E+05
L6 0.3713459543E+05  -.4439453382E+06  0.4394131257E+05  -.5898924144E+06
L7 0.0000000000E+00  0.4800088385E+04  0.1299534857E+05  0.2040287267E+05
L8 0.5819384573E+04  0.5798806943E+05  0.0000000000E+00  0.0000000000E+00
L9 0.0000000000E+00  0.0000000000E+00  0.0000000000E+00  0.1036789260E+01  0.0000000000E+00
L0    61000  0.2320000000E+03  -.3515708520E+06  0.9277655392E+05
L1 0.3001238727E+03  0.3001238727E+03  -.4443474059E+12  0.1000000000E+01
L2 0.1000000000E+01  0.1243431764E+03  0.1243431764E+03  0.1243431764E+03
L3 0.1479959572E+07  -.2580843818E+03  -.5208553431E+02  -.1394001354E+03
L4 -.1498566838E+03  0.1258844401E+05  0.1232121048E+05  0.1237439312E+05
L5 0.3728404761E+05  0.1533740234E+05  0.1287599400E+05  0.1385919883E+05
L6 0.4207259517E+05  -.4443474059E+06  0.4399276223E+05  -.5902613206E+06
L7 0.0000000000E+00  0.4808135092E+04  0.1304858633E+05  0.2040060215E+05
L8 0.5692440773E+04  0.5797138814E+05  0.0000000000E+00  0.0000000000E+00
L9 0.0000000000E+00  0.0000000000E+00  0.0000000000E+00  0.1037750181E+01  0.0000000000E+00
L0    62000  0.2340000000E+03  -.3514335381E+06  0.9282925162E+05
L1 0.3002943451E+03  0.3002943451E+03  -.4442627898E+12  0.1000000000E+01
L2 0.1000000000E+01  0.1244024084E+03  0.1244024084E+03  0.1244024084E+03
L3 0.1482066136E+07  -.1471996537E+03  -.6740111460E+02  -.2117277922E+02
L4 -.7859118251E+02  0.1241463043E+05  0.1252605056E+05  0.1244841102E+05
L5 0.3738909201E+05  0.1398474359E+05  0.1324498823E+05  0.1267425163E+05
L6 0.3990398345E+05  -.4442627898E+06  0.4422212447E+05  -.5905472998E+06
L7 0.0000000000E+00  0.4749159591E+04  0.1318935953E+05  0.2038371264E+05
L8 0.5762066932E+04  0.5797808683E+05  0.0000000000E+00  0.0000000000E+00
L9 0.0000000000E+00  0.0000000000E+00  0.0000000000E+00  0.1036275155E+01  0.0000000000E+00
L0    63000  0.2360000000E+03  -.3510020437E+06  0.9288957567E+05
L1 0.3004894880E+03  0.3004894880E+03  -.4438916194E+12  0.1000000000E+01
L2 0.1000000000E+01  0.1244114694E+03  0.1244114694E+03  0.1244114694E+03
L3 0.1482378854E+07  0.8751306666E+02  -.6329514064E+02  -.7047337542E+01
L4 0.5723529493E+01  0.1255848400E+05  0.1253141690E+05  0.1235002956E+05
L5 0.3743993046E+05  0.1162482412E+05  0.1320670043E+05  0.1242521623E+05
L6 0.3725674079E+05  -.4438916194E+06  0.4422154290E+05  -.5904319905E+06
L7 0.0000000000E+00  0.4710180609E+04  0.1314363058E+05  0.2057071467E+05
L8 0.5769144645E+04  0.5812515766E+05  0.0000000000E+00  0.0000000000E+00
L9 0.0000000000E+00  0.0000000000E+00  0.0000000000E+00  0.1036056545E+01  0.0000000000E+00
L0    64000  0.2380000000E+03  -.3514196547E+06  0.9253403760E+05
L1 0.2993393541E+03  0.2993393541E+03  -.4439536923E+12  0.1000000000E+01
L2 0.1000000000E+01  0.1244038371E+03  0.1244038371E+03  0.1244038371E+03
L3 0.1482101613E+07  0.1295489951E+03  0.6992418485E+02  -.8161795495E+02
L4 0.3928507500E+02  0.1255129230E+05  0.1247726249E+05  0.1231032172E+05
L5 0.3733887651E+05  0.1116941778E+05  0.1173139450E+05  0.1318092494E+05
L6 0.3608173721E+05  -.4439536923E+06  0.4425743078E+05  -.5903392367E+06
L7 0.0000000000E+00  0.4816579029E+04  0.1309385106E+05  0.2035087881E+05
L8 0.5807819461E+04  0.5805898528E+05  0.0000000000E+00  0.0000000000E+00
L9 0.0000000000E+00  0.0000000000E+00  0.0000000000E+00  0.1036250349E+01  0.0000000000E+00
L0    65000  0.2400000000E+03  -.3513939871E+06  0.9259633920E+05
L1 0.2995408942E+03  0.2995408942E+03  -.4439903263E+12  0.1000000000E+01
L2 0.1000000000E+01  0.1244073110E+03  0.1244073110E+03  0.1244073110E+03
L3 0.1482233832E+07  -.6935275196E+02  -.1768599114E+03  0.1812873150E+03
L4 -.2164178278E+02  0.1239525634E+05  0.1239327073E+05  0.1263322094E+05
L5 0.3742174801E+05  0.1313509496E+05  0.1427997010E+05  0.1069929108E+05
L6 0.3811435615E+05  -.4439903263E+06  0.4336564918E+05  -.5892816099E+06
L7 0.0000000000E+00  0.4869130530E+04  0.1301382436E+05  0.2036324257E+05
L8 0.5744506271E+04  0.5793493066E+05  0.0000000000E+00  0.0000000000E+00
L9 0.0000000000E+00  0.0000000000E+00  0.0000000000E+00  0.1036157913E+01  0.0000000000E+00
L0    66000  0.2420000000E+03  -.3518058229E+06  0.9265793976E+05
L1 0.2997401665E+03  0.2997401665E+03  -.4444637627E+12  0.1000000000E+01
L2 0.1000000000E+01  0.1243430813E+03  0.1243430813E+03  0.1243430813E+03
L3 0.1479949517E+07  -.3662012903E+02  -.2739687575E+03  0.1234856249E+02
L4 -.9941344134E+02  0.1233309286E+05  0.1240269094E+05  0.1253378292E+05
L5 0.3726956672E+05  0.1272314562E+05  0.1532082018E+05  0.1240225441E+05
L6 0.4044622020E+05  -.4444637627E+06  0.4392343985E+05  -.5904071819E+06
L7 0.0000000000E+00  0.4765736321E+04  0.1300894290E+05  0.2050773594E+05
L8 0.5802764577E+04  0.5793479964E+05  0.0000000000E+00  0.0000000000E+00
L9 0.0000000000E+00  0.0000000000E+00  0.0000000000E+00  0.1037757232E+01  0.0000000000E+00
L0    67000  0.2440000000E+03  -.3517646447E+06  0.9245866637E+05
L1 0.2990955349E+03  0.2990955349E+03  -.4442233110E+12  0.1000000000E+01
L2 0.1000000000E+01  0.1243659663E+03  0.1243659663E+03  0.1243659663E+03
L3 0.1480755538E+07  0.9343937564E+01  0.8769235238E+02  -.1392824148E+03
L4 -.1408204162E+02  0.1237784842E+05  0.1240194623E+05  0.1252454522E+05
L5 0.3730433987E+05  0.1227826894E+05  0.1146739811E+05  0.1400889493E+05
L6 0.3775456198E+05  -.4442233110E+06  0.4387616543E+05  -.5903860646E+06
L7 0.0000000000E+00  0.4784437048E+04  0.1311528845E+05  0.2051492076E+05
L8 0.5742571934E+04  0.5812936997E+05  0.0000000000E+00  0.0000000000E+00
L9 0.0000000000E+00  0.0000000000E+00  0.0000000000E+00  0.1037192348E+01  0.0000000000E+00
L0    68000  0.2460000000E+03  -.3520412380E+06  0.9270322096E+05
L1 0.2998866472E+03  0.2998866472E+03  -.4447444590E+12  0.1000000000E+01
L2 0.1000000000E+01  0.1243758357E+03  0.1243758357E+03  0.1243758357E+03
L3 0.1481108247E+07  0.1885458572E+02  -.1183672626E+03  0.5382497360E+02
L4 -.1522923442E+02  0.1241124158E+05  0.1251363168E+05  0.1255716061E+05
L5 0.3748203387E+05  0.1221025810E+05  0.1377538654E+05  0.1198340465E+05
L6 0.3796904929E+05  -.4447444590E+06  0.4396361061E+05  -.5905857791E+06
L7 0.0000000000E+00  0.4730542060E+04  0.1293630618E+05  0.2044596044E+05
L8 0.5795780387E+04  0.5796912045E+05  0.0000000000E+00  0.0000000000E+00
L9 0.0000000000E+00  0.0000000000E+00  0.0000000000E+00  0.1036945353E+01  0.0000000000E+00
L0    69000  0.2480000000E+03  -.3526174546E+06  0.9243083191E+05
L1 0.2990054929E+03  0.2990054929E+03  -.4450482865E+12  0.1000000000E+01
L2 0.1000000000E+01  0.1243313022E+03  0.1243313022E+03  0.1243313022E+03
L3 0.1479510079E+07  0.2194172401E+03  -.1069684170E+03  0.1866788169E+02
L4 0.4370556829E+02  0.1244874336E+05  0.1245083221E+05  0.1238541101E+05
L5 0.3728498658E+05  0.1011235380E+05  0.1358984887E+05  0.1218663245E+05
L6 0.3588883512E+05  -.4450482865E+06  0.4446955298E+05  -.5912756040E+06
L7 0.0000000000E+00  0.4726054428E+04  0.1301412251E+05  0.2038417404E+05
L8 0.5772234270E+04  0.5786117923E+05  0.0000000000E+00  0.0000000000E+00
L9 0.0000000000E+00  0.0000000000E+00  0.0000000000E+00  0.1038065462E+01  0.0000000000E+00
L0    70000  0.2500000000E+03  -.3520981506E+06  0.9233393828E+05
L1 0.2986920507E+03  0.2986920507E+03  -.4444320889E+12  0.1000000000E+01
L2 0.1000000000E+01  0.1243634653E+03  0.1243634653E+03  0.1243634653E+03
L3 0.1480653543E+07  -.8107361625E+02  0.3276491702E+03  -.1215696412E+01
L4 0.8178661917E+02  0.1252120526E+05  0.1233548095E+05  0.1240345834E+05
L5 0.3726014455E+05  0.1338515718E+05  0.8843924223E+04  0.1241641328E+05
L6 0.3464549468E+05  -.4444320889E+06  0.4401757110E+05  -.5905027617E+06
L7 0.0000000000E+00  0.4847716124E+04  0.1298515158E+05  0.2050208240E+05
L8 0.5809346541E+04  0.5790880508E+05  0.0000000000E+00  0.0000000000E+00
L9 0.0000000000E+00  0.0000000000E+00  0.0000000000E+00  0.1037263796E+01  0.0000000000E+00
L0    71000  0.2520000000E+03  -.3518302813E+06  0.9269635608E+05
L1 0.2998644399E+03  0.2998644399E+03  -.4445266374E+12  0.1000000000E+01
L2 0.1000000000E+01  0.1243576835E+03  0.1243576835E+03  0.1243576835E+03
L3 0.1480464031E+07  0.6378105348E+02  -.1216282654E+03  -.8274868421E+02
L4 -.4686529872E+02  0.1251622953E+05  0.1246415276E+05  0.1256880816E+05
L5 0.3754919046E+05  0.1183664087E+05  0.1376010487E+05  0.1345049739E+05
L6 0.3904724313E+05  -.4445266374E+06  0.4401845233E+05  -.5903320046E+06
L7 0.0000000000E+00  0.4629506014E+04  0.1293042705E+05  0.2040377682E+05
L8 0.5780020257E+04  0.5804318473E+05  0.0000000000E+00  0.0000000000E+00
L9 0.0000000000E+00  0.0000000000E+00  0.0000000000E+00  0.1037396574E+01  0.0000000000E+00
L0    72000  0.2540000000E+03  -.3513618761E+06  0.9307506642E+05
L1 0.3010895341E+03  0.3010895341E+03  -.4444369426E+12  0.1000000000E+01
L2 0.1000000000E+01  0.1243661012E+03  0.1243661012E+03  0.1243661012E+03
L3 0.1480760305E+07  0.1629757811E+03  -.1027729223E+03  -.1012800498E+03
L4 -.1369239697E+02  0.1248141509E+05  0.1267430072E+05  0.1246852436E+05
L5 0.3762424017E+05  0.1074455669E+05  0.1376956783E+05  0.1354788170E+05
L6 0.3806200622E+05  -.4444369426E+06  0.4386847649E+05  -.5902764669E+06
L7 0.0000000000E+00  0.4743228465E+04  0.1315379170E+05  0.2045894849E+05
L8 0.5745790251E+04  0.5786928891E+05  0.0000000000E+00  0.0000000000E+00
L9 0.0000000000E+00  0.0000000000E+00  0.0000000000E+00  0.1037189010E+01  0.0000000000E+00
L0    73000  0.2560000000E+03  -.3516391590E+06  0.9255632824E+05
L1 0.2994114623E+03  0.2994114623E+03  -.4441954872E+12  0.1000000000E+01
L2 0.1000000000E+01  0.1243686030E+03  0.1243686030E+03  0.1243686030E+03
L3 0.1480851187E+07  0.1631707975E+02  -.3905234566E+03  0.2986406432E+03
L4 -.2518857788E+02  0.1245809591E+05  0.1237848243E+05  0.1234861281E+05
L5 0.3718519115E+05  0.1228419157E+05  0.1654060746E+05  0.9165757399E+04
L6 0.3799055643E+05  -.4441954872E+06  0.4474497784E+05  -.5909705958E+06
L7 0.0000000000E+00  0.4888729821E+04  0.1298775281E+05  0.2045137723E+05
L8 0.5780112148E+04  0.5792215869E+05  0.0000000000E+00  0.0000000000E+00
L9 0.0000000000E+00  0.0000000000E+00  0.0000000000E+00  0.1037125356E+01  0.0000000000E+00
L0    74000  0.2580000000E+03  -.3518274543E+06  0.9254423460E+05
L1 0.2993723405E+03  0.2993723405E+03  -.4443716889E+12  0.1000000000E+01
L2 0.1000000000E+01  0.1243412464E+03  0.1243412464E+03  0.1243412464E+03
L3 0.1479893666E+07  -.3654956224E+02  -.2618062890E+02  -.4551350637E+03
L4 -.1726217516E+03  0.1238518815E+05  0.1241988153E+05  0.1240547079E+05
L5 0.3721054047E+05  0.1277447459E+05  0.1269872930E+05  0.1725307759E+05
L6 0.4272628147E+05  -.4443716889E+06  0.4386952192E+05  -.5901478424E+06
L7 0.0000000000E+00  0.4703662560E+04  0.1305675760E+05  0.2042440410E+05
L8 0.5755250835E+04  0.5796655651E+05  0.0000000000E+00  0.0000000000E+00
L9 0.0000000000E+00  0.0000000000E+00  0.0000000000E+00  0.1037796397E+01  0.0000000000E+00
L0    75000  0.2600000000E+03  -.3517620759E+06  0.9284669083E+05
L1 0.3003507594E+03  0.3003507594E+03  -.4446087668E+12  0.1000000000E+01
L2 0.1000000000E+01  0.1243551167E+03  0.1243551167E+03  0.1243551167E+03
L3 0.1480356104E+07  0.2255046792E+03  -.1287787704E+02  0.1607327307E+02
L4 0.7623335841E+02  0.1245182944E+05  0.1253415749E+05  0.1249552189E+05
L5 0.3748150883E+05  0.1004924679E+05  0.1267136158E+05  0.1232427326E+05
L6 0.3504488164E+05  -.4446087668E+06  0.4411324896E+05  -.5906574734E+06
L7 0.0000000000E+00  0.4832318098E+04  0.1288615213E+05  0.2049544320E+05
L8 0.5716874263E+04  0.5800467001E+05  0.0000000000E+00  0.0000000000E+00
L9 0.0000000000E+00  0.0000000000E+00  0.0000000000E+00  0.1037472206E+01  0.0000000000E+00
L0    76000  0.2620000000E+03  -.3517796703E+06  0.9255575979E+05
L1 0.2994096234E+03  0.2994096234E+03  -.4443354301E+12  0.1000000000E+01
L2 0.1000000000E+01  0.1243404706E+03  0.1243404706E+03  0.1243404706E+03
L3 0.1479839120E+07  0.4745368977E+02  -.2177451248E+03  0.2624752918E+03
L4 0.3072795226E+02  0.1251801994E+05  0.1248178165E+05  0.1230017532E+05
L5 0.3729997692E+05  0.1201261316E+05  0.1480088191E+05  0.9504675227E+04
L6 0.3631817030E+05  -.4443354301E+06  0.4378952093E+05  -.5900354799E+06
L7 0.0000000000E+00  0.4728373612E+04  0.1309435689E+05  0.2035734924E+05
L8 0.5758883080E+04  0.5797156601E+05  0.0000000000E+00  0.0000000000E+00
L9 0.0000000000E+00  0.0000000000E+00  0.0000000000E+00  0.1037834649E+01  0.0000000000E+00
L0    77000  0.2640000000E+03  -.3513847367E+06  0.9296263241E+05
L1 0.3007258201E+03  0.3007258201E+03  -.4443473691E+12  0.1000000000E+01
L2 0.1000000000E+01  0.1243461394E+03  0.1243461394E+03  0.1243461394E+03
L3 0.1480056034E+07  -.2440282632E+03  0.1157905879E+03  -.1091132096E+03
L4 -.7911696163E+02  0.1243447799E+05  0.1242876459E+05  0.1248419743E+05
L5 0.3734744001E+05  0.1503388847E+05  0.1119535308E+05  0.1364648092E+05
L6 0.3987572248E+05  -.4443473691E+06  0.4389314122E+05  -.5902794848E+06
L7 0.0000000000E+00  0.4788825622E+04  0.1310069693E+05  0.2046460872E+05
L8 0.5757028403E+04  0.5792781478E+05  0.0000000000E+00  0.0000000000E+00
L9 0.0000000000E+00  0.0000000000E+00  0.0000000000E+00  0.1037682546E+01  0.0000000000E+00
L0    78000  0.2660000000E+03  -.3516558514E+06  0.9286340002E+05
L1 0.3004048121E+03  0.3004048121E+03  -.4445192514E+12  0.1000000000E+01
L2 0.1000000000E+01  0.1242924389E+03  0.1242924389E+03  0.1242924389E+03
L3 0.1478124859E+07  0.3144172818E+02  -.9905930611E+02  0.1592431128E+03
L4 0.3054184496E+02  0.1241217495E+05  0.1245744604E+05  0.1243747112E+05
L5 0.3730709211E+05  0.1207769190E+05  0.1351125766E+05  0.1074341280E+05
L6 0.3633236235E+05  -.4445192514E+06  0.4334180030E+05  -.5898866191E+06
L7 0.0000000000E+00  0.4827601752E+04  0.1298211593E+05  0.2043084691E+05
L8 0.5793493847E+04  0.5799150900E+05  0.0000000000E+00  0.0000000000E+00
L9 0.0000000000E+00  0.0000000000E+00  0.0000000000E+00  0.1039038282E+01  0.0000000000E+00
L0    79000  0.2680000000E+03  -.3513807474E+06  0.9232254142E+05
L1 0.2986551828E+03  0.2986551828E+03  -.4437032888E+12  0.1000000000E+01
L2 0.1000000000E+01  0.1243381522E+03  0.1243381522E+03  0.1243381522E+03
L3 0.1479761446E+07  0.3148269788E+02  -.5349311275E+02  -.1697611765E+01
L4 -.7902675542E+01  0.1236338500E+05  0.1252439226E+05  0.1239468054E+05
L5 0.3728245780E+05  0.1202809529E+05  0.1309409218E+05  0.1241276005E+05
L6 0.3753494752E+05  -.4437032888E+06  0.4403764762E+05  -.5896266942E+06
L7 0.0000000000E+00  0.4823600078E+04  0.1311694347E+05  0.2040176941E+05
L8 0.5718051278E+04  0.5782539349E+05  0.0000000000E+00  0.0000000000E+00
L9 0.0000000000E+00  0.0000000000E+00  0.0000000000E+00  0.1037889126E+01  0.0000000000E+00
L0    80000  0.2700000000E+03  -.3514939733E+06  0.9281869243E+05
L1 0.3002601871E+03  0.3002601871E+03  -.4443126657E+12  0.1000000000E+01
L2 0.1000000000E+01  0.1243473740E+03  0.1243473740E+03  0.1243473740E+03
L3 0.1480088661E+07  -.9638672602E+02  0.1635743093E+03  -.4419789959E+02
L4 0.7663227898E+01  0.1235499619E+05  0.1251192447E+05  0.1242267734E+05
L5 0.3728959800E+05  0.1338173869E+05  0.1076947815E+05  0.1289348763E+05
L6 0.3704470447E+05  -.4443126657E+06  0.4396804795E+05  -.5903975901E+06
L7 0.0000000000E+00  0.4818464117E+04  0.1300734886E+05  0.2044795495E+05
L8 0.5804301915E+04  0.5803880659E+05  0.0000000000E+00  0.0000000000E+00
L9 0.0000000000E+00  0.0000000000E+00  0.0000000000E+00  0.1037659672E+01  0.0000000000E+00
L0    81000  0.2720000000E+03  -.3520573697E+06  0.9264057259E+05
L1 0.2996839853E+03  0.2996839853E+03  -.4446979423E+12  0.1000000000E+01
L2 0.1000000000E+01  0.1243514660E+03  0.1243514660E+03  0.1243514660E+03
L3 0.1480238502E+07  -.4172428141E+02  -.3770206233E+01  -.1595423997E+02
L4 -.2048290921E+02  0.1228936053E+05  0.1233385655E+05  0.1245651321E+05
L5 0.3707973028E+05  0.1273386604E+05  0.1237402206E+05  0.1262648012E+05
L6 0.3773436822E+05  -.4446979423E+06  0.4375936626E+05  -.5903239603E+06
L7 0.0000000000E+00  0.4683803078E+04  0.1291928642E+05  0.2042954433E+05
L8 0.5821636367E+04  0.5801238155E+05  0.0000000000E+00  0.0000000000E+00
L9 0.0000000000E+00  0.0000000000E+00  0.0000000000E+00  0.1037554632E+01  0.0000000000E+00
L0    82000  0.2740000000E+03  -.3521710770E+06  0.9224991377E+05
L1 0.2984202389E+03  0.2984202389E+03  -.4444209908E+12  0.1000000000E+01
L2 0.1000000000E+01  0.1243366436E+03  0.1243366436E+03  0.1243366436E+03
L3 0.1479710608E+07  0.3411720464E+02  -.3072283423E+03  0.1806463693E+03
L4 -.3082158947E+02  0.1235072911E+05  0.1245727803E+05  0.1240141651E+05
L5 0.3720942365E+05  0.1198739447E+05  0.1572913753E+05  0.1047760462E+05
L6 0.3819413661E+05  -.4444209908E+06  0.4345631177E+05  -.5898722073E+06
L7 0.0000000000E+00  0.4850395628E+04  0.1316794342E+05  0.2043498562E+05
L8 0.5788375172E+04  0.5775320492E+05  0.0000000000E+00  0.0000000000E+00
L9 0.0000000000E+00  0.0000000000E+00  0.0000000000E+00  0.1037924785E+01  0.0000000000E+00
L0    83000  0.2760000000E+03  -.3510941547E+06  0.9316967021E+05
L1 0.3013955689E+03  0.3013955689E+03  -.4442638249E+12  0.1000000000E+01
L2 0.1000000000E+01  0.1243578224E+03  0.1243578224E+03  0.1243578224E+03
L3 0.1480475924E+07  -.1837757813E+03  0.1938977569E+03  -.3081789990E+03
L4 -.9935234114E+02  0.1243514564E+05  0.1267374109E+05  0.1238653406E+05
L5 0.3749542079E+05  0.1439329676E+05  0.1060773920E+05  0.1567021513E+05
L6 0.4067125110E+05  -.4442638249E+06  0.4381594018E+05  -.5901778574E+06
L7 0.0000000000E+00  0.4809068266E+04  0.1313201582E+05  0.2045521461E+05
L8 0.5786189753E+04  0.5791560396E+05  0.0000000000E+00  0.0000000000E+00
L9 0.0000000000E+00  0.0000000000E+00  0.0000000000E+00  0.1037388241E+01  0.0000000000E+00
L0    84000  0.2780000000E+03  -.3511509399E+06  0.9297866918E+05
L1 0.3007776976E+03  0.3007776976E+03  -.4441296090E+12  0.1000000000E+01
L2 0.1000000000E+01  0.1243524327E+03  0.1243524327E+03  0.1243524327E+03
L3 0.1480284315E+07  0.1939054648E+02  -.2209224575E+03  -.1164033760E+03
L4 -.1059784290E+03  0.1257584252E+05  0.1249099134E+05  0.1254382708E+05
L5 0.3761066094E+05  0.1236926086E+05  0.1484463972E+05  0.1378395731E+05
L6 0.4099785789E+05  -.4441296090E+06  0.4415367829E+05  -.5904098799E+06
L7 0.0000000000E+00  0.4778856195E+04  0.1332758650E+05  0.2039499192E+05
L8 0.5730492655E+04  0.5789466527E+05  0.0000000000E+00  0.0000000000E+00
L9 0.0000000000E+00  0.0000000000E+00  0.0000000000E+00  0.1037522521E+01  0.0000000000E+00
L0    85000  0.2800000000E+03  -.3508002904E+06  0.9305329415E+05
L1 0.3010191027E+03  0.3010191027E+03  -.4438535845E+12  0.1000000000E+01
L2 0.1000000000E+01  0.1243993579E+03  0.1243993579E+03  0.1243993579E+03
L3 0.1481933918E+07  0.6484255057E+02  -.6174191196E+02  0.2874466024E+03
L4 0.9684908033E+02  0.1241912965E+05  0.1242999346E+05  0.1249478029E+05
L5 0.3734390339E+05  0.1172754474E+05  0.1308850819E+05  0.9428988914E+04
L6 0.3424504184E+05  -.4438535845E+06  0.4409966555E+05  -.5898791720E+06
L7 0.0000000000E+00  0.4733158427E+04  0.1294380191E+05  0.2037815940E+05
L8 0.5808999149E+04  0.5806180309E+05  0.0000000000E+00  0.0000000000E+00
L9 0.0000000000E+00  0.0000000000E+00  0.0000000000E+00  0.1036367611E+01  0.0000000000E+00
L0    86000  0.2820000000E+03  -.3516106522E+06  0.9263197959E+05
L1 0.2996561877E+03  0.2996561877E+03  -.4442426318E+12  0.1000000000E+01
L2 0.1000000000E+01  0.1243226642E+03  0.1243226642E+03  0.1243226642E+03
L3 0.1479212685E+07  0.1907982741E+03  -.9352749038E+02  -.2152064633E+03
L4 -.3931189321E+02  0.1255423293E+05  0.1252511717E+05  0.1249006654E+05
L5 0.3756941663E+05  0.1052299104E+05  0.1352081253E+05  0.1478115845E+05
L6 0.3882496202E+05  -.4442426318E+06  0.4401648672E+05  -.5902939686E+06
L7 0.0000000000E+00  0.4708173022E+04  0.1303206152E+05  0.2045855500E+05
L8 0.5768204821E+04  0.5806785578E+05  0.0000000000E+00  0.0000000000E+00
L9 0.0000000000E+00  0.0000000000E+00  0.0000000000E+00  0.1038274164E+01  0.0000000000E+00
L0    87000  0.2840000000E+03  -.3515674809E+06  0.9281522524E+05
L1 0.3002489710E+03  0.3002489710E+03  -.4443827062E+12  0.1000000000E+01
L2 0.1000000000E+01  0.1243107537E+03  0.1243107537E+03  0.1243107537E+03
L3 0.1478800396E+07  -.7344584037E+02  -.4703425578E+00  -.3353665553E+03
L4 -.1364275794E+03  0.1255376124E+05  0.1239130882E+05  0.1250568419E+05
L5 0.3745075425E+05  0.1333544906E+05  0.1239631470E+05  0.1607500750E+05
L6 0.4180677126E+05  -.4443827062E+06  0.4364513195E+05  -.5900258477E+06
L7 0.0000000000E+00  0.4782568314E+04  0.1311377417E+05  0.2034350851E+05
L8 0.5801259385E+04  0.5795689925E+05  0.0000000000E+00  0.0000000000E+00
L9 0.0000000000E+00  0.0000000000E+00  0.0000000000E+00  0.1038563635E+01  0.0000000000E+00
L0    88000  0.2860000000E+03  -.3517428843E+06  0.9294795613E+05
L1 0.3006783436E+03  0.3006783436E+03  -.4446908404E+12  0.1000000000E+01
L2 0.1000000000E+01  0.1243289315E+03  0.1243289315E+03  0.1243289315E+03
L3 0.1479446669E+07  -.3113663313E+03  0.8931531987E+02  -.1292529664E+03
L4 -.1171013259E+03  0.1248954051E+05  0.1252569193E+05  0.1256721376E+05
L5 0.3758244620E+05  0.1580487646E+05  0.1157468900E+05  0.1394346085E+05
L6 0.4132302632E+05  -.4446908404E+06  0.4393075407E+05  -.5906984377E+06
L7 0.0000000000E+00  0.4738143078E+04  0.1303426800E+05  0.2049503692E+05
L8 0.5806383725E+04  0.5800301150E+05  0.0000000000E+00  0.0000000000E+00
L9 0.0000000000E+00  0.0000000000E+00  0.0000000000E+00  0.1038109955E+01  0.0000000000E+00
L0    89000  0.2880000000E+03  -.3508842817E+06  0.9307984000E+05
L1 0.3011049762E+03  0.3011049762E+03  -.4439641217E+12  0.1000000000E+01
L2 0.1000000000E+01  0.1243727655E+03  0.1243727655E+03  0.1243727655E+03
L3 0.1480989328E+07  0.1007672857E+03  0.1537030971E+03  -.9035159379E+02
L4 0.5470626297E+02  0.1236617301E+05  0.1255121321E+05  0.1249062557E+05
L5 0.3740801179E+05  0.1129211418E+05  0.1091292190E+05  0.1345366557E+05
L6 0.3565870165E+05  -.4439641217E+06  0.4422524666E+05  -.5902906020E+06
L7 0.0000000000E+00  0.4809935926E+04  0.1317307176E+05  0.2045182523E+05
L8 0.5774132080E+04  0.5789226858E+05  0.0000000000E+00  0.0000000000E+00
L9 0.0000000000E+00  0.0000000000E+00  0.0000000000E+00  0.1037028617E+01  0.0000000000E+00
L0    90000  0.2900000000E+03  -.3512939082E+06  0.9300009846E+05
L1 0.3008470194E+03  0.3008470194E+03  -.4442940067E+12  0.1000000000E+01
L2 0.1000000000E+01  0.1243702842E+03  0.1243702842E+03  0.1243702842E+03
L3 0.1480905674E+07  0.9993536125E+02  -.3240492897E+03  0.2750184663E+03
L4 0.1696817929E+02  0.1252190761E+05  0.1240711595E+05  0.1244359448E+05
L5 0.3737261804E+05  0.1145677627E+05  0.1586089898E+05  0.9512391908E+04
L6 0.3683006716E+05  -.4442940067E+06  0.4382781933E+05  -.5900294798E+06
L7 0.0000000000E+00  0.4810446000E+04  0.1293687008E+05  0.2045515466E+05
L8 0.5730318195E+04  0.5797486487E+05  0.0000000000E+00  0.0000000000E+00
L9 0.0000000000E+00  0.0000000000E+00  0.0000000000E+00  0.1037087197E+01  0.0000000000E+00
L0    91000  0.2920000000E+03  -.3519653540E+06  0.9263066550E+05
L1 0.2996519367E+03  0.2996519367E+03  -.4445960195E+12  0.1000000000E+01
L2 0.1000000000E+01  0.1243526953E+03  0.1243526953E+03  0.1243526953E+03
L3 0.1480276968E+07  0.5227772594E+02  -.1647528219E+03  0.1744876331E+03
L4 0.2067084570E+02  0.1240985256E+05  0.1246503588E+05  0.1220228044E+05
L5 0.3707716888E+05  0.1185290251E+05  0.1422025938E+05  0.1034334540E+05
L6 0.3641650729E+05  -.4445960195E+06  0.4412751628E+05  -.5906128958E+06
L7 0.0000000000E+00  0.4716780305E+04  0.1293432896E+05  0.2044619694E+05
L8 0.5751622663E+04  0.5804043122E+05  0.0000000000E+00  0.0000000000E+00
L9 0.0000000000E+00  0.0000000000E+00  0.0000000000E+00  0.1037527670E+01  0.0000000000E+00
L0    92000  0.2940000000E+03  -.3516973137E+06  0.9263880397E+05
L1 0.2996782639E+03  0.2996782639E+03  -.4443361177E+12  0.1000000000E+01
L2 0.1000000000E+01  0.1243271810E+03  0.1243271810E+03  0.1243271810E+03
L3 0.1479387938E+07  0.3285027333E+02  -.1061349296E+03  -.3634107686E+03
L4 -.1455651416E+03  0.1238022259E+05  0.1243234637E+05  0.1249300913E+05
L5 0.3730557809E+05  0.1203045655E+05  0.1356239462E+05  0.1636234515E+05
L6 0.4195519632E+05  -.4443361177E+06  0.4370447514E+05  -.5900062604E+06
L7 0.0000000000E+00  0.4737081733E+04  0.1289617516E+05  0.2042468118E+05
L8 0.5763815459E+04  0.5814391399E+05  0.0000000000E+00  0.0000000000E+00
L9 0.0000000000E+00  0.0000000000E+00  0.0000000000E+00  0.1038151167E+01  0.0000000000E+00
L0    93000  0.2960000000E+03  -.3518618905E+06  0.9260586630E+05
L1 0.2995717135E+03  0.2995717135E+03  -.4444677568E+12  0.1000000000E+01
L2 0.1000000000E+01  0.1243454540E+03  0.1243454540E+03  0.1243454540E+03
L3 0.1480009451E+07  0.8036835637E+02  -.2907954392E+01  0.1875499298E+03
L4 0.8833677725E+02  0.1242200698E+05  0.1223595064E+05  0.1251537609E+05
L5 0.3717333371E+05  0.1156594313E+05  0.1226692545E+05  0.1051764065E+05
L6 0.3435050923E+05  -.4444677568E+06  0.4371432940E+05  -.5902532960E+06
L7 0.0000000000E+00  0.4762302488E+04  0.1311007265E+05  0.2040960935E+05
L8 0.5774743577E+04  0.5801448174E+05  0.0000000000E+00  0.0000000000E+00
L9 0.0000000000E+00  0.0000000000E+00  0.0000000000E+00  0.1037715207E+01  0.0000000000E+00
L0    94000  0.2980000000E+03  -.3518459125E+06  0.9239014756E+05
L1 0.2988738826E+03  0.2988738826E+03  -.4442360600E+12  0.1000000000E+01
L2 0.1000000000E+01  0.1243201509E+03  0.1243201509E+03  0.1243201509E+03
L3 0.1479117447E+07  -.9369141359E+02  0.1396035768E+03  -.3816837553E+02
L4 0.2581262557E+01  0.1236871474E+05  0.1249889296E+05  0.1229960563E+05
L5 0.3716721333E+05  0.1336609101E+05  0.1101276644E+05  0.1270592069E+05
L6 0.3708477813E+05  -.4442360600E+06  0.4391890962E+05  -.5901033231E+06
L7 0.0000000000E+00  0.4785167914E+04  0.1303803674E+05  0.2039262513E+05
L8 0.5751028420E+04  0.5798149521E+05  0.0000000000E+00  0.0000000000E+00
L9 0.0000000000E+00  0.0000000000E+00  0.0000000000E+00  0.1038341017E+01  0.0000000000E+00
L0    95000  0.3000000000E+03  -.3515973939E+06  0.9264915897E+05
L1 0.2997117614E+03  0.2997117614E+03  -.4442465528E+12  0.1000000000E+01
L2 0.1000000000E+01  0.1243809061E+03  0.1243809061E+03  0.1243809061E+03
L3 0.1481287082E+07  0.6225072424E+02  0.1339564430E+03  -.1893883867E+03
L4 0.2272926851E+01  0.1239526580E+05  0.1253899004E+05  0.1243633667E+05
L5 0.3737059251E+05  0.1173161408E+05  0.1111088740E+05  0.1445539637E+05
L6 0.3729789785E+05  -.4442465528E+06  0.4380704908E+05  -.5900308134E+06
L7 0.0000000000E+00  0.4726074219E+04  0.1306549536E+05  0.2038701064E+05
L8 0.5818006301E+04  0.5798062500E+05  0.0000000000E+00  0.0000000000E+00
L9 0.0000000000E+00  0.0000000000E+00  0.0000000000E+00  0.1036820163E+01  0.0000000000E+00
L0    96000  0.3020000000E+03  -.3511752039E+06  0.9294511346E+05
L1 0.3006691478E+03  0.3006691478E+03  -.4441203174E+12  0.1000000000E+01
L2 0.1000000000E+01  0.1243407323E+03  0.1243407323E+03  0.1243407323E+03
L3 0.1479855308E+07  -.1318991462E+03  0.9844948915E+02  -.2986857126E+02
L4 -.2110607610E+02  0.1254743169E+05  0.1247588050E+05  0.1243065899E+05
L5 0.3745397118E+05  0.1395224243E+05  0.1142733012E+05  0.1274877848E+05
L6 0.3812835104E+05  -.4441203174E+06  0.4360092173E+05  -.5895835769E+06
L7 0.0000000000E+00  0.4813704899E+04  0.1296610240E+05  0.2048694100E+05
L8 0.5738057774E+04  0.5785753175E+05  0.0000000000E+00  0.0000000000E+00
L9 0.0000000000E+00  0.0000000000E+00  0.0000000000E+00  0.1037823296E+01  0.0000000000E+00
L0    97000  0.3040000000E+03  -.3508428635E+06  0.9296810719E+05
L1 0.3007435305E+03  0.3007435305E+03  -.4438109707E+12  0.1000000000E+01
L2 0.1000000000E+01  0.1243482237E+03  0.1243482237E+03  0.1243482237E+03
L3 0.1480117954E+07  0.1320218620E+03  -.2898943037E+03  0.2047513431E+03
L4 0.1562630045E+02  0.1247091389E+05  0.1252162057E+05  0.1252039063E+05
L5 0.3751292509E+05  0.1106454659E+05  0.1560972934E+05  0.1033927010E+05
L6 0.3701354602E+05  -.4438109707E+06  0.4406800395E+05  -.5898671758E+06
L7 0.0000000000E+00  0.4775909217E+04  0.1316625445E+05  0.2037961088E+05
L8 0.5743809028E+04  0.5792261755E+05  0.0000000000E+00  0.0000000000E+00
L9 0.0000000000E+00  0.0000000000E+00  0.0000000000E+00  0.1037639135E+01  0.0000000000E+00
L0    98000  0.3060000000E+03  -.3520573005E+06  0.9278347517E+05
L1 0.3001462624E+03  0.3001462624E+03  -.4448407757E+12  0.1000000000E+01
L2 0.1000000000E+01  0.1243164947E+03  0.1243164947E+03  0.1243164947E+03
L3 0.1479000230E+07  -.2067379114E+03  0.9624560161E+02  -.1837530120E+03
L4 -.9808177393E+02  0.1247707285E+05  0.1261486376E+05  0.1251582949E+05
L5 0.3760776610E+05  0.1467769230E+05  0.1159037850E+05  0.1447178642E+05
L6 0.4073985722E+05  -.4448407757E+06  0.4370997614E+05  -.5905347229E+06
L7 0.0000000000E+00  0.4850155706E+04  0.1291599877E+05  0.2042308170E+05
L8 0.5738125044E+04  0.5805660987E+05  0.0000000000E+00  0.0000000000E+00
L9 0.0000000000E+00  0.0000000000E+00  0.0000000000E+00  0.1038423310E+01  0.0000000000E+00
L0    99000  0.3080000000E+03  -.3518140426E+06  0.9289625400E+05
L1 0.3005110918E+03  0.3005110918E+03  -.4447102966E+12  0.1000000000E+01
L2 0.1000000000E+01  0.1243485179E+03  0.1243485179E+03  0.1243485179E+03
L3 0.1480135183E+07  -.2374353175E+03  -.6627165713E+02  0.1978023308E+03
L4 -.3530154794E+02  0.1243804723E+05  0.1242951518E+05  0.1250673630E+05
L5 0.3737429870E+05  0.1496736433E+05  0.1313548444E+05  0.1039961582E+05
L6 0.3850246460E+05  -.4447102966E+06  0.4402172150E+05  -.5906423397E+06
L7 0.0000000000E+00  0.4817094206E+04  0.1297785939E+05  0.2033317321E+05
L8 0.5825321076E+04  0.5795687377E+05  0.0000000000E+00  0.0000000000E+00
L9 0.0000000000E+00  0.0000000000E+00  0.0000000000E+00  0.1037627057E+01  0.0000000000E+00
L0   100000  0.3100000000E+03  -.3521609505E+06  0.9268162055E+05
L1 0.2998167718E+03  0.2998167718E+03  -.4448425710E+12  0.1000000000E+01
L2 0.1000000000E+01  0.1243088101E+03  0.1243088101E+03  0.1243088101E+03
L3 0.1478708764E+07  -.9863713654E+02  0.2168491348E+03  -.2102734040E+02
L4 0.3239488597E+02  0.1250829147E+05  0.1244298168E+05  0.1255004115E+05
L5 0.3750131431E+05  0.1355802649E+05  0.1013518832E+05  0.1277382234E+05
L6 0.3646703715E+05  -.4448425710E+06  0.4449993726E+05  -.5913994550E+06
L7 0.0000000000E+00  0.4784395360E+04  0.1301196056E+05  0.2047228125E+05
L8 0.5770365965E+04  0.5801794356E+05  0.0000000000E+00  0.0000000000E+00
L9 0.0000000000E+00  0.0000000000E+00  0.0000000000E+00  0.1038627992E+01  0.0000000000E+00
