
Resp charges for organic molecule                                               

iqopt   irstrnt  ihfree     qwt
  2      1      1        0.001000

 rel.rms   dipole mom       Qxx      Qyy      Qzz
    0.12817   6.11006  23.06535  -2.69704 -20.36831

          Point charges before & after optimization
    NO   At.No.    q0           q(opt)   IVARY  d(rstr)/dq 
     1     6   0.064095       0.064095  -99    0.008419
     2     7  -0.590555      -0.590555  -99    0.001670
     3     8  -0.196807      -0.196807  -99    0.004530
     4     6  -0.077204      -0.077204  -99    0.007915
     5     6  -0.080912      -0.080912  -99    0.007774
     6     6  -0.040730      -0.040730  -99    0.009261
     7     6  -0.077204      -0.077204  -99    0.007915
     8     6  -0.158161      -0.158161  -99    0.005344
     9     6   0.383533       0.383533  -99    0.002523
    10     6   0.455611       0.455611  -99    0.002144
    11     6  -0.150412      -0.066892    0    0.008312
    12     6   0.667562       0.667562  -99    0.001481
    13     6  -0.429946      -0.602919    0    0.001636
    14     6  -0.520586      -0.602919   13    0.001636
    15     6  -0.211070      -0.134041    0    0.005980
    16     6   0.198992       0.027847    0    0.009633
    17    53  -0.149849      -0.149849  -99    0.005551
    18     6  -0.365162      -0.268553    0    0.003490
    19     7  -0.057306      -0.057306  -99    0.008676
    20     8  -0.593167      -0.593167  -99    0.001662
    21     6  -0.080912      -0.080912  -99    0.007774
    22     1   0.068349       0.068349  -99    0.000000
    23     1   0.072416       0.072416  -99    0.000000
    24     1   0.058384       0.058384  -99    0.000000
    25     1   0.068349       0.068349  -99    0.000000
    26     1   0.090426       0.032423    0    0.000000
    27     1   0.027539       0.032423   26    0.000000
    28     1   0.109602       0.155351    0    0.000000
    29     1   0.115234       0.155351   28    0.000000
    30     1   0.108088       0.155351   28    0.000000
    31     1   0.114853       0.155351   28    0.000000
    32     1   0.133940       0.155351   28    0.000000
    33     1   0.121878       0.155351   28    0.000000
    34     1   0.066636       0.059721    0    0.000000
    35     1   0.096791       0.059721   34    0.000000
    36     1   0.037252       0.066765    0    0.000000
    37     1   0.007029       0.066765   36    0.000000
    38     1   0.097725       0.081007    0    0.000000
    39     1   0.101911       0.081007   38    0.000000
    40     1   0.094746       0.081007   38    0.000000
    41     1   0.346623       0.346623  -99    0.000000
    42     1   0.072416       0.072416  -99    0.000000

        Statistics of the fitting:
  The initial sum of squares (ssvpot)                      2.133
  The residual sum of squares (chipot)                     0.035
  The std err of estimate (sqrt(chipot/N))               0.00179
  ESP relative RMS (SQRT(chipot/ssvpot))                 0.12817

 Dipole Moment (Debye)=   6.11006
