L0  Nsteps           time(ps)         Etot             EKinetic        
L1  Temp             T_solute         T_solv           Pres_scal_solu  
L2  Pres_scal_solv   BoxX             BoxY             BoxZ            
L3  volume           pres_X           pres_Y           pres_Z          
L4  Pressure         EKCoM_x          EKCoM_y          EKCoM_z         
L5  EKComTot         VIRIAL_x         VIRIAL_y         VIRIAL_z        
L6  VIRIAL_tot       E_pot            E_vdw            E_el            
L7  E_hbon           E_bon            E_angle          E_dih           
L8  E_14vdw          E_14el           E_const          E_pol           
L9  AV_permMoment    AV_indMoment     AV_totMoment     Density          dV/dlambda      
L0     1000  0.1120000000E+03  -.3514726051E+06  0.9284759810E+05
L1 0.2999651434E+03  0.2999651434E+03  -.4443202032E+12  0.1000000000E+01
L2 0.1000000000E+01  0.1239088018E+03  0.9766504834E+02  0.1227763909E+03
L3 0.1485788235E+07  0.1788034438E+03  -.1718993449E+03  -.6009687459E+02
L4 -.1773092523E+02  0.1258631522E+05  0.1240935838E+05  0.1253498562E+05
L5 0.3753065922E+05  0.1067430867E+05  0.1424753703E+05  0.1317762211E+05
L6 0.3809946781E+05  -.4443202032E+06  0.4409117936E+05  -.5907405143E+06
L7 0.0000000000E+00  0.4712499915E+04  0.1312738192E+05  0.2029966137E+05
L8 0.5811578023E+04  0.5837801047E+05  0.0000000000E+00  0.0000000000E+00
L9 0.0000000000E+00  0.0000000000E+00  0.0000000000E+00  0.1035065065E+01  0.0000000000E+00
L0     2000  0.1140000000E+03  -.3513251813E+06  0.9320802113E+05
L1 0.3011295715E+03  0.3011295715E+03  -.4445332024E+12  0.1000000000E+01
L2 0.1000000000E+01  0.1239192591E+03  0.9767329082E+02  0.1227867527E+03
L3 0.1486164408E+07  0.2639530930E+02  -.9013398000E+02  0.1145086278E+02
L4 -.1742926930E+02  0.1255455991E+05  0.1262977029E+05  0.1248592267E+05
L5 0.3767025287E+05  0.1227223435E+05  0.1359384787E+05  0.1236344367E+05
L6 0.3822952589E+05  -.4445332024E+06  0.4402280124E+05  -.5907856150E+06
L7 0.0000000000E+00  0.4808193047E+04  0.1307545875E+05  0.2032233813E+05
L8 0.5778716389E+04  0.5824490496E+05  0.0000000000E+00  0.0000000000E+00
L9 0.0000000000E+00  0.0000000000E+00  0.0000000000E+00  0.1034803073E+01  0.0000000000E+00
L0     3000  0.1160000000E+03  -.3514353852E+06  0.9316141332E+05
L1 0.3009789944E+03  0.3009789944E+03  -.4445967985E+12  0.1000000000E+01
L2 0.1000000000E+01  0.1238943663E+03  0.9765367032E+02  0.1227620874E+03
L3 0.1485268238E+07  -.1962584733E+02  0.4396615301E+02  -.6003032383E+02
L4 -.1189667272E+02  0.1249978854E+05  0.1256775901E+05  0.1247255420E+05
L5 0.3754010175E+05  0.1270958101E+05  0.1209777840E+05  0.1311425437E+05
L6 0.3792161379E+05  -.4445967985E+06  0.4412112028E+05  -.5909675406E+06
L7 0.0000000000E+00  0.4717823535E+04  0.1316190835E+05  0.2028998392E+05
L8 0.5783361721E+04  0.5829654434E+05  0.0000000000E+00  0.0000000000E+00
L9 0.0000000000E+00  0.0000000000E+00  0.0000000000E+00  0.1035427445E+01  0.0000000000E+00
L0     4000  0.1180000000E+03  -.3512894408E+06  0.9330252928E+05
L1 0.3014349014E+03  0.3014349014E+03  -.4445919701E+12  0.1000000000E+01
L2 0.1000000000E+01  0.1238643037E+03  0.9762997494E+02  0.1227322996E+03
L3 0.1484184677E+07  -.4616324101E+02  0.1882938054E+03  -.1181204368E+03
L4 0.8003375849E+01  0.1247309003E+05  0.1274833991E+05  0.1261560609E+05
L5 0.3783703603E+05  0.1296619663E+05  0.1073702276E+05  0.1387734520E+05
L6 0.3758056460E+05  -.4445919701E+06  0.4452998521E+05  -.5913204452E+06
L7 0.0000000000E+00  0.4771857498E+04  0.1312070502E+05  0.2024739589E+05
L8 0.5801368791E+04  0.5825716271E+05  0.0000000000E+00  0.0000000000E+00
L9 0.0000000000E+00  0.0000000000E+00  0.0000000000E+00  0.1036183381E+01  0.0000000000E+00
L0     5000  0.1200000000E+03  -.3521593284E+06  0.9258386216E+05
L1 0.2991130849E+03  0.2991130849E+03  -.4447431906E+12  0.1000000000E+01
L2 0.1000000000E+01  0.1238634167E+03  0.9762927578E+02  0.1227314206E+03
L3 0.1484163297E+07  -.5182575376E+02  -.1172790670E+03  -.4495253562E+02
L4 -.7135245214E+02  0.1237799461E+05  0.1244283814E+05  0.1238564236E+05
L5 0.3720647511E+05  0.1293157907E+05  0.1369557187E+05  0.1286580953E+05
L6 0.3949296047E+05  -.4447431906E+06  0.4431837064E+05  -.5912342294E+06
L7 0.0000000000E+00  0.4738876214E+04  0.1310429372E+05  0.2034619085E+05
L8 0.5796531590E+04  0.5818677580E+05  0.0000000000E+00  0.0000000000E+00
L9 0.0000000000E+00  0.0000000000E+00  0.0000000000E+00  0.1036198307E+01  0.0000000000E+00
L0     6000  0.1220000000E+03  -.3513476101E+06  0.9286308816E+05
L1 0.3000151876E+03  0.3000151876E+03  -.4442106983E+12  0.1000000000E+01
L2 0.1000000000E+01  0.1238609031E+03  0.9762729459E+02  0.1227289301E+03
L3 0.1484061439E+07  -.1346716903E+03  0.1221008562E+02  0.1691494172E+03
L4 0.1556260416E+02  0.1237340067E+05  0.1244534087E+05  0.1247794120E+05
L5 0.3729668273E+05  0.1381181755E+05  0.1231492598E+05  0.1067127064E+05
L6 0.3679801417E+05  -.4442106983E+06  0.4397742744E+05  -.5905125058E+06
L7 0.0000000000E+00  0.4778325781E+04  0.1327758462E+05  0.2036112987E+05
L8 0.5792297988E+04  0.5811504180E+05  0.0000000000E+00  0.0000000000E+00
L9 0.0000000000E+00  0.0000000000E+00  0.0000000000E+00  0.1036269427E+01  0.0000000000E+00
L0     7000  0.1240000000E+03  -.3529050276E+06  0.9265215956E+05
L1 0.2993337351E+03  0.2993337351E+03  -.4455571871E+12  0.1000000000E+01
L2 0.1000000000E+01  0.1238803648E+03  0.9764263426E+02  0.1227482138E+03
L3 0.1484762279E+07  -.1332268515E+02  0.2391807097E+02  0.9343199140E+01
L4 0.6646194986E+01  0.1254593969E+05  0.1232238568E+05  0.1242839479E+05
L5 0.3729672016E+05  0.1268830536E+05  0.1206679815E+05  0.1232855374E+05
L6 0.3708365725E+05  -.4455571871E+06  0.4460520250E+05  -.5922517733E+06
L7 0.0000000000E+00  0.4775983274E+04  0.1295018030E+05  0.2035129384E+05
L8 0.5789424932E+04  0.5822250134E+05  0.0000000000E+00  0.0000000000E+00
L9 0.0000000000E+00  0.0000000000E+00  0.0000000000E+00  0.1035780285E+01  0.0000000000E+00
L0     8000  0.1260000000E+03  -.3518029669E+06  0.9269079852E+05
L1 0.2994585670E+03  0.2994585670E+03  -.4444937654E+12  0.1000000000E+01
L2 0.1000000000E+01  0.1238868730E+03  0.9764776410E+02  0.1227546626E+03
L3 0.1485012957E+07  -.3322793420E+03  -.1382057123E+03  0.1132870355E+03
L4 -.1190660063E+03  0.1258580120E+05  0.1247557476E+05  0.1231599773E+05
L5 0.3737737368E+05  0.1613712412E+05  0.1395268468E+05  0.1110521272E+05
L6 0.4119502152E+05  -.4444937654E+06  0.4374268283E+05  -.5903518863E+06
L7 0.0000000000E+00  0.4815416330E+04  0.1291995954E+05  0.2037096538E+05
L8 0.5762116356E+04  0.5824698048E+05  0.0000000000E+00  0.0000000000E+00
L9 0.0000000000E+00  0.0000000000E+00  0.0000000000E+00  0.1035605440E+01  0.0000000000E+00
L0     9000  0.1280000000E+03  -.3518540542E+06  0.9284391669E+05
L1 0.2999532498E+03  0.2999532498E+03  -.4446979709E+12  0.1000000000E+01
L2 0.1000000000E+01  0.1238755455E+03  0.9763883571E+02  0.1227434386E+03
L3 0.1484590307E+07  -.2442997317E+03  0.1133517116E+03  0.1213253959E+03
L4 -.3207541404E+01  0.1243115163E+05  0.1253890619E+05  0.1238598096E+05
L5 0.3735603878E+05  0.1504142619E+05  0.1132777474E+05  0.1108965291E+05
L6 0.3745885384E+05  -.4446979709E+06  0.4421053846E+05  -.5910269405E+06
L7 0.0000000000E+00  0.4702627786E+04  0.1304620500E+05  0.2041800132E+05
L8 0.5807083416E+04  0.5814451366E+05  0.0000000000E+00  0.0000000000E+00
L9 0.0000000000E+00  0.0000000000E+00  0.0000000000E+00  0.1035900268E+01  0.0000000000E+00
L0    10000  0.1300000000E+03  -.3527350275E+06  0.9256545733E+05
L1 0.2990536239E+03  0.2990536239E+03  -.4453004848E+12  0.1000000000E+01
L2 0.1000000000E+01  0.1238999718E+03  0.9765808858E+02  0.1227676417E+03
L3 0.1485463791E+07  0.2341940638E+03  0.9496238871E+01  -.1422866130E+03
L4 0.3380122991E+02  0.1250065416E+05  0.1245381058E+05  0.1246763690E+05
L5 0.3742210164E+05  0.9996883577E+04  0.1235228621E+05  0.1398882420E+05
L6 0.3633799399E+05  -.4453004848E+06  0.4421061952E+05  -.5913082251E+06
L7 0.0000000000E+00  0.4788974975E+04  0.1289553180E+05  0.2026473234E+05
L8 0.5727535064E+04  0.5812034657E+05  0.0000000000E+00  0.0000000000E+00
L9 0.0000000000E+00  0.0000000000E+00  0.0000000000E+00  0.1035291137E+01  0.0000000000E+00
L0    11000  0.1320000000E+03  -.3516773027E+06  0.9328775714E+05
L1 0.3013871767E+03  0.3013871767E+03  -.4449650598E+12  0.1000000000E+01
L2 0.1000000000E+01  0.1238878805E+03  0.9764855815E+02  0.1227556608E+03
L3 0.1485017265E+07  0.2575721017E+02  0.1810838167E+03  0.1588644520E+03
L4 0.1219018263E+03  0.1247613525E+05  0.1263073893E+05  0.1252385595E+05
L5 0.3763073012E+05  0.1220084749E+05  0.1069535236E+05  0.1082594538E+05
L6 0.3372214522E+05  -.4449650598E+06  0.4424779298E+05  -.5916502967E+06
L7 0.0000000000E+00  0.4926006593E+04  0.1310630303E+05  0.2033005055E+05
L8 0.5815194609E+04  0.5825988916E+05  0.0000000000E+00  0.0000000000E+00
L9 0.0000000000E+00  0.0000000000E+00  0.0000000000E+00  0.1035602435E+01  0.0000000000E+00
L0    12000  0.1340000000E+03  -.3521816604E+06  0.9291446043E+05
L1 0.3001811573E+03  0.3001811573E+03  -.4450961208E+12  0.1000000000E+01
L2 0.1000000000E+01  0.1238464937E+03  0.9761593709E+02  0.1227146524E+03
L3 0.1483556216E+07  -.2786077309E+03  0.5508061222E+02  -.1684338741E+02
L4 -.8012350202E+02  0.1237452009E+05  0.1247696572E+05  0.1262184710E+05
L5 0.3747333291E+05  0.1534929254E+05  0.1188885467E+05  0.1280168864E+05
L6 0.4003983584E+05  -.4450961208E+06  0.4442009483E+05  -.5914987959E+06
L7 0.0000000000E+00  0.4701493112E+04  0.1302543587E+05  0.2033444691E+05
L8 0.5800644633E+04  0.5812055970E+05  0.0000000000E+00  0.0000000000E+00
L9 0.0000000000E+00  0.0000000000E+00  0.0000000000E+00  0.1036622327E+01  0.0000000000E+00
L0    13000  0.1360000000E+03  -.3512136135E+06  0.9322845741E+05
L1 0.3011955955E+03  0.3011955955E+03  -.4444420709E+12  0.1000000000E+01
L2 0.1000000000E+01  0.1238744379E+03  0.9763796269E+02  0.1227423411E+03
L3 0.1484547398E+07  0.2254114133E+03  -.4077775760E+01  -.1610361119E+03
L4 0.2009917520E+02  0.1247494847E+05  0.1252418048E+05  0.1247184175E+05
L5 0.3747097071E+05  0.1006655994E+05  0.1256774912E+05  0.1419241801E+05
L6 0.3682672707E+05  -.4444420709E+06  0.4382888733E+05  -.5902440769E+06
L7 0.0000000000E+00  0.4792622917E+04  0.1300903045E+05  0.2018940867E+05
L8 0.5794350080E+04  0.5818770657E+05  0.0000000000E+00  0.0000000000E+00
L9 0.0000000000E+00  0.0000000000E+00  0.0000000000E+00  0.1035930209E+01  0.0000000000E+00
L0    14000  0.1380000000E+03  -.3520205975E+06  0.9311011688E+05
L1 0.3008132697E+03  0.3008132697E+03  -.4451307143E+12  0.1000000000E+01
L2 0.1000000000E+01  0.1238667500E+03  0.9763190310E+02  0.1227347235E+03
L3 0.1484268802E+07  0.1312556618E+03  0.9889053265E+02  -.1197321055E+03
L4 0.3680469631E+02  0.1248336879E+05  0.1251392643E+05  0.1246394812E+05
L5 0.3746124334E+05  0.1108124233E+05  0.1145753747E+05  0.1374297526E+05
L6 0.3628175506E+05  -.4451307143E+06  0.4473993753E+05  -.5919946711E+06
L7 0.0000000000E+00  0.4786079973E+04  0.1301138524E+05  0.2031437405E+05
L8 0.5771321941E+04  0.5824085798E+05  0.0000000000E+00  0.0000000000E+00
L9 0.0000000000E+00  0.0000000000E+00  0.0000000000E+00  0.1036124652E+01  0.0000000000E+00
L0    15000  0.1400000000E+03  -.3520458119E+06  0.9274396670E+05
L1 0.2996303388E+03  0.2996303388E+03  -.4447897786E+12  0.1000000000E+01
L2 0.1000000000E+01  0.1238594492E+03  0.9762614857E+02  0.1227274894E+03
L3 0.1484002751E+07  0.1153974627E+02  0.1191176901E+03  0.6166309584E+02
L4 0.6410684406E+02  0.1241917874E+05  0.1240706971E+05  0.1251426871E+05
L5 0.3734051717E+05  0.1229592857E+05  0.1113483410E+05  0.1185567647E+05
L6 0.3528643914E+05  -.4447897786E+06  0.4386409027E+05  -.5906336663E+06
L7 0.0000000000E+00  0.4757742607E+04  0.1298484119E+05  0.2031151264E+05
L8 0.5764725600E+04  0.5816097536E+05  0.0000000000E+00  0.0000000000E+00
L9 0.0000000000E+00  0.0000000000E+00  0.0000000000E+00  0.1036310408E+01  0.0000000000E+00
L0    16000  0.1420000000E+03  -.3518383518E+06  0.9316228172E+05
L1 0.3009818000E+03  0.3009818000E+03  -.4450006335E+12  0.1000000000E+01
L2 0.1000000000E+01  0.1238679131E+03  0.9763281981E+02  0.1227358759E+03
L3 0.1484302174E+07  0.3593160362E+02  -.1660562600E+03  0.4317400559E+03
L4 0.1005384665E+03  0.1246644796E+05  0.1244821844E+05  0.1248009373E+05
L5 0.3739476013E+05  0.1208260330E+05  0.1422213895E+05  0.7867966842E+04
L6 0.3417270909E+05  -.4450006335E+06  0.4454649468E+05  -.5918370624E+06
L7 0.0000000000E+00  0.4754492127E+04  0.1298894542E+05  0.2040447987E+05
L8 0.5845090454E+04  0.5829692640E+05  0.0000000000E+00  0.0000000000E+00
L9 0.0000000000E+00  0.0000000000E+00  0.0000000000E+00  0.1036101357E+01  0.0000000000E+00
L0    17000  0.1440000000E+03  -.3522435362E+06  0.9260421225E+05
L1 0.2991788305E+03  0.2991788305E+03  -.4448477485E+12  0.1000000000E+01
L2 0.1000000000E+01  0.1238815023E+03  0.9764353087E+02  0.1227493410E+03
L3 0.1484792755E+07  -.9492346354E+02  0.4819829574E+02  0.3028057270E+03
L4 0.8536018639E+02  0.1239751105E+05  0.1251747159E+05  0.1231495767E+05
L5 0.3722994031E+05  0.1341188012E+05  0.1200241601E+05  0.9079121653E+04
L6 0.3449341778E+05  -.4448477485E+06  0.4444450493E+05  -.5913038215E+06
L7 0.0000000000E+00  0.4701726072E+04  0.1297582477E+05  0.2033989285E+05
L8 0.5789544713E+04  0.5820457964E+05  0.0000000000E+00  0.0000000000E+00
L9 0.0000000000E+00  0.0000000000E+00  0.0000000000E+00  0.1035759025E+01  0.0000000000E+00
L0    18000  0.1460000000E+03  -.3524465377E+06  0.9285561259E+05
L1 0.2999910360E+03  0.2999910360E+03  -.4453021503E+12  0.1000000000E+01
L2 0.1000000000E+01  0.1238700721E+03  0.9763452156E+02  0.1227380152E+03
L3 0.1484391881E+07  -.5466504140E+01  0.1063343893E+03  -.7319544737E+02
L4 0.9224145926E+01  0.1247449639E+05  0.1252850163E+05  0.1255097427E+05
L5 0.3755397230E+05  0.1253289666E+05  0.1139250017E+05  0.1333294270E+05
L6 0.3725833953E+05  -.4453021503E+06  0.4434173287E+05  -.5915654917E+06
L7 0.0000000000E+00  0.4860110288E+04  0.1293478152E+05  0.2033816254E+05
L8 0.5815265311E+04  0.5797328884E+05  0.0000000000E+00  0.0000000000E+00
L9 0.0000000000E+00  0.0000000000E+00  0.0000000000E+00  0.1036038742E+01  0.0000000000E+00
L0    19000  0.1480000000E+03  -.3518133388E+06  0.9281442050E+05
L1 0.2998579557E+03  0.2998579557E+03  -.4446277593E+12  0.1000000000E+01
L2 0.1000000000E+01  0.1238391431E+03  0.9761014334E+02  0.1227073689E+03
L3 0.1483282187E+07  0.1212122668E+03  -.1964346374E+02  -.1177866187E+03
L4 -.5405938562E+01  0.1256377531E+05  0.1242585962E+05  0.1242388015E+05
L5 0.3741351509E+05  0.1126979719E+05  0.1263555963E+05  0.1368128843E+05
L6 0.3758664525E+05  -.4446277593E+06  0.4413103365E+05  -.5912630682E+06
L7 0.0000000000E+00  0.4807481623E+04  0.1322190332E+05  0.2036352611E+05
L8 0.5846456858E+04  0.5826490732E+05  0.0000000000E+00  0.0000000000E+00
L9 0.0000000000E+00  0.0000000000E+00  0.0000000000E+00  0.1036813838E+01  0.0000000000E+00
L0    20000  0.1500000000E+03  -.3517277576E+06  0.9274908358E+05
L1 0.2996468700E+03  0.2996468700E+03  -.4444768411E+12  0.1000000000E+01
L2 0.1000000000E+01  0.1238389058E+03  0.9760995625E+02  0.1227071337E+03
L3 0.1483266912E+07  0.1316133977E+03  -.3715084405E+02  0.4227096611E+02
L4 0.4557783993E+02  0.1238201452E+05  0.1259155476E+05  0.1252738201E+05
L5 0.3750095130E+05  0.1097701560E+05  0.1298814733E+05  0.1207613113E+05
L6 0.3604129407E+05  -.4444768411E+06  0.4424503327E+05  -.5908266236E+06
L7 0.0000000000E+00  0.4805905278E+04  0.1311885535E+05  0.2030356595E+05
L8 0.5768091465E+04  0.5810833119E+05  0.0000000000E+00  0.0000000000E+00
L9 0.0000000000E+00  0.0000000000E+00  0.0000000000E+00  0.1036824515E+01  0.0000000000E+00
L0    21000  0.1520000000E+03  -.3520185375E+06  0.9269699154E+05
L1 0.2994785749E+03  0.2994785749E+03  -.4447155290E+12  0.1000000000E+01
L2 0.1000000000E+01  0.1238739827E+03  0.9763760395E+02  0.1227418901E+03
L3 0.1484526903E+07  0.1970726777E+02  -.1120599207E+03  0.2462507326E+03
L4 0.5129935989E+02  0.1241722771E+05  0.1246529424E+05  0.1243726364E+05
L5 0.3731978560E+05  0.1220667004E+05  0.1366257214E+05  0.9806255548E+04
L6 0.3567549773E+05  -.4447155290E+06  0.4418982379E+05  -.5908503950E+06
L7 0.0000000000E+00  0.4757265931E+04  0.1301047723E+05  0.2028015004E+05
L8 0.5745319811E+04  0.5815182919E+05  0.0000000000E+00  0.0000000000E+00
L9 0.0000000000E+00  0.0000000000E+00  0.0000000000E+00  0.1035944511E+01  0.0000000000E+00
L0    22000  0.1540000000E+03  -.3519556237E+06  0.9287660546E+05
L1 0.3000588583E+03  0.3000588583E+03  -.4448322292E+12  0.1000000000E+01
L2 0.1000000000E+01  0.1238490061E+03  0.9761791735E+02  0.1227171418E+03
L3 0.1483629397E+07  -.4099897919E+02  0.1254277796E+03  0.6299921390E+02
L4 0.4914267143E+02  0.1254742375E+05  0.1248586781E+05  0.1262897141E+05
L5 0.3766226297E+05  0.1298520288E+05  0.1114657436E+05  0.1195627805E+05
L6 0.3608805529E+05  -.4448322292E+06  0.4431103912E+05  -.5914357966E+06
L7 0.0000000000E+00  0.4803540144E+04  0.1318705182E+05  0.2032059396E+05
L8 0.5772626362E+04  0.5820871601E+05  0.0000000000E+00  0.0000000000E+00
L9 0.0000000000E+00  0.0000000000E+00  0.0000000000E+00  0.1036571194E+01  0.0000000000E+00
L0    23000  0.1560000000E+03  -.3523321844E+06  0.9278902663E+05
L1 0.2997759151E+03  0.2997759151E+03  -.4451212110E+12  0.1000000000E+01
L2 0.1000000000E+01  0.1238543557E+03  0.9762213391E+02  0.1227224425E+03
L3 0.1483826228E+07  0.3905544001E+02  -.7881368697E+02  0.8364865664E+02
L4 0.1463013656E+02  0.1249317217E+05  0.1239687075E+05  0.1248638671E+05
L5 0.3737642963E+05  0.1207609044E+05  0.1323853963E+05  0.1159308412E+05
L6 0.3690771419E+05  -.4451212110E+06  0.4439041279E+05  -.5916213982E+06
L7 0.0000000000E+00  0.4836430033E+04  0.1319186694E+05  0.2024286762E+05
L8 0.5819786447E+04  0.5801882336E+05  0.0000000000E+00  0.0000000000E+00
L9 0.0000000000E+00  0.0000000000E+00  0.0000000000E+00  0.1036433693E+01  0.0000000000E+00
L0    24000  0.1580000000E+03  -.3520139896E+06  0.9280244247E+05
L1 0.2998192580E+03  0.2998192580E+03  -.4448164321E+12  0.1000000000E+01
L2 0.1000000000E+01  0.1238598883E+03  0.9762649467E+02  0.1227279245E+03
L3 0.1484022107E+07  0.2138801720E+03  -.1012747484E+03  -.1261954202E+01
L4 0.3711448979E+02  0.1249827127E+05  0.1256133240E+05  0.1224691925E+05
L5 0.3730652292E+05  0.1021389586E+05  0.1364301072E+05  0.1226039772E+05
L6 0.3611730430E+05  -.4448164321E+06  0.4410040145E+05  -.5911403472E+06
L7 0.0000000000E+00  0.4781604449E+04  0.1306641339E+05  0.2035756425E+05
L8 0.5792029947E+04  0.5822590157E+05  0.0000000000E+00  0.0000000000E+00
L9 0.0000000000E+00  0.0000000000E+00  0.0000000000E+00  0.1036296892E+01  0.0000000000E+00
L0    25000  0.1600000000E+03  -.3512988413E+06  0.9329208786E+05
L1 0.3014011680E+03  0.3014011680E+03  -.4445909292E+12  0.1000000000E+01
L2 0.1000000000E+01  0.1238776221E+03  0.9764047252E+02  0.1227454962E+03
L3 0.1484668295E+07  -.2643517496E+03  0.9199279968E+02  0.8741927240E+02
L4 -.2831322584E+02  0.1257250739E+05  0.1258670845E+05  0.1254420302E+05
L5 0.3770341886E+05  0.1539718055E+05  0.1160373938E+05  0.1161010339E+05
L6 0.3861102333E+05  -.4445909292E+06  0.4427677099E+05  -.5909072534E+06
L7 0.0000000000E+00  0.4696595218E+04  0.1302459058E+05  0.2031805859E+05
L8 0.5773627140E+04  0.5822668174E+05  0.0000000000E+00  0.0000000000E+00
L9 0.0000000000E+00  0.0000000000E+00  0.0000000000E+00  0.1035845853E+01  0.0000000000E+00
L0    26000  0.1620000000E+03  -.3517566577E+06  0.9294542274E+05
L1 0.3002811880E+03  0.3002811880E+03  -.4447020804E+12  0.1000000000E+01
L2 0.1000000000E+01  0.1239038420E+03  0.9766113901E+02  0.1227714765E+03
L3 0.1485600132E+07  0.7084294101E+02  -.1834262541E+03  0.2787972912E+03
L4 0.5540465936E+02  0.1243684481E+05  0.1253059065E+05  0.1240214856E+05
L5 0.3736958402E+05  0.1167939286E+05  0.1449178216E+05  0.9421250953E+04
L6 0.3559242597E+05  -.4447020804E+06  0.4401857740E+05  -.5906549209E+06
L7 0.0000000000E+00  0.4701557208E+04  0.1291655188E+05  0.2031665088E+05
L8 0.5761926530E+04  0.5823757662E+05  0.0000000000E+00  0.0000000000E+00
L9 0.0000000000E+00  0.0000000000E+00  0.0000000000E+00  0.1035196123E+01  0.0000000000E+00
L0    27000  0.1640000000E+03  -.3520376351E+06  0.9262602499E+05
L1 0.2992493014E+03  0.2992493014E+03  -.4446636601E+12  0.1000000000E+01
L2 0.1000000000E+01  0.1238689093E+03  0.9763360506E+02  0.1227368631E+03
L3 0.1484346284E+07  -.1689463533E+03  0.1951681802E+03  0.8744530100E+02
L4 0.3788904264E+02  0.1233803235E+05  0.1251638764E+05  0.1244746551E+05
L5 0.3730188549E+05  0.1414288034E+05  0.1043141278E+05  0.1151329041E+05
L6 0.3608758353E+05  -.4446636601E+06  0.4428083473E+05  -.5912813650E+06
L7 0.0000000000E+00  0.4785977158E+04  0.1327198184E+05  0.2031613942E+05
L8 0.5731964380E+04  0.5823080741E+05  0.0000000000E+00  0.0000000000E+00
L9 0.0000000000E+00  0.0000000000E+00  0.0000000000E+00  0.1036070568E+01  0.0000000000E+00
L0    28000  0.1660000000E+03  -.3523449752E+06  0.9267472130E+05
L1 0.2994066259E+03  0.2994066259E+03  -.4450196965E+12  0.1000000000E+01
L2 0.1000000000E+01  0.1238558478E+03  0.9762330995E+02  0.1227239209E+03
L3 0.1483864746E+07  0.1148394452E+03  0.1080033762E+03  0.1634791472E+03
L4 0.1287739895E+03  0.1238648596E+05  0.1241950538E+05  0.1253161566E+05
L5 0.3733760701E+05  0.1116005817E+05  0.1126608339E+05  0.1078574020E+05
L6 0.3321188176E+05  -.4450196965E+06  0.4436723544E+05  -.5913739322E+06
L7 0.0000000000E+00  0.4845083263E+04  0.1304340475E+05  0.2023309866E+05
L8 0.5769026465E+04  0.5809638714E+05  0.0000000000E+00  0.0000000000E+00
L9 0.0000000000E+00  0.0000000000E+00  0.0000000000E+00  0.1036406789E+01  0.0000000000E+00
L0    29000  0.1680000000E+03  -.3519852527E+06  0.9285645897E+05
L1 0.2999937705E+03  0.2999937705E+03  -.4448417117E+12  0.1000000000E+01
L2 0.1000000000E+01  0.1238302712E+03  0.9760315045E+02  0.1226985781E+03
L3 0.1482961838E+07  -.1745379313E+02  0.1320016302E+03  -.9493043220E+02
L4 0.6539134957E+01  0.1245194967E+05  0.1258044939E+05  0.1249799697E+05
L5 0.3753039604E+05  0.1263823402E+05  0.1117159585E+05  0.1351118958E+05
L6 0.3732101945E+05  -.4448417117E+06  0.4411494107E+05  -.5909162649E+06
L7 0.0000000000E+00  0.4657921395E+04  0.1309786936E+05  0.2024087767E+05
L8 0.5810750183E+04  0.5815219354E+05  0.0000000000E+00  0.0000000000E+00
L9 0.0000000000E+00  0.0000000000E+00  0.0000000000E+00  0.1037037810E+01  0.0000000000E+00
L0    30000  0.1700000000E+03  -.3531615183E+06  0.9251218744E+05
L1 0.2988815235E+03  0.2988815235E+03  -.4456737058E+12  0.1000000000E+01
L2 0.1000000000E+01  0.1238463523E+03  0.9761582559E+02  0.1227145122E+03
L3 0.1483526269E+07  0.1036337271E+03  0.1295374037E+03  0.9011078092E+02
L4 0.1077606372E+03  0.1242822603E+05  0.1237570167E+05  0.1251915019E+05
L5 0.3732307790E+05  0.1132172216E+05  0.1099262260E+05  0.1155703167E+05
L6 0.3387137643E+05  -.4456737058E+06  0.4479139315E+05  -.5922237018E+06
L7 0.0000000000E+00  0.4711785306E+04  0.1289114666E+05  0.2024331899E+05
L8 0.5781203332E+04  0.5813114856E+05  0.0000000000E+00  0.0000000000E+00
L9 0.0000000000E+00  0.0000000000E+00  0.0000000000E+00  0.1036643253E+01  0.0000000000E+00
L0    31000  0.1720000000E+03  -.3517624095E+06  0.9293139526E+05
L1 0.3002358691E+03  0.3002358691E+03  -.4446938048E+12  0.1000000000E+01
L2 0.1000000000E+01  0.1238141404E+03  0.9759043615E+02  0.1226825947E+03
L3 0.1482389103E+07  -.8770675329E+02  -.8668466438E+01  -.3657199430E+02
L4 -.4431573801E+02  0.1224539178E+05  0.1263967575E+05  0.1249932790E+05
L5 0.3738439543E+05  0.1318112452E+05  0.1273215857E+05  0.1288951009E+05
L6 0.3880279319E+05  -.4446938048E+06  0.4422633259E+05  -.5909065687E+06
L7 0.0000000000E+00  0.4746845494E+04  0.1306729610E+05  0.2023788328E+05
L8 0.5794550617E+04  0.5813985588E+05  0.0000000000E+00  0.0000000000E+00
L9 0.0000000000E+00  0.0000000000E+00  0.0000000000E+00  0.1037438479E+01  0.0000000000E+00
L0    32000  0.1740000000E+03  -.3523268164E+06  0.9262765972E+05
L1 0.2992545828E+03  0.2992545828E+03  -.4449544761E+12  0.1000000000E+01
L2 0.1000000000E+01  0.1238091252E+03  0.9758648314E+02  0.1226776253E+03
L3 0.1482199446E+07  -.2854019630E+02  -.2708152770E+02  0.1388532571E+03
L4 0.2774384438E+02  0.1248211973E+05  0.1233133066E+05  0.1245324424E+05
L5 0.3726669462E+05  0.1278657268E+05  0.1262022324E+05  0.1097202515E+05
L6 0.3637882107E+05  -.4449544761E+06  0.4429064572E+05  -.5909486039E+06
L7 0.0000000000E+00  0.4711694656E+04  0.1295990167E+05  0.2024937035E+05
L8 0.5748131833E+04  0.5803438348E+05  0.0000000000E+00  0.0000000000E+00
L9 0.0000000000E+00  0.0000000000E+00  0.0000000000E+00  0.1037571227E+01  0.0000000000E+00
L0    33000  0.1760000000E+03  -.3510531392E+06  0.9296828333E+05
L1 0.3003550443E+03  0.3003550443E+03  -.4440214225E+12  0.1000000000E+01
L2 0.1000000000E+01  0.1238424315E+03  0.9761273523E+02  0.1227106272E+03
L3 0.1483381683E+07  0.3944474433E+03  -.5456744423E+02  0.6712808627E+02
L4 0.1356693618E+03  0.1252657380E+05  0.1255506955E+05  0.1242075559E+05
L5 0.3750239894E+05  0.8315443908E+04  0.1313763282E+05  0.1170409461E+05
L6 0.3315717135E+05  -.4440214225E+06  0.4449277071E+05  -.5905389462E+06
L7 0.0000000000E+00  0.4728997891E+04  0.1294545883E+05  0.2030591039E+05
L8 0.5793471867E+04  0.5825091394E+05  0.0000000000E+00  0.0000000000E+00
L9 0.0000000000E+00  0.0000000000E+00  0.0000000000E+00  0.1036744295E+01  0.0000000000E+00
L0    34000  0.1780000000E+03  -.3521831590E+06  0.9257040675E+05
L1 0.2990696142E+03  0.2990696142E+03  -.4447535658E+12  0.1000000000E+01
L2 0.1000000000E+01  0.1238574196E+03  0.9762454886E+02  0.1227254783E+03
L3 0.1483936384E+07  0.2317293519E+03  -.2483634208E+02  -.1637748408E+03
L4 0.1437272300E+02  0.1243325650E+05  0.1258438720E+05  0.1231262243E+05
L5 0.3733026614E+05  0.9958383547E+04  0.1284963971E+05  0.1406174019E+05
L6 0.3686976345E+05  -.4447535658E+06  0.4439863616E+05  -.5914097203E+06
L7 0.0000000000E+00  0.4708194470E+04  0.1326763225E+05  0.2021623627E+05
L8 0.5780709312E+04  0.5828474599E+05  0.0000000000E+00  0.0000000000E+00
L9 0.0000000000E+00  0.0000000000E+00  0.0000000000E+00  0.1036356756E+01  0.0000000000E+00
L0    35000  0.1800000000E+03  -.3516936730E+06  0.9322833543E+05
L1 0.3011952014E+03  0.3011952014E+03  -.4449220084E+12  0.1000000000E+01
L2 0.1000000000E+01  0.1238673915E+03  0.9763240870E+02  0.1227353591E+03
L3 0.1484284770E+07  0.1228582004E+03  0.1060855386E+03  0.4216843673E+02
L4 0.9037072526E+02  0.1254719096E+05  0.1245764036E+05  0.1255382245E+05
L5 0.3755865377E+05  0.1123475549E+05  0.1132437922E+05  0.1210335718E+05
L6 0.3466249188E+05  -.4449220084E+06  0.4431317088E+05  -.5912740550E+06
L7 0.0000000000E+00  0.4748230033E+04  0.1296131728E+05  0.2028083743E+05
L8 0.5824855061E+04  0.5822363592E+05  0.0000000000E+00  0.0000000000E+00
L9 0.0000000000E+00  0.0000000000E+00  0.0000000000E+00  0.1036113506E+01  0.0000000000E+00
L0    36000  0.1820000000E+03  -.3516125319E+06  0.9327512035E+05
L1 0.3013463507E+03  0.3013463507E+03  -.4448876523E+12  0.1000000000E+01
L2 0.1000000000E+01  0.1238708774E+03  0.9763515632E+02  0.1227388132E+03
L3 0.1484417736E+07  0.1908888660E+03  0.1308648598E+03  -.2239210346E+03
L4 0.3261089707E+02  0.1268313773E+05  0.1240955864E+05  0.1261105312E+05
L5 0.3770374948E+05  0.1064378047E+05  0.1101146661E+05  0.1500330887E+05
L6 0.3665855595E+05  -.4448876523E+06  0.4438331983E+05  -.5912927167E+06
L7 0.0000000000E+00  0.4746254682E+04  0.1297045469E+05  0.2023754331E+05
L8 0.5837839077E+04  0.5822965282E+05  0.0000000000E+00  0.0000000000E+00
L9 0.0000000000E+00  0.0000000000E+00  0.0000000000E+00  0.1036020696E+01  0.0000000000E+00
L0    37000  0.1840000000E+03  -.3519262893E+06  0.9252362514E+05
L1 0.2989184756E+03  0.2989184756E+03  -.4444499144E+12  0.1000000000E+01
L2 0.1000000000E+01  0.1238329180E+03  0.9760523671E+02  0.1227012007E+03
L3 0.1483062393E+07  0.2774419807E+03  -.3319956513E+03  -.4962070086E+02
L4 -.3472479049E+02  0.1230760268E+05  0.1236880818E+05  0.1246451867E+05
L5 0.3714092953E+05  0.9346263318E+04  0.1591243841E+05  0.1299415638E+05
L6 0.3825285810E+05  -.4444499144E+06  0.4397374808E+05  -.5903368497E+06
L7 0.0000000000E+00  0.4719052119E+04  0.1305154087E+05  0.2021908049E+05
L8 0.5783103844E+04  0.5814040986E+05  0.0000000000E+00  0.0000000000E+00
L9 0.0000000000E+00  0.0000000000E+00  0.0000000000E+00  0.1036967496E+01  0.0000000000E+00
L0    38000  0.1860000000E+03  -.3515566987E+06  0.9293828080E+05
L1 0.3002581144E+03  0.3002581144E+03  -.4444949795E+12  0.1000000000E+01
L2 0.1000000000E+01  0.1239061556E+03  0.9766296260E+02  0.1227737689E+03
L3 0.1485678298E+07  0.2771773391E+03  0.1573183537E+03  -.1538423754E+03
L4 0.9355110581E+02  0.1255036602E+05  0.1239351390E+05  0.1243219981E+05
L5 0.3737607973E+05  0.9586632987E+04  0.1071137926E+05  0.1407716737E+05
L6 0.3437517962E+05  -.4444949795E+06  0.4428951835E+05  -.5907686415E+06
L7 0.0000000000E+00  0.4791412250E+04  0.1292759694E+05  0.2025836383E+05
L8 0.5845545919E+04  0.5816122474E+05  0.0000000000E+00  0.0000000000E+00
L9 0.0000000000E+00  0.0000000000E+00  0.0000000000E+00  0.1035141658E+01  0.0000000000E+00
L0    39000  0.1880000000E+03  -.3517568433E+06  0.9305685374E+05
L1 0.3006411911E+03  0.3006411911E+03  -.4448136970E+12  0.1000000000E+01
L2 0.1000000000E+01  0.1238730835E+03  0.9763689516E+02  0.1227409991E+03
L3 0.1484504248E+07  -.1773855541E+03  -.7282889186E+02  0.1849245430E+03
L4 -.2176330098E+02  0.1246646000E+05  0.1244684588E+05  0.1248316504E+05
L5 0.3739647091E+05  0.1436166535E+05  0.1322495718E+05  0.1050741236E+05
L6 0.3809403490E+05  -.4448136970E+06  0.4413222877E+05  -.5909298988E+06
L7 0.0000000000E+00  0.4748024630E+04  0.1305911453E+05  0.2017316977E+05
L8 0.5766154544E+04  0.5823750954E+05  0.0000000000E+00  0.0000000000E+00
L9 0.0000000000E+00  0.0000000000E+00  0.0000000000E+00  0.1035960320E+01  0.0000000000E+00
L0    40000  0.1900000000E+03  -.3519706002E+06  0.9295342455E+05
L1 0.3003070397E+03  0.3003070397E+03  -.4449240248E+12  0.1000000000E+01
L2 0.1000000000E+01  0.1238724434E+03  0.9763639067E+02  0.1227403649E+03
L3 0.1484494890E+07  0.3285718997E+02  -.9485752664E+02  -.3126073379E+03
L4 -.1248692248E+03  0.1242056833E+05  0.1245649761E+05  0.1247923542E+05
L5 0.3735630136E+05  0.1206952098E+05  0.1346995871E+05  0.1581914304E+05
L6 0.4135862273E+05  -.4449240248E+06  0.4438294426E+05  -.5911375685E+06
L7 0.0000000000E+00  0.4806724955E+04  0.1284608036E+05  0.2022423583E+05
L8 0.5754454115E+04  0.5819910426E+05  0.0000000000E+00  0.0000000000E+00
L9 0.0000000000E+00  0.0000000000E+00  0.0000000000E+00  0.1035966851E+01  0.0000000000E+00
L0    41000  0.1920000000E+03  -.3516490494E+06  0.9308165342E+05
L1 0.3007213120E+03  0.3007213120E+03  -.4447307028E+12  0.1000000000E+01
L2 0.1000000000E+01  0.1238293786E+03  0.9760244690E+02  0.1226976936E+03
L3 0.1482929687E+07  0.1468904873E+03  -.3987353335E+02  -.8553187732E+02
L4 0.7161692210E+01  0.1244839053E+05  0.1247641403E+05  0.1251548917E+05
L5 0.3744029374E+05  0.1088066219E+05  0.1290197507E+05  0.1342835120E+05
L6 0.3721098846E+05  -.4447307028E+06  0.4399755807E+05  -.5908008515E+06
L7 0.0000000000E+00  0.4734182813E+04  0.1317158638E+05  0.2026610625E+05
L8 0.5775112900E+04  0.5812560230E+05  0.0000000000E+00  0.0000000000E+00
L9 0.0000000000E+00  0.0000000000E+00  0.0000000000E+00  0.1037060294E+01  0.0000000000E+00
L0    42000  0.1940000000E+03  -.3510554455E+06  0.9324587876E+05
L1 0.3012518791E+03  0.3012518791E+03  -.4443013243E+12  0.1000000000E+01
L2 0.1000000000E+01  0.1238450949E+03  0.9761483451E+02  0.1227132663E+03
L3 0.1483484315E+07  -.3092493638E+02  0.2609701886E+03  0.1996514780E+02
L4 0.8333680001E+02  0.1246488802E+05  0.1244011348E+05  0.1262418411E+05
L5 0.3752918561E+05  0.1279506619E+05  0.9653797030E+04  0.1241102099E+05
L6 0.3485988421E+05  -.4443013243E+06  0.4480817387E+05  -.5912914031E+06
L7 0.0000000000E+00  0.4931432541E+04  0.1315976407E+05  0.2021205630E+05
L8 0.5747510010E+04  0.5813114208E+05  0.0000000000E+00  0.0000000000E+00
L9 0.0000000000E+00  0.0000000000E+00  0.0000000000E+00  0.1036672570E+01  0.0000000000E+00
L0    43000  0.1960000000E+03  -.3513776820E+06  0.9280024366E+05
L1 0.2998121542E+03  0.2998121542E+03  -.4441779256E+12  0.1000000000E+01
L2 0.1000000000E+01  0.1238744160E+03  0.9763794541E+02  0.1227423194E+03
L3 0.1484542524E+07  -.1671482741E+03  0.1194561228E+03  0.2005451241E+03
L4 0.5095099093E+02  0.1250379784E+05  0.1242766792E+05  0.1244098687E+05
L5 0.3737245263E+05  0.1428967309E+05  0.1115135361E+05  0.1029828706E+05
L6 0.3573931377E+05  -.4441779256E+06  0.4448357979E+05  -.5908282753E+06
L7 0.0000000000E+00  0.4799625289E+04  0.1316346484E+05  0.2024735428E+05
L8 0.5797238340E+04  0.5815908713E+05  0.0000000000E+00  0.0000000000E+00
L9 0.0000000000E+00  0.0000000000E+00  0.0000000000E+00  0.1035933610E+01  0.0000000000E+00
L0    44000  0.1980000000E+03  -.3526219126E+06  0.9220137842E+05
L1 0.2978773848E+03  0.2978773848E+03  -.4448232910E+12  0.1000000000E+01
L2 0.1000000000E+01  0.1238462724E+03  0.9761576262E+02  0.1227144330E+03
L3 0.1483542544E+07  -.3816967271E+02  0.4173554061E+02  -.1143409630E+03
L4 -.3692503170E+02  0.1236395067E+05  0.1230992451E+05  0.1238967741E+05
L5 0.3706355259E+05  0.1277149516E+05  0.1186430661E+05  0.1361051651E+05
L6 0.3824631828E+05  -.4448232910E+06  0.4438931846E+05  -.5913709031E+06
L7 0.0000000000E+00  0.4826555880E+04  0.1292523714E+05  0.2028396160E+05
L8 0.5829738943E+04  0.5829280004E+05  0.0000000000E+00  0.0000000000E+00
L9 0.0000000000E+00  0.0000000000E+00  0.0000000000E+00  0.1036631880E+01  0.0000000000E+00
L0    45000  0.2000000000E+03  -.3525777633E+06  0.9273718249E+05
L1 0.2996084209E+03  0.2996084209E+03  -.4453149458E+12  0.1000000000E+01
L2 0.1000000000E+01  0.1238389160E+03  0.9760996430E+02  0.1227071438E+03
L3 0.1483264845E+07  -.1485049250E+03  0.2114316216E+03  0.1289940171E+03
L4 0.6397357120E+02  0.1246512851E+05  0.1238746849E+05  0.1248826890E+05
L5 0.3734086590E+05  0.1405044560E+05  0.1013039747E+05  0.1111123431E+05
L6 0.3529207737E+05  -.4453149458E+06  0.4433405057E+05  -.5915814682E+06
L7 0.0000000000E+00  0.4768159938E+04  0.1295615529E+05  0.2016200296E+05
L8 0.5750314113E+04  0.5829583947E+05  0.0000000000E+00  0.0000000000E+00
L9 0.0000000000E+00  0.0000000000E+00  0.0000000000E+00  0.1036825960E+01  0.0000000000E+00
L0    46000  0.2020000000E+03  -.3525934087E+06  0.9273749946E+05
L1 0.2996094449E+03  0.2996094449E+03  -.4453309082E+12  0.1000000000E+01
L2 0.1000000000E+01  0.1238514613E+03  0.9761985253E+02  0.1227195745E+03
L3 0.1483742145E+07  -.9493873657E+02  -.6829939584E+02  -.2449498209E+03
L4 -.1360626511E+03  0.1237341944E+05  0.1233409202E+05  0.1230383385E+05
L5 0.3701134532E+05  0.1338723385E+05  0.1306343512E+05  0.1491955919E+05
L6 0.4137022816E+05  -.4453309082E+06  0.4439539304E+05  -.5917673327E+06
L7 0.0000000000E+00  0.4867839831E+04  0.1307743030E+05  0.2023392302E+05
L8 0.5716995131E+04  0.5814484317E+05  0.0000000000E+00  0.0000000000E+00
L9 0.0000000000E+00  0.0000000000E+00  0.0000000000E+00  0.1036492426E+01  0.0000000000E+00
L0    47000  0.2040000000E+03  -.3526883238E+06  0.9272505566E+05
L1 0.2995692424E+03  0.2995692424E+03  -.4454133794E+12  0.1000000000E+01
L2 0.1000000000E+01  0.1237658136E+03  0.9755234491E+02  0.1226347095E+03
L3 0.1480653852E+07  0.6943089854E+02  0.6244389874E+02  -.2620492210E+03
L4 -.4339147457E+02  0.1243444909E+05  0.1255776264E+05  0.1242977536E+05
L5 0.3742198708E+05  0.1169456633E+05  0.1189233608E+05  0.1522227415E+05
L6 0.3880917656E+05  -.4454133794E+06  0.4438129697E+05  -.5917806908E+06
L7 0.0000000000E+00  0.4680065612E+04  0.1316741468E+05  0.2015524171E+05
L8 0.5763279430E+04  0.5822001297E+05  0.0000000000E+00  0.0000000000E+00
L9 0.0000000000E+00  0.0000000000E+00  0.0000000000E+00  0.1038654304E+01  0.0000000000E+00
L0    48000  0.2060000000E+03  -.3523436774E+06  0.9283485249E+05
L1 0.2999239659E+03  0.2999239659E+03  -.4451785299E+12  0.1000000000E+01
L2 0.1000000000E+01  0.1238273242E+03  0.9760082760E+02  0.1226956580E+03
L3 0.1482855792E+07  0.8240115934E+02  0.2142983484E+02  -.8035622464E+02
L4 0.7824923180E+01  0.1249033274E+05  0.1267340615E+05  0.1239251171E+05
L5 0.3755625060E+05  0.1161092796E+05  0.1244470186E+05  0.1325009246E+05
L6 0.3730572227E+05  -.4451785299E+06  0.4452917326E+05  -.5917227031E+06
L7 0.0000000000E+00  0.4702781523E+04  0.1303318566E+05  0.2027326992E+05
L8 0.5775386484E+04  0.5823037637E+05  0.0000000000E+00  0.0000000000E+00
L9 0.0000000000E+00  0.0000000000E+00  0.0000000000E+00  0.1037111973E+01  0.0000000000E+00
L0    49000  0.2080000000E+03  -.3521582624E+06  0.9303658071E+05
L1 0.3005756945E+03  0.3005756945E+03  -.4451948431E+12  0.1000000000E+01
L2 0.1000000000E+01  0.1238362559E+03  0.9760786765E+02  0.1227045081E+03
L3 0.1483195520E+07  0.5764250521E+02  -.8867087013E+02  -.3723737823E+03
L4 -.1344673824E+03  0.1237759239E+05  0.1243651175E+05  0.1243870696E+05
L5 0.3725281110E+05  0.1176227692E+05  0.1338304518E+05  0.1641367903E+05
L6 0.4155900112E+05  -.4451948431E+06  0.4433890116E+05  -.5915812466E+06
L7 0.0000000000E+00  0.4740095547E+04  0.1309866976E+05  0.2025610467E+05
L8 0.5803108555E+04  0.5814952385E+05  0.0000000000E+00  0.0000000000E+00
L9 0.0000000000E+00  0.0000000000E+00  0.0000000000E+00  0.1036874421E+01  0.0000000000E+00
L0    50000  0.2100000000E+03  -.3523299567E+06  0.9292398487E+05
L1 0.3002119281E+03  0.3002119281E+03  -.4452539416E+12  0.1000000000E+01
L2 0.1000000000E+01  0.1238158947E+03  0.9759181893E+02  0.1226843330E+03
L3 0.1482449578E+07  -.2200506335E+03  0.2295001903E+02  0.1217469105E+03
L4 -.2511790134E+02  0.1234617282E+05  0.1245845868E+05  0.1250356716E+05
L5 0.3730819866E+05  0.1469396220E+05  0.1221359772E+05  0.1120461110E+05
L6 0.3811217102E+05  -.4452539416E+06  0.4406752892E+05  -.5914090636E+06
L7 0.0000000000E+00  0.4834154911E+04  0.1310230573E+05  0.2023348164E+05
L8 0.5747745369E+04  0.5816990546E+05  0.0000000000E+00  0.0000000000E+00
L9 0.0000000000E+00  0.0000000000E+00  0.0000000000E+00  0.1037396158E+01  0.0000000000E+00
L0    51000  0.2120000000E+03  -.3525638276E+06  0.9268575587E+05
L1 0.2994422755E+03  0.2994422755E+03  -.4452495834E+12  0.1000000000E+01
L2 0.1000000000E+01  0.1238678629E+03  0.9763278031E+02  0.1227358263E+03
L3 0.1484294043E+07  0.5506101400E+02  -.7287251106E+02  0.4628407279E+03
L4 0.1483430770E+03  0.1240301456E+05  0.1246080821E+05  0.1238662866E+05
L5 0.3725045143E+05  0.1181482037E+05  0.1323927530E+05  0.7442291340E+04
L6 0.3249638701E+05  -.4452495834E+06  0.4404728911E+05  -.5910941921E+06
L7 0.0000000000E+00  0.4718685946E+04  0.1295451507E+05  0.2025939641E+05
L8 0.5709569725E+04  0.5815515241E+05  0.0000000000E+00  0.0000000000E+00
L9 0.0000000000E+00  0.0000000000E+00  0.0000000000E+00  0.1036107032E+01  0.0000000000E+00
L0    52000  0.2140000000E+03  -.3521028890E+06  0.9273072599E+05
L1 0.2995875617E+03  0.2995875617E+03  -.4448336150E+12  0.1000000000E+01
L2 0.1000000000E+01  0.1238394850E+03  0.9761041281E+02  0.1227077077E+03
L3 0.1483290993E+07  0.1692301002E+03  -.2292847194E+02  -.8364298120E+02
L4 0.2088621567E+02  0.1249456317E+05  0.1230919917E+05  0.1234685860E+05
L5 0.3715062094E+05  0.1068796923E+05  0.1255396909E+05  0.1323977837E+05
L6 0.3648171669E+05  -.4448336150E+06  0.4450350603E+05  -.5913538854E+06
L7 0.0000000000E+00  0.4789235685E+04  0.1299801872E+05  0.2026149397E+05
L8 0.5770170639E+04  0.5819784533E+05  0.0000000000E+00  0.0000000000E+00
L9 0.0000000000E+00  0.0000000000E+00  0.0000000000E+00  0.1036807682E+01  0.0000000000E+00
L0    53000  0.2160000000E+03  -.3514085097E+06  0.9302371109E+05
L1 0.3005341162E+03  0.3005341162E+03  -.4444322208E+12  0.1000000000E+01
L2 0.1000000000E+01  0.1238240532E+03  0.9759824940E+02  0.1226924169E+03
L3 0.1482758171E+07  -.3406250567E+03  -.3752121662E+02  -.4950092560E+02
L4 -.1425490663E+03  0.1247359137E+05  0.1265673600E+05  0.1254796547E+05
L5 0.3767829284E+05  0.1610858370E+05  0.1305714499E+05  0.1307621635E+05
L6 0.4224194503E+05  -.4444322208E+06  0.4383377524E+05  -.5905185547E+06
L7 0.0000000000E+00  0.4771214992E+04  0.1318868086E+05  0.2034516253E+05
L8 0.5750915161E+04  0.5819658512E+05  0.0000000000E+00  0.0000000000E+00
L9 0.0000000000E+00  0.0000000000E+00  0.0000000000E+00  0.1037180254E+01  0.0000000000E+00
L0    54000  0.2180000000E+03  -.3520279686E+06  0.9279027615E+05
L1 0.2997799519E+03  0.2997799519E+03  -.4448182447E+12  0.1000000000E+01
L2 0.1000000000E+01  0.1238326363E+03  0.9760501462E+02  0.1227009215E+03
L3 0.1483032162E+07  0.7542683048E+02  0.1643515106E+03  0.1120495279E+03
L4 0.1172759563E+03  0.1229155431E+05  0.1257021142E+05  0.1245615763E+05
L5 0.3731792336E+05  0.1148648549E+05  0.1081600438E+05  0.1126019618E+05
L6 0.3356268604E+05  -.4448182447E+06  0.4412470410E+05  -.5909525658E+06
L7 0.0000000000E+00  0.4814105756E+04  0.1307101328E+05  0.2022266587E+05
L8 0.5738369366E+04  0.5816346268E+05  0.0000000000E+00  0.0000000000E+00
L9 0.0000000000E+00  0.0000000000E+00  0.0000000000E+00  0.1036988634E+01  0.0000000000E+00
L0    55000  0.2200000000E+03  -.3516315339E+06  0.9304133300E+05
L1 0.3005910478E+03  0.3005910478E+03  -.4446728669E+12  0.1000000000E+01
L2 0.1000000000E+01  0.1238797722E+03  0.9764216724E+02  0.1227476267E+03
L3 0.1484732762E+07  0.1247812505E+03  0.1012227414E+03  -.2004004007E+02
L4 0.6865465060E+02  0.1255117446E+05  0.1253850592E+05  0.1252481194E+05
L5 0.3761449231E+05  0.1121779363E+05  0.1145686535E+05  0.1273895473E+05
L6 0.3541361371E+05  -.4446728669E+06  0.4417025667E+05  -.5908610001E+06
L7 0.0000000000E+00  0.4788114598E+04  0.1294543100E+05  0.2023745469E+05
L8 0.5771957269E+04  0.5827491892E+05  0.0000000000E+00  0.0000000000E+00
L9 0.0000000000E+00  0.0000000000E+00  0.0000000000E+00  0.1035800877E+01  0.0000000000E+00
L0    56000  0.2220000000E+03  -.3514917875E+06  0.9315305986E+05
L1 0.3009520067E+03  0.3009520067E+03  -.4446448473E+12  0.1000000000E+01
L2 0.1000000000E+01  0.1238251971E+03  0.9759915104E+02  0.1226935503E+03
L3 0.1482785408E+07  -.2428570895E+02  -.8678442877E+02  -.2248795499E+01
L4 -.3777297774E+02  0.1253625267E+05  0.1251022802E+05  0.1254108722E+05
L5 0.3758756792E+05  0.1279542324E+05  0.1343636813E+05  0.1256508576E+05
L6 0.3879687713E+05  -.4446448473E+06  0.4359014654E+05  -.5901848807E+06
L7 0.0000000000E+00  0.4836093363E+04  0.1304483902E+05  0.2017199082E+05
L8 0.5786408995E+04  0.5811055466E+05  0.0000000000E+00  0.0000000000E+00
L9 0.0000000000E+00  0.0000000000E+00  0.0000000000E+00  0.1037161202E+01  0.0000000000E+00
L0    57000  0.2240000000E+03  -.3517399683E+06  0.9319848814E+05
L1 0.3010987730E+03  0.3010987730E+03  -.4449384564E+12  0.1000000000E+01
L2 0.1000000000E+01  0.1238240976E+03  0.9759828441E+02  0.1226924609E+03
L3 0.1482750170E+07  0.2247204154E+03  -.1673589934E+03  -.2673313320E+03
L4 -.6998997000E+02  0.1260923950E+05  0.1249960554E+05  0.1243266530E+05
L5 0.3754151035E+05  0.1021114059E+05  0.1428557332E+05  0.1528548566E+05
L6 0.3978219957E+05  -.4449384564E+06  0.4370524489E+05  -.5906632235E+06
L7 0.0000000000E+00  0.4833198677E+04  0.1292217289E+05  0.2025992939E+05
L8 0.5728079735E+04  0.5827614151E+05  0.0000000000E+00  0.0000000000E+00
L9 0.0000000000E+00  0.0000000000E+00  0.0000000000E+00  0.1037185851E+01  0.0000000000E+00
L0    58000  0.2260000000E+03  -.3524554452E+06  0.9256401649E+05
L1 0.2990489690E+03  0.2990489690E+03  -.4450194617E+12  0.1000000000E+01
L2 0.1000000000E+01  0.1237958879E+03  0.9757604949E+02  0.1226645090E+03
L3 0.1481732176E+07  -.4056181105E+02  -.4683791590E+02  -.1313612691E+02
L4 -.3351195129E+02  0.1235153905E+05  0.1252996456E+05  0.1245047952E+05
L5 0.3733198314E+05  0.1278409634E+05  0.1302945117E+05  0.1259056517E+05
L6 0.3840411268E+05  -.4450194617E+06  0.4447773301E+05  -.5917586556E+06
L7 0.0000000000E+00  0.4893676884E+04  0.1295229703E+05  0.2032790540E+05
L8 0.5795235011E+04  0.5829234654E+05  0.0000000000E+00  0.0000000000E+00
L9 0.0000000000E+00  0.0000000000E+00  0.0000000000E+00  0.1037898429E+01  0.0000000000E+00
L0    59000  0.2280000000E+03  -.3523022435E+06  0.9327765360E+05
L1 0.3013545349E+03  0.3013545349E+03  -.4455798971E+12  0.1000000000E+01
L2 0.1000000000E+01  0.1238113953E+03  0.9758827246E+02  0.1226798747E+03
L3 0.1482291783E+07  0.1793580208E+03  -.2664314347E+02  -.3146295620E+03
L4 -.5397156155E+02  0.1254940608E+05  0.1253981697E+05  0.1252704159E+05
L5 0.3761626465E+05  0.1063598267E+05  0.1282405079E+05  0.1588356598E+05
L6 0.3934359944E+05  -.4455798971E+06  0.4435647062E+05  -.5918385169E+06
L7 0.0000000000E+00  0.4753168638E+04  0.1298987395E+05  0.2023958372E+05
L8 0.5720374081E+04  0.5819914874E+05  0.0000000000E+00  0.0000000000E+00
L9 0.0000000000E+00  0.0000000000E+00  0.0000000000E+00  0.1037506592E+01  0.0000000000E+00
L0    60000  0.2300000000E+03  -.3518996313E+06  0.9316235819E+05
L1 0.3009820470E+03  0.3009820470E+03  -.4450619895E+12  0.1000000000E+01
L2 0.1000000000E+01  0.1238053400E+03  0.9758349968E+02  0.1226738747E+03
L3 0.1482072576E+07  0.3403633392E+02  -.1269086173E+03  -.2971928788E+02
L4 -.4086385708E+02  0.1260649769E+05  0.1236424107E+05  0.1245004374E+05
L5 0.3742078250E+05  0.1224344569E+05  0.1371792466E+05  0.1276704752E+05
L6 0.3872841788E+05  -.4450619895E+06  0.4384532776E+05  -.5910626496E+06
L7 0.0000000000E+00  0.4788096244E+04  0.1284801795E+05  0.2031749001E+05
L8 0.5835636469E+04  0.5836609170E+05  0.0000000000E+00  0.0000000000E+00
L9 0.0000000000E+00  0.0000000000E+00  0.0000000000E+00  0.1037660045E+01  0.0000000000E+00
L0    61000  0.2320000000E+03  -.3521355192E+06  0.9261096994E+05
L1 0.2992006627E+03  0.2992006627E+03  -.4447464892E+12  0.1000000000E+01
L2 0.1000000000E+01  0.1238282796E+03  0.9760158070E+02  0.1226966047E+03
L3 0.1482883570E+07  0.7822321354E+02  0.2483422998E+02  0.6893690424E+02
L4 0.5733144925E+02  0.1233483660E+05  0.1243450526E+05  0.1256143941E+05
L5 0.3733078127E+05  0.1150000422E+05  0.1216946349E+05  0.1182571459E+05
L6 0.3549518229E+05  -.4447464892E+06  0.4450884324E+05  -.5913752029E+06
L7 0.0000000000E+00  0.4723837135E+04  0.1299430649E+05  0.2036942438E+05
L8 0.5848197001E+04  0.5818410547E+05  0.0000000000E+00  0.0000000000E+00
L9 0.0000000000E+00  0.0000000000E+00  0.0000000000E+00  0.1037092546E+01  0.0000000000E+00
L0    62000  0.2340000000E+03  -.3518872572E+06  0.9300894624E+05
L1 0.3004864151E+03  0.3004864151E+03  -.4448962035E+12  0.1000000000E+01
L2 0.1000000000E+01  0.1238736983E+03  0.9763737979E+02  0.1227416083E+03
L3 0.1484517969E+07  0.4749779221E+02  0.3455096181E+02  0.4262436319E+02
L4 0.4155770574E+02  0.1259351410E+05  0.1243769782E+05  0.1241650910E+05
L5 0.3744772102E+05  0.1208603815E+05  0.1206854841E+05  0.1196110185E+05
L6 0.3611568841E+05  -.4448962035E+06  0.4461654170E+05  -.5914435183E+06
L7 0.0000000000E+00  0.4748199895E+04  0.1298826326E+05  0.2035564117E+05
L8 0.5776966618E+04  0.5806170218E+05  0.0000000000E+00  0.0000000000E+00
L9 0.0000000000E+00  0.0000000000E+00  0.0000000000E+00  0.1035950746E+01  0.0000000000E+00
L0    63000  0.2360000000E+03  -.3528575939E+06  0.9239696695E+05
L1 0.2985092777E+03  0.2985092777E+03  -.4452545609E+12  0.1000000000E+01
L2 0.1000000000E+01  0.1238016616E+03  0.9758060034E+02  0.1226702299E+03
L3 0.1481933406E+07  -.9454653913E+02  -.6741905165E+02  0.1998564266E+03
L4 0.1263027860E+02  0.1231709886E+05  0.1238969502E+05  0.1241906541E+05
L5 0.3712585928E+05  0.1332549437E+05  0.1310875962E+05  0.1028747682E+05
L6 0.3672173081E+05  -.4452545609E+06  0.4424568560E+05  -.5914732347E+06
L7 0.0000000000E+00  0.4749767755E+04  0.1303604160E+05  0.2021691881E+05
L8 0.5753082873E+04  0.5821717719E+05  0.0000000000E+00  0.0000000000E+00
L9 0.0000000000E+00  0.0000000000E+00  0.0000000000E+00  0.1037757494E+01  0.0000000000E+00
L0    64000  0.2380000000E+03  -.3526580923E+06  0.9266463822E+05
L1 0.2993740502E+03  0.2993740502E+03  -.4453227305E+12  0.1000000000E+01
L2 0.1000000000E+01  0.1238667096E+03  0.9763187122E+02  0.1227346834E+03
L3 0.1484295039E+07  -.2348712636E+03  -.1410928773E+03  -.1410581315E+03
L4 -.1723407575E+03  0.1240310952E+05  0.1239795843E+05  0.1252919032E+05
L5 0.3733025826E+05  0.1491214440E+05  0.1390519668E+05  0.1403605739E+05
L6 0.4285339847E+05  -.4453227305E+06  0.4435407082E+05  -.5914526022E+06
L7 0.0000000000E+00  0.4751994601E+04  0.1298898418E+05  0.2016758693E+05
L8 0.5733446427E+04  0.5813378870E+05  0.0000000000E+00  0.0000000000E+00
L9 0.0000000000E+00  0.0000000000E+00  0.0000000000E+00  0.1036106338E+01  0.0000000000E+00
L0    65000  0.2400000000E+03  -.3521601490E+06  0.9258608778E+05
L1 0.2991202753E+03  0.2991202753E+03  -.4447462367E+12  0.1000000000E+01
L2 0.1000000000E+01  0.1238605704E+03  0.9762703235E+02  0.1227286004E+03
L3 0.1484039713E+07  -.1509504048E+02  -.9342338516E+01  0.2924764910E+03
L4 0.8934637066E+02  0.1232796195E+05  0.1249716241E+05  0.1259788294E+05
L5 0.3742300731E+05  0.1248918843E+05  0.1259694568E+05  0.9474012122E+04
L6 0.3456014623E+05  -.4447462367E+06  0.4374052241E+05  -.5905735262E+06
L7 0.0000000000E+00  0.4735879974E+04  0.1314625277E+05  0.2023669587E+05
L8 0.5707918922E+04  0.5826001948E+05  0.0000000000E+00  0.0000000000E+00
L9 0.0000000000E+00  0.0000000000E+00  0.0000000000E+00  0.1036284598E+01  0.0000000000E+00
L0    66000  0.2420000000E+03  -.3515304472E+06  0.9295214137E+05
L1 0.3003028941E+03  0.3003028941E+03  -.4444825885E+12  0.1000000000E+01
L2 0.1000000000E+01  0.1238893664E+03  0.9764972938E+02  0.1227571332E+03
L3 0.1485095043E+07  -.1943075343E+03  0.2047123535E+02  -.1173123391E+02
L4 -.6185584430E+02  0.1238057076E+05  0.1243294228E+05  0.1250184204E+05
L5 0.3731535508E+05  0.1445739847E+05  0.1221413847E+05  0.1262722962E+05
L6 0.3929876656E+05  -.4444825885E+06  0.4418297949E+05  -.5908767602E+06
L7 0.0000000000E+00  0.4657656323E+04  0.1315290962E+05  0.2026843613E+05
L8 0.5784531698E+04  0.5834765847E+05  0.0000000000E+00  0.0000000000E+00
L9 0.0000000000E+00  0.0000000000E+00  0.0000000000E+00  0.1035548198E+01  0.0000000000E+00
L0    67000  0.2440000000E+03  -.3520157569E+06  0.9299766585E+05
L1 0.3004499712E+03  0.3004499712E+03  -.4450134227E+12  0.1000000000E+01
L2 0.1000000000E+01  0.1238679133E+03  0.9763282000E+02  0.1227358761E+03
L3 0.1484325232E+07  -.1139226529E+03  -.5081201780E+01  -.1016331513E+03
L4 -.7354566865E+02  0.1256013085E+05  0.1249103079E+05  0.1250213510E+05
L5 0.3755329673E+05  0.1377714531E+05  0.1254531232E+05  0.1358786311E+05
L6 0.3991032074E+05  -.4450134227E+06  0.4413216191E+05  -.5913985759E+06
L7 0.0000000000E+00  0.4813939788E+04  0.1305633047E+05  0.2026302999E+05
L8 0.5805299065E+04  0.5831439195E+05  0.0000000000E+00  0.0000000000E+00
L9 0.0000000000E+00  0.0000000000E+00  0.0000000000E+00  0.1036085262E+01  0.0000000000E+00
L0    68000  0.2460000000E+03  -.3519904074E+06  0.9271878499E+05
L1 0.2995489836E+03  0.2995489836E+03  -.4447091924E+12  0.1000000000E+01
L2 0.1000000000E+01  0.1238289648E+03  0.9760212080E+02  0.1226972837E+03
L3 0.1482900285E+07  0.2513921483E+03  -.4991104439E+02  0.1497294693E+03
L4 0.1170701911E+03  0.1232152647E+05  0.1263739164E+05  0.1234756066E+05
L5 0.3730647877E+05  0.9638529157E+04  0.1317007016E+05  0.1074956420E+05
L6 0.3355816352E+05  -.4447091924E+06  0.4417843987E+05  -.5909037837E+06
L7 0.0000000000E+00  0.4739733125E+04  0.1300466764E+05  0.2018900040E+05
L8 0.5801440954E+04  0.5828130933E+05  0.0000000000E+00  0.0000000000E+00
L9 0.0000000000E+00  0.0000000000E+00  0.0000000000E+00  0.1037080856E+01  0.0000000000E+00
L0    69000  0.2480000000E+03  -.3517530230E+06  0.9314740902E+05
L1 0.3009337503E+03  0.3009337503E+03  -.4449004321E+12  0.1000000000E+01
L2 0.1000000000E+01  0.1238467200E+03  0.9761611546E+02  0.1227148766E+03
L3 0.1483555472E+07  0.1517219124E+03  -.1964559865E+03  0.5570945673E+01
L4 -.1305437612E+02  0.1245696927E+05  0.1244588201E+05  0.1265981766E+05
L5 0.3756266894E+05  0.1083699290E+05  0.1454349632E+05  0.1260033515E+05
L6 0.3798082437E+05  -.4449004321E+06  0.4438226923E+05  -.5913973777E+06
L7 0.0000000000E+00  0.4738567767E+04  0.1303616305E+05  0.2028726767E+05
L8 0.5801064773E+04  0.5825161315E+05  0.0000000000E+00  0.0000000000E+00
L9 0.0000000000E+00  0.0000000000E+00  0.0000000000E+00  0.1036622846E+01  0.0000000000E+00
L0    70000  0.2500000000E+03  -.3521149279E+06  0.9271701506E+05
L1 0.2995432654E+03  0.2995432654E+03  -.4448319430E+12  0.1000000000E+01
L2 0.1000000000E+01  0.1238453226E+03  0.9761501398E+02  0.1227134919E+03
L3 0.1483507074E+07  -.1217670432E+02  0.1444059079E+03  -.2126820342E+03
L4 -.2681761020E+02  0.1234631829E+05  0.1256754215E+05  0.1247423060E+05
L5 0.3738809104E+05  0.1247632805E+05  0.1102573107E+05  0.1474502078E+05
L6 0.3824707990E+05  -.4448319430E+06  0.4423574132E+05  -.5909722998E+06
L7 0.0000000000E+00  0.4795357806E+04  0.1297594250E+05  0.2020291803E+05
L8 0.5754119799E+04  0.5817627740E+05  0.0000000000E+00  0.0000000000E+00
L9 0.0000000000E+00  0.0000000000E+00  0.0000000000E+00  0.1036656666E+01  0.0000000000E+00
L0    71000  0.2520000000E+03  -.3521592523E+06  0.9270820930E+05
L1 0.2995148164E+03  0.2995148164E+03  -.4448674616E+12  0.1000000000E+01
L2 0.1000000000E+01  0.1238375178E+03  0.9760886227E+02  0.1227057585E+03
L3 0.1483208302E+07  0.2444516423E+03  0.4932605119E+01  0.8550181767E+02
L4 0.1116286884E+03  0.1245105914E+05  0.1234364665E+05  0.1240728545E+05
L5 0.3720199124E+05  0.9841592876E+04  0.1229099220E+05  0.1149457279E+05
L6 0.3362715786E+05  -.4448674616E+06  0.4395053932E+05  -.5909030452E+06
L7 0.0000000000E+00  0.4870943037E+04  0.1307971442E+05  0.2026945166E+05
L8 0.5750241360E+04  0.5811469380E+05  0.0000000000E+00  0.0000000000E+00
L9 0.0000000000E+00  0.0000000000E+00  0.0000000000E+00  0.1036865486E+01  0.0000000000E+00
L0    72000  0.2540000000E+03  -.3518564960E+06  0.9298255653E+05
L1 0.3004011571E+03  0.3004011571E+03  -.4448390526E+12  0.1000000000E+01
L2 0.1000000000E+01  0.1237982737E+03  0.9757793000E+02  0.1226668730E+03
L3 0.1481799728E+07  0.1389083249E+03  -.9100919236E+02  0.2627885332E+03
L4 0.1035625552E+03  0.1236084514E+05  0.1251667081E+05  0.1238409633E+05
L5 0.3726161228E+05  0.1087943823E+05  0.1348725084E+05  0.9581551933E+04
L6 0.3394824100E+05  -.4448390526E+06  0.4457328763E+05  -.5914594288E+06
L7 0.0000000000E+00  0.4768515675E+04  0.1285719942E+05  0.2033112767E+05
L8 0.5801406436E+04  0.5828883940E+05  0.0000000000E+00  0.0000000000E+00
L9 0.0000000000E+00  0.0000000000E+00  0.0000000000E+00  0.1037851112E+01  0.0000000000E+00
L0    73000  0.2560000000E+03  -.3525460043E+06  0.9265131259E+05
L1 0.2993309987E+03  0.2993309987E+03  -.4451973169E+12  0.1000000000E+01
L2 0.1000000000E+01  0.1238377029E+03  0.9760900817E+02  0.1227059419E+03
L3 0.1483222539E+07  -.1601176270E+03  0.3293057817E+03  -.6314366918E+01
L4 0.5429126261E+02  0.1251720064E+05  0.1250336416E+05  0.1230376658E+05
L5 0.3732433139E+05  0.1422643668E+05  0.8988065308E+04  0.1237117168E+05
L6 0.3558567367E+05  -.4451973169E+06  0.4459161327E+05  -.5917355378E+06
L7 0.0000000000E+00  0.4777718059E+04  0.1306204853E+05  0.2021676603E+05
L8 0.5741937860E+04  0.5814813709E+05  0.0000000000E+00  0.0000000000E+00
L9 0.0000000000E+00  0.0000000000E+00  0.0000000000E+00  0.1036855533E+01  0.0000000000E+00
L0    74000  0.2580000000E+03  -.3518040581E+06  0.9313790683E+05
L1 0.3009030514E+03  0.3009030514E+03  -.4449419649E+12  0.1000000000E+01
L2 0.1000000000E+01  0.1238516945E+03  0.9762003632E+02  0.1227198056E+03
L3 0.1483712369E+07  0.2406426725E+03  0.9127244626E+02  0.1248150255E+03
L4 0.1522433814E+03  0.1264427156E+05  0.1241029090E+05  0.1243849370E+05
L5 0.3749305617E+05  0.1007459219E+05  0.1143564696E+05  0.1110566859E+05
L6 0.3261590773E+05  -.4449419649E+06  0.4449261032E+05  -.5916107472E+06
L7 0.0000000000E+00  0.4713774541E+04  0.1320104624E+05  0.2024099236E+05
L8 0.5766300639E+04  0.5825405821E+05  0.0000000000E+00  0.0000000000E+00
L9 0.0000000000E+00  0.0000000000E+00  0.0000000000E+00  0.1036513228E+01  0.0000000000E+00
L0    75000  0.2600000000E+03  -.3522639642E+06  0.9268624880E+05
L1 0.2994438681E+03  0.2994438681E+03  -.4449502130E+12  0.1000000000E+01
L2 0.1000000000E+01  0.1238802810E+03  0.9764256824E+02  0.1227481308E+03
L3 0.1484752971E+07  0.2268398802E+03  -.1723032092E+03  0.1080097718E+03
L4 0.5418214760E+02  0.1251329958E+05  0.1240445926E+05  0.1253020471E+05
L5 0.3744796355E+05  0.1008931311E+05  0.1424567275E+05  0.1137602395E+05
L6 0.3571100981E+05  -.4449502130E+06  0.4445947390E+05  -.5913696552E+06
L7 0.0000000000E+00  0.4840040849E+04  0.1293198215E+05  0.2028169869E+05
L8 0.5756303985E+04  0.5814994265E+05  0.0000000000E+00  0.0000000000E+00
L9 0.0000000000E+00  0.0000000000E+00  0.0000000000E+00  0.1035786778E+01  0.0000000000E+00
L0    76000  0.2620000000E+03  -.3514583614E+06  0.9307838905E+05
L1 0.3007107657E+03  0.3007107657E+03  -.4445367505E+12  0.1000000000E+01
L2 0.1000000000E+01  0.1238652730E+03  0.9763073896E+02  0.1227332600E+03
L3 0.1484210783E+07  0.1063664468E+03  0.1128788057E+03  0.2776541408E+01
L4 0.7400726463E+02  0.1255612966E+05  0.1257677746E+05  0.1252239188E+05
L5 0.3765529900E+05  0.1141992435E+05  0.1137100720E+05  0.1249273290E+05
L6 0.3528366444E+05  -.4445367505E+06  0.4416613974E+05  -.5908166092E+06
L7 0.0000000000E+00  0.4766608664E+04  0.1313149490E+05  0.2022648288E+05
L8 0.5760269948E+04  0.5822886261E+05  0.0000000000E+00  0.0000000000E+00
L9 0.0000000000E+00  0.0000000000E+00  0.0000000000E+00  0.1036165155E+01  0.0000000000E+00
L0    77000  0.2640000000E+03  -.3514218094E+06  0.9312944861E+05
L1 0.3008757252E+03  0.3008757252E+03  -.4445512580E+12  0.1000000000E+01
L2 0.1000000000E+01  0.1238551661E+03  0.9762277262E+02  0.1227232454E+03
L3 0.1483863742E+07  -.1578675940E+03  -.1557444922E+02  0.2718547751E+02
L4 -.4875218857E+02  0.1250412758E+05  0.1241941074E+05  0.1263937354E+05
L5 0.3756291186E+05  0.1419007332E+05  0.1258573795E+05  0.1234904644E+05
L6 0.3912485771E+05  -.4445512580E+06  0.4410806207E+05  -.5907041206E+06
L7 0.0000000000E+00  0.4783487142E+04  0.1307297672E+05  0.2020287206E+05
L8 0.5796665991E+04  0.5818879862E+05  0.0000000000E+00  0.0000000000E+00
L9 0.0000000000E+00  0.0000000000E+00  0.0000000000E+00  0.1036407490E+01  0.0000000000E+00
L0    78000  0.2660000000E+03  -.3517872229E+06  0.9279618928E+05
L1 0.2997990556E+03  0.2997990556E+03  -.4445834122E+12  0.1000000000E+01
L2 0.1000000000E+01  0.1239022541E+03  0.9765988747E+02  0.1227699031E+03
L3 0.1485562686E+07  -.9853317115E+02  -.5172457510E+02  -.1288071736E+03
L4 -.9302163996E+02  0.1257420584E+05  0.1248583443E+05  0.1245775175E+05
L5 0.3751779202E+05  0.1362769489E+05  0.1303885908E+05  0.1383492194E+05
L6 0.4050147591E+05  -.4445834122E+06  0.4361911778E+05  -.5903678703E+06
L7 0.0000000000E+00  0.4747561010E+04  0.1320066289E+05  0.2025969026E+05
L8 0.5781801773E+04  0.5817562446E+05  0.0000000000E+00  0.0000000000E+00
L9 0.0000000000E+00  0.0000000000E+00  0.0000000000E+00  0.1035222217E+01  0.0000000000E+00
L0    79000  0.2680000000E+03  -.3517092415E+06  0.9322361007E+05
L1 0.3011799350E+03  0.3011799350E+03  -.4449328515E+12  0.1000000000E+01
L2 0.1000000000E+01  0.1238765634E+03  0.9763963799E+02  0.1227444472E+03
L3 0.1484624608E+07  0.2748975322E+03  -.6324584732E+02  -.1692840137E+03
L4 0.1412255704E+02  0.1264969815E+05  0.1248372941E+05  0.1255950638E+05
L5 0.3769293395E+05  0.9712426757E+04  0.1315950928E+05  0.1436830069E+05
L6 0.3724023673E+05  -.4449328515E+06  0.4429732604E+05  -.5915285069E+06
L7 0.0000000000E+00  0.4756161506E+04  0.1320130998E+05  0.2018739860E+05
L8 0.5846621056E+04  0.5830683819E+05  0.0000000000E+00  0.0000000000E+00
L9 0.0000000000E+00  0.0000000000E+00  0.0000000000E+00  0.1035876334E+01  0.0000000000E+00
L0    80000  0.2700000000E+03  -.3517568430E+06  0.9305707557E+05
L1 0.3006419077E+03  0.3006419077E+03  -.4448139186E+12  0.1000000000E+01
L2 0.1000000000E+01  0.1238377794E+03  0.9760906843E+02  0.1227060176E+03
L3 0.1483241884E+07  -.2181694403E+03  0.1662536781E+02  -.1193468922E+02
L4 -.7115958723E+02  0.1248992367E+05  0.1256084558E+05  0.1244044990E+05
L5 0.3749121915E+05  0.1481888607E+05  0.1238336951E+05  0.1256785291E+05
L6 0.3977010848E+05  -.4448139186E+06  0.4383656979E+05  -.5908081764E+06
L7 0.0000000000E+00  0.4745463459E+04  0.1323530131E+05  0.2023768015E+05
L8 0.5753707177E+04  0.5818553591E+05  0.0000000000E+00  0.0000000000E+00
L9 0.0000000000E+00  0.0000000000E+00  0.0000000000E+00  0.1036842010E+01  0.0000000000E+00
L0    81000  0.2720000000E+03  -.3520611751E+06  0.9281428164E+05
L1 0.2998575071E+03  0.2998575071E+03  -.4448754567E+12  0.1000000000E+01
L2 0.1000000000E+01  0.1238781026E+03  0.9764085123E+02  0.1227459723E+03
L3 0.1484678025E+07  0.7894071419E+02  -.5876306543E+02  0.6582069416E+02
L4 0.2866611431E+02  0.1238579080E+05  0.1251185946E+05  0.1246931314E+05
L5 0.3736696340E+05  0.1154228143E+05  0.1313976354E+05  0.1176599581E+05
L6 0.3644804078E+05  -.4448754567E+06  0.4396084001E+05  -.5908938849E+06
L7 0.0000000000E+00  0.4856341067E+04  0.1302125611E+05  0.2026111877E+05
L8 0.5824053062E+04  0.5809481924E+05  0.0000000000E+00  0.0000000000E+00
L9 0.0000000000E+00  0.0000000000E+00  0.0000000000E+00  0.1035839065E+01  0.0000000000E+00
L0    82000  0.2740000000E+03  -.3527857849E+06  0.9292872978E+05
L1 0.3002272577E+03  0.3002272577E+03  -.4457145147E+12  0.1000000000E+01
L2 0.1000000000E+01  0.1238074433E+03  0.9758515748E+02  0.1226759588E+03
L3 0.1482131986E+07  0.1252926484E+03  -.7325314853E+02  0.1913070650E+03
L4 0.8111552164E+02  0.1269710658E+05  0.1242391782E+05  0.1240689733E+05
L5 0.3752792173E+05  0.1136060631E+05  0.1320531125E+05  0.1036621939E+05
L6 0.3493213696E+05  -.4457145147E+06  0.4426617407E+05  -.5919027987E+06
L7 0.0000000000E+00  0.4734340017E+04  0.1291478932E+05  0.2027354730E+05
L8 0.5773480393E+04  0.5822595296E+05  0.0000000000E+00  0.0000000000E+00
L9 0.0000000000E+00  0.0000000000E+00  0.0000000000E+00  0.1037618452E+01  0.0000000000E+00
L0    83000  0.2760000000E+03  -.3529280459E+06  0.9269860403E+05
L1 0.2994837844E+03  0.2994837844E+03  -.4456266499E+12  0.1000000000E+01
L2 0.1000000000E+01  0.1238381864E+03  0.9760938921E+02  0.1227064209E+03
L3 0.1483237543E+07  0.2115876846E+03  -.4421306222E+02  0.4916531884E+02
L4 0.7217998041E+02  0.1235610106E+05  0.1246124183E+05  0.1249828454E+05
L5 0.3731562743E+05  0.1009740562E+05  0.1293321562E+05  0.1197344548E+05
L6 0.3500406672E+05  -.4456266499E+06  0.4470761475E+05  -.5923725803E+06
L7 0.0000000000E+00  0.4623942704E+04  0.1301536222E+05  0.2025039114E+05
L8 0.5785805486E+04  0.5836281415E+05  0.0000000000E+00  0.0000000000E+00
L9 0.0000000000E+00  0.0000000000E+00  0.0000000000E+00  0.1036845045E+01  0.0000000000E+00
L0    84000  0.2780000000E+03  -.3526992643E+06  0.9250147777E+05
L1 0.2988469235E+03  0.2988469235E+03  -.4452007421E+12  0.1000000000E+01
L2 0.1000000000E+01  0.1238102039E+03  0.9758733343E+02  0.1226786942E+03
L3 0.1482240067E+07  0.2224133070E+02  0.2266455399E+03  -.2082416031E+03
L4 0.1354842251E+02  0.1245623958E+05  0.1235798715E+05  0.1240967943E+05
L5 0.3722390616E+05  0.1221897337E+05  0.9940176395E+04  0.1463116055E+05
L6 0.3679031032E+05  -.4452007421E+06  0.4459503548E+05  -.5919803897E+06
L7 0.0000000000E+00  0.4798816057E+04  0.1302270401E+05  0.2028445224E+05
L8 0.5804747053E+04  0.5827389280E+05  0.0000000000E+00  0.0000000000E+00
L9 0.0000000000E+00  0.0000000000E+00  0.0000000000E+00  0.1037542792E+01  0.0000000000E+00
L0    85000  0.2800000000E+03  -.3523620579E+06  0.9289327283E+05
L1 0.3001127060E+03  0.3001127060E+03  -.4452553308E+12  0.1000000000E+01
L2 0.1000000000E+01  0.1238324391E+03  0.9760485917E+02  0.1227007261E+03
L3 0.1483049339E+07  -.1018241656E+03  -.1556687983E+03  0.5909424439E+02
L4 -.6613290649E+02  0.1257141725E+05  0.1251197699E+05  0.1242762106E+05
L5 0.3751101531E+05  0.1365825081E+05  0.1417352829E+05  0.1179687091E+05
L6 0.3962865001E+05  -.4452553308E+06  0.4435507690E+05  -.5917928151E+06
L7 0.0000000000E+00  0.4813705909E+04  0.1305606416E+05  0.2027725744E+05
L8 0.5809409444E+04  0.5822597048E+05  0.0000000000E+00  0.0000000000E+00
L9 0.0000000000E+00  0.0000000000E+00  0.0000000000E+00  0.1036976624E+01  0.0000000000E+00
L0    86000  0.2820000000E+03  -.3529156894E+06  0.9235426252E+05
L1 0.2983713114E+03  0.2983713114E+03  -.4452699519E+12  0.1000000000E+01
L2 0.1000000000E+01  0.1238787075E+03  0.9764132797E+02  0.1227465717E+03
L3 0.1484701925E+07  0.3624860380E+02  0.1165560567E+03  -.1155742486E+03
L4 0.1241013732E+02  0.1229896839E+05  0.1244363995E+05  0.1233150495E+05
L5 0.3707411328E+05  0.1191163304E+05  0.1119817733E+05  0.1356647644E+05
L6 0.3667628680E+05  -.4452699519E+06  0.4352008907E+05  -.5908247156E+06
L7 0.0000000000E+00  0.4788039151E+04  0.1299818583E+05  0.2020248386E+05
L8 0.5770728527E+04  0.5827523726E+05  0.0000000000E+00  0.0000000000E+00
L9 0.0000000000E+00  0.0000000000E+00  0.0000000000E+00  0.1035822390E+01  0.0000000000E+00
L0    87000  0.2840000000E+03  -.3516409256E+06  0.9305490294E+05
L1 0.3006348886E+03  0.3006348886E+03  -.4446958285E+12  0.1000000000E+01
L2 0.1000000000E+01  0.1238484610E+03  0.9761748772E+02  0.1227166017E+03
L3 0.1483609740E+07  0.1863358850E+03  0.4896272083E+02  -.8631974486E+02
L4 0.4965962031E+02  0.1248479387E+05  0.1241162454E+05  0.1247977363E+05
L5 0.3737619204E+05  0.1049516187E+05  0.1188881705E+05  0.1340146688E+05
L6 0.3578544580E+05  -.4446958285E+06  0.4434960257E+05  -.5911220373E+06
L7 0.0000000000E+00  0.4847435555E+04  0.1293592758E+05  0.2027273034E+05
L8 0.5788134121E+04  0.5823237864E+05  0.0000000000E+00  0.0000000000E+00
L9 0.0000000000E+00  0.0000000000E+00  0.0000000000E+00  0.1036584928E+01  0.0000000000E+00
L0    88000  0.2860000000E+03  -.3508923955E+06  0.9333298069E+05
L1 0.3015332816E+03  0.3015332816E+03  -.4442253762E+12  0.1000000000E+01
L2 0.1000000000E+01  0.1238255975E+03  0.9759946663E+02  0.1226939471E+03
L3 0.1482800545E+07  -.2243455166E+03  -.1483499218E+03  0.2423000149E+03
L4 -.4346514116E+02  0.1258071078E+05  0.1255890577E+05  0.1252984696E+05
L5 0.3766946351E+05  0.1497489030E+05  0.1414207244E+05  0.9944059898E+04
L6 0.3906102264E+05  -.4442253762E+06  0.4382976916E+05  -.5901914765E+06
L7 0.0000000000E+00  0.4920328693E+04  0.1294777711E+05  0.2030004321E+05
L8 0.5756772415E+04  0.5821140973E+05  0.0000000000E+00  0.0000000000E+00
L9 0.0000000000E+00  0.0000000000E+00  0.0000000000E+00  0.1037150615E+01  0.0000000000E+00
L0    89000  0.2880000000E+03  -.3523241652E+06  0.9267151822E+05
L1 0.2993962776E+03  0.2993962776E+03  -.4449956834E+12  0.1000000000E+01
L2 0.1000000000E+01  0.1238383895E+03  0.9760954929E+02  0.1227066221E+03
L3 0.1483257891E+07  -.2542168619E+03  0.1988198967E+03  -.2399375921E+02
L4 -.2646357479E+02  0.1242083999E+05  0.1232597421E+05  0.1259292615E+05
L5 0.3733974034E+05  0.1513463851E+05  0.1020354560E+05  0.1284906269E+05
L6 0.3818724679E+05  -.4449956834E+06  0.4448454258E+05  -.5917782599E+06
L7 0.0000000000E+00  0.4766878018E+04  0.1303202794E+05  0.2030114931E+05
L8 0.5796627966E+04  0.5840135060E+05  0.0000000000E+00  0.0000000000E+00
L9 0.0000000000E+00  0.0000000000E+00  0.0000000000E+00  0.1036830820E+01  0.0000000000E+00
L0    90000  0.2900000000E+03  -.3525441106E+06  0.9238043615E+05
L1 0.2984558712E+03  0.2984558712E+03  -.4449245468E+12  0.1000000000E+01
L2 0.1000000000E+01  0.1238328447E+03  0.9760517886E+02  0.1227011280E+03
L3 0.1483056495E+07  0.1183379856E+03  0.7186437733E+02  -.2203972745E+03
L4 -.1006497054E+02  0.1240398384E+05  0.1243458611E+05  0.1247972509E+05
L5 0.3731829504E+05  0.1114088177E+05  0.1166752857E+05  0.1483217559E+05
L6 0.3764058594E+05  -.4449245468E+06  0.4414067941E+05  -.5909444876E+06
L7 0.0000000000E+00  0.4780956361E+04  0.1302759140E+05  0.2017238131E+05
L8 0.5761369183E+04  0.5813696318E+05  0.0000000000E+00  0.0000000000E+00
L9 0.0000000000E+00  0.0000000000E+00  0.0000000000E+00  0.1036971621E+01  0.0000000000E+00
L0    91000  0.2920000000E+03  -.3521220953E+06  0.9257616964E+05
L1 0.2990882325E+03  0.2990882325E+03  -.4446982649E+12  0.1000000000E+01
L2 0.1000000000E+01  0.1238031998E+03  0.9758181278E+02  0.1226717541E+03
L3 0.1481999908E+07  -.6295555274E+02  -.9291966040E+02  -.6183290285E+02
L4 -.7256937200E+02  0.1246904439E+05  0.1246100273E+05  0.1241009804E+05
L5 0.3734014515E+05  0.1314053322E+05  0.1345209108E+05  0.1306961260E+05
L6 0.3966223690E+05  -.4446982649E+06  0.4337471926E+05  -.5902285707E+06
L7 0.0000000000E+00  0.4779479191E+04  0.1307933619E+05  0.2026311000E+05
L8 0.5814028361E+04  0.5821963273E+05  0.0000000000E+00  0.0000000000E+00
L9 0.0000000000E+00  0.0000000000E+00  0.0000000000E+00  0.1037710926E+01  0.0000000000E+00
L0    92000  0.2940000000E+03  -.3523514197E+06  0.9256452432E+05
L1 0.2990506096E+03  0.2990506096E+03  -.4449159440E+12  0.1000000000E+01
L2 0.1000000000E+01  0.1238171115E+03  0.9759277796E+02  0.1226855386E+03
L3 0.1482485391E+07  -.1861690087E+02  0.3666245643E+02  0.8562587505E+02
L4 0.3455714353E+02  0.1248288207E+05  0.1245282265E+05  0.1229001792E+05
L5 0.3722572263E+05  0.1268151643E+05  0.1206164992E+05  0.1137642647E+05
L6 0.3611959283E+05  -.4449159440E+06  0.4394439621E+05  -.5907738640E+06
L7 0.0000000000E+00  0.4796943685E+04  0.1300549068E+05  0.2019719249E+05
L8 0.5753147992E+04  0.5816074894E+05  0.0000000000E+00  0.0000000000E+00
L9 0.0000000000E+00  0.0000000000E+00  0.0000000000E+00  0.1037371097E+01  0.0000000000E+00
L0    93000  0.2960000000E+03  -.3518870257E+06  0.9294927132E+05
L1 0.3002936217E+03  0.3002936217E+03  -.4448362970E+12  0.1000000000E+01
L2 0.1000000000E+01  0.1238193083E+03  0.9759450950E+02  0.1226877154E+03
L3 0.1482555577E+07  0.3945311760E+02  0.1226707174E+03  0.1394608808E+03
L4 0.1005282386E+03  0.1249863880E+05  0.1240100007E+05  0.1245253241E+05
L5 0.3735217128E+05  0.1207767099E+05  0.1109209404E+05  0.1096447404E+05
L6 0.3413423907E+05  -.4448362970E+06  0.4433279505E+05  -.5912641820E+06
L7 0.0000000000E+00  0.4776664457E+04  0.1290439460E+05  0.2034537857E+05
L8 0.5811974618E+04  0.5825667770E+05  0.0000000000E+00  0.0000000000E+00
L9 0.0000000000E+00  0.0000000000E+00  0.0000000000E+00  0.1037321987E+01  0.0000000000E+00
L0    94000  0.2980000000E+03  -.3520773000E+06  0.9265495025E+05
L1 0.2993427510E+03  0.2993427510E+03  -.4447322503E+12  0.1000000000E+01
L2 0.1000000000E+01  0.1238115429E+03  0.9758838878E+02  0.1226800209E+03
L3 0.1482296229E+07  -.1361644896E+03  -.6635333171E+02  0.5998237020E+02
L4 -.4751181702E+02  0.1243287836E+05  0.1256494449E+05  0.1252776673E+05
L5 0.3752558958E+05  0.1388550982E+05  0.1327281582E+05  0.1188786217E+05
L6 0.3904618780E+05  -.4447322503E+06  0.4400560285E+05  -.5908369982E+06
L7 0.0000000000E+00  0.4778924304E+04  0.1301408345E+05  0.2042138539E+05
L8 0.5794083454E+04  0.5809066851E+05  0.0000000000E+00  0.0000000000E+00
L9 0.0000000000E+00  0.0000000000E+00  0.0000000000E+00  0.1037503480E+01  0.0000000000E+00
L0    95000  0.3000000000E+03  -.3522028025E+06  0.9256519538E+05
L1 0.2990527777E+03  0.2990527777E+03  -.4447679979E+12  0.1000000000E+01
L2 0.1000000000E+01  0.1238342571E+03  0.9760629212E+02  0.1227025275E+03
L3 0.1483090891E+07  0.1651620842E+03  0.1753705535E+02  0.1578883972E+03
L4 0.1135291789E+03  0.1242967877E+05  0.1246049367E+05  0.1241849970E+05
L5 0.3730867214E+05  0.1066675026E+05  0.1227330437E+05  0.1073321001E+05
L6 0.3367326464E+05  -.4447679979E+06  0.4430362104E+05  -.5913642391E+06
L7 0.0000000000E+00  0.4707282257E+04  0.1295926368E+05  0.2030176495E+05
L8 0.5873165982E+04  0.5845114334E+05  0.0000000000E+00  0.0000000000E+00
L9 0.0000000000E+00  0.0000000000E+00  0.0000000000E+00  0.1036947571E+01  0.0000000000E+00
L0    96000  0.3020000000E+03  -.3528315547E+06  0.9262389622E+05
L1 0.2992424240E+03  0.2992424240E+03  -.4454554510E+12  0.1000000000E+01
L2 0.1000000000E+01  0.1237971298E+03  0.9757702834E+02  0.1226657395E+03
L3 0.1481769122E+07  0.7629830392E+02  0.1267265912E+03  -.1299889496E+03
L4 0.2434531518E+02  0.1245540798E+05  0.1238770949E+05  0.1249439862E+05
L5 0.3733751609E+05  0.1164173104E+05  0.1103624427E+05  0.1388065499E+05
L6 0.3655863030E+05  -.4454554510E+06  0.4461679714E+05  -.5920508211E+06
L7 0.0000000000E+00  0.4802543776E+04  0.1303604828E+05  0.2025364510E+05
L8 0.5775656305E+04  0.5811067956E+05  0.0000000000E+00  0.0000000000E+00
L9 0.0000000000E+00  0.0000000000E+00  0.0000000000E+00  0.1037872550E+01  0.0000000000E+00
L0    97000  0.3040000000E+03  -.3524002980E+06  0.9288181358E+05
L1 0.3000756843E+03  0.3000756843E+03  -.4452821116E+12  0.1000000000E+01
L2 0.1000000000E+01  0.1238154655E+03  0.9759148060E+02  0.1226839077E+03
L3 0.1482422326E+07  0.6993282637E+02  0.1682580563E+03  -.4506889848E+02
L4 0.6437399474E+02  0.1250423245E+05  0.1247367980E+05  0.1246112091E+05
L5 0.3743903315E+05  0.1175811086E+05  0.1067851470E+05  0.1294196631E+05
L6 0.3537859187E+05  -.4452821116E+06  0.4440867420E+05  -.5917965178E+06
L7 0.0000000000E+00  0.4695528975E+04  0.1310541475E+05  0.2016454944E+05
L8 0.5792775188E+04  0.5834746367E+05  0.0000000000E+00  0.0000000000E+00
L9 0.0000000000E+00  0.0000000000E+00  0.0000000000E+00  0.1037415229E+01  0.0000000000E+00
L0    98000  0.3060000000E+03  -.3529386457E+06  0.9244134520E+05
L1 0.2986526517E+03  0.2986526517E+03  -.4453799909E+12  0.1000000000E+01
L2 0.1000000000E+01  0.1238150874E+03  0.9759118258E+02  0.1226835330E+03
L3 0.1482411939E+07  -.7059730115E+02  -.7886150437E+02  0.2701257705E+03
L4 0.4022232167E+02  0.1238133944E+05  0.1239224007E+05  0.1249335778E+05
L5 0.3726693729E+05  0.1313454511E+05  0.1323361689E+05  0.9611374192E+04
L6 0.3597953620E+05  -.4453799909E+06  0.4475490715E+05  -.5920982886E+06
L7 0.0000000000E+00  0.4648612662E+04  0.1299452088E+05  0.2033352902E+05
L8 0.5816515888E+04  0.5817021209E+05  0.0000000000E+00  0.0000000000E+00
L9 0.0000000000E+00  0.0000000000E+00  0.0000000000E+00  0.1037422498E+01  0.0000000000E+00
L0    99000  0.3080000000E+03  -.3520546894E+06  0.9302335172E+05
L1 0.3005329552E+03  0.3005329552E+03  -.4450780411E+12  0.1000000000E+01
L2 0.1000000000E+01  0.1238382356E+03  0.9760942803E+02  0.1227064697E+03
L3 0.1483268421E+07  -.9109003474E+02  -.2668501311E+03  -.8553990022E+02
L4 -.1478266887E+03  0.1257540806E+05  0.1245579705E+05  0.1254624436E+05
L5 0.3757744948E+05  0.1354781310E+05  0.1530447761E+05  0.1345940056E+05
L6 0.4231169126E+05  -.4450780411E+06  0.4379421364E+05  -.5908498854E+06
L7 0.0000000000E+00  0.4861966920E+04  0.1289112490E+05  0.2029716893E+05
L8 0.5773247793E+04  0.5815412204E+05  0.0000000000E+00  0.0000000000E+00
L9 0.0000000000E+00  0.0000000000E+00  0.0000000000E+00  0.1036823460E+01  0.0000000000E+00
L0   100000  0.3100000000E+03  -.3515091175E+06  0.9284269077E+05
L1 0.2999492892E+03  0.2999492892E+03  -.4443518082E+12  0.1000000000E+01
L2 0.1000000000E+01  0.1238477206E+03  0.9761690409E+02  0.1227158680E+03
L3 0.1483579415E+07  0.1462633808E+03  -.2196210285E+01  0.8914187139E+02
L4 0.7773634731E+02  0.1247855776E+05  0.1234811311E+05  0.1235673133E+05
L5 0.3718340221E+05  0.1091683843E+05  0.1237156303E+05  0.1140492383E+05
L6 0.3469332528E+05  -.4443518082E+06  0.4493576474E+05  -.5913501437E+06
L7 0.0000000000E+00  0.4741543682E+04  0.1318706557E+05  0.2021603329E+05
L8 0.5788946877E+04  0.5812898125E+05  0.0000000000E+00  0.0000000000E+00
L9 0.0000000000E+00  0.0000000000E+00  0.0000000000E+00  0.1036606117E+01  0.0000000000E+00
