L0  Nsteps           time(ps)         Etot             EKinetic        
L1  Temp             T_solute         T_solv           Pres_scal_solu  
L2  Pres_scal_solv   BoxX             BoxY             BoxZ            
L3  volume           pres_X           pres_Y           pres_Z          
L4  Pressure         EKCoM_x          EKCoM_y          EKCoM_z         
L5  EKComTot         VIRIAL_x         VIRIAL_y         VIRIAL_z        
L6  VIRIAL_tot       E_pot            E_vdw            E_el            
L7  E_hbon           E_bon            E_angle          E_dih           
L8  E_14vdw          E_14el           E_const          E_pol           
L9  AV_permMoment    AV_indMoment     AV_totMoment     Density          dV/dlambda      
L0     1000  0.1120000000E+03  -.3516618522E+06  0.9272616075E+05
L1 0.2995728126E+03  0.2995728126E+03  -.4443880129E+12  0.1000000000E+01
L2 0.1000000000E+01  0.1238962772E+03  0.9765517649E+02  0.1227639809E+03
L3 0.1485349391E+07  -.2701195068E+03  0.1077742687E+03  -.1547378538E+03
L4 -.1056943640E+03  0.1251901451E+05  0.1231936247E+05  0.1261137614E+05
L5 0.3744975312E+05  0.1540664188E+05  0.1116723565E+05  0.1426555236E+05
L6 0.4083942989E+05  -.4443880129E+06  0.4420109942E+05  -.5908688199E+06
L7 0.0000000000E+00  0.4804044626E+04  0.1300812522E+05  0.2031414892E+05
L8 0.5820158332E+04  0.5833323041E+05  0.0000000000E+00  0.0000000000E+00
L9 0.0000000000E+00  0.0000000000E+00  0.0000000000E+00  0.1035370874E+01  0.0000000000E+00
L0     2000  0.1140000000E+03  -.3511183569E+06  0.9292266991E+05
L1 0.3002076799E+03  0.3002076799E+03  -.4440410268E+12  0.1000000000E+01
L2 0.1000000000E+01  0.1239166317E+03  0.9767121993E+02  0.1227841493E+03
L3 0.1486067250E+07  -.1155698102E+02  0.5370895086E+02  -.3492197113E+02
L4 0.2409999569E+01  0.1247487698E+05  0.1250321025E+05  0.1262955484E+05
L5 0.3760764207E+05  0.1259848295E+05  0.1192877416E+05  0.1300305758E+05
L6 0.3753031470E+05  -.4440410268E+06  0.4376338317E+05  -.5900478541E+06
L7 0.0000000000E+00  0.4718558886E+04  0.1321173657E+05  0.2032801836E+05
L8 0.5790723163E+04  0.5819440710E+05  0.0000000000E+00  0.0000000000E+00
L9 0.0000000000E+00  0.0000000000E+00  0.0000000000E+00  0.1034870728E+01  0.0000000000E+00
L0     3000  0.1160000000E+03  -.3517250202E+06  0.9298365455E+05
L1 0.3004047045E+03  0.3004047045E+03  -.4447086747E+12  0.1000000000E+01
L2 0.1000000000E+01  0.1239313150E+03  0.9768279327E+02  0.1227986984E+03
L3 0.1486606491E+07  0.5616694876E+02  -.1867045639E+03  -.1091274521E+03
L4 -.7988835575E+02  0.1252916490E+05  0.1243079331E+05  0.1252047208E+05
L5 0.3748043029E+05  0.1192822169E+05  0.1442838876E+05  0.1368805201E+05
L6 0.4004466245E+05  -.4447086747E+06  0.4424801114E+05  -.5911813485E+06
L7 0.0000000000E+00  0.4741477438E+04  0.1318387278E+05  0.2028415810E+05
L8 0.5802859857E+04  0.5821229444E+05  0.0000000000E+00  0.0000000000E+00
L9 0.0000000000E+00  0.0000000000E+00  0.0000000000E+00  0.1034495346E+01  0.0000000000E+00
L0     4000  0.1180000000E+03  -.3513548691E+06  0.9290025685E+05
L1 0.3001352694E+03  0.3001352694E+03  -.4442551259E+12  0.1000000000E+01
L2 0.1000000000E+01  0.1239585301E+03  0.9770424430E+02  0.1228256648E+03
L3 0.1487572464E+07  0.3817063940E+02  0.1468243474E+03  -.1168773658E+03
L4 0.2270587366E+02  0.1242668386E+05  0.1236701238E+05  0.1246329103E+05
L5 0.3725698727E+05  0.1201802197E+05  0.1079508388E+05  0.1371460163E+05
L6 0.3652770748E+05  -.4442551259E+06  0.4455420941E+05  -.5911423012E+06
L7 0.0000000000E+00  0.4778941409E+04  0.1300072236E+05  0.2041595096E+05
L8 0.5804823313E+04  0.5833252784E+05  0.0000000000E+00  0.0000000000E+00
L9 0.0000000000E+00  0.0000000000E+00  0.0000000000E+00  0.1033823584E+01  0.0000000000E+00
L0     5000  0.1200000000E+03  -.3514735559E+06  0.9292767265E+05
L1 0.3002238424E+03  0.3002238424E+03  -.4444012286E+12  0.1000000000E+01
L2 0.1000000000E+01  0.1239108963E+03  0.9766669923E+02  0.1227784663E+03
L3 0.1485873527E+07  -.1223496423E+03  0.4073748831E+02  -.1966941010E+03
L4 -.9276875165E+02  0.1253848412E+05  0.1242788334E+05  0.1263284576E+05
L5 0.3759921321E+05  0.1384688591E+05  0.1199223840E+05  0.1473628397E+05
L6 0.4057540828E+05  -.4444012286E+06  0.4410616367E+05  -.5906393379E+06
L7 0.0000000000E+00  0.4839574267E+04  0.1308941885E+05  0.2033040004E+05
L8 0.5762434827E+04  0.5811011771E+05  0.0000000000E+00  0.0000000000E+00
L9 0.0000000000E+00  0.0000000000E+00  0.0000000000E+00  0.1035005650E+01  0.0000000000E+00
L0     6000  0.1220000000E+03  -.3522932091E+06  0.9268019774E+05
L1 0.2994243188E+03  0.2994243188E+03  -.4449734068E+12  0.1000000000E+01
L2 0.1000000000E+01  0.1239194134E+03  0.9767341245E+02  0.1227869056E+03
L3 0.1486176944E+07  -.2103813967E+03  -.1349124188E+03  0.1349592061E+03
L4 -.7011153648E+02  0.1254781631E+05  0.1244458442E+05  0.1259461792E+05
L5 0.3758701865E+05  0.1479808529E+05  0.1388762661E+05  0.1115107529E+05
L6 0.3983678719E+05  -.4449734068E+06  0.4411545427E+05  -.5913075307E+06
L7 0.0000000000E+00  0.4751763012E+04  0.1305467894E+05  0.2033426032E+05
L8 0.5793731984E+04  0.5828423534E+05  0.0000000000E+00  0.0000000000E+00
L9 0.0000000000E+00  0.0000000000E+00  0.0000000000E+00  0.1034794345E+01  0.0000000000E+00
L0     7000  0.1240000000E+03  -.3522976494E+06  0.9241262049E+05
L1 0.2985598500E+03  0.2985598500E+03  -.4447102699E+12  0.1000000000E+01
L2 0.1000000000E+01  0.1238626651E+03  0.9762868336E+02  0.1227306759E+03
L3 0.1484132097E+07  -.1280202793E+03  -.1269227075E+01  0.1001500066E+02
L4 -.3975816858E+02  0.1257534662E+05  0.1222478156E+05  0.1241403507E+05
L5 0.3721416324E+05  0.1394278545E+05  0.1223833871E+05  0.1230706060E+05
L6 0.3848818476E+05  -.4447102699E+06  0.4387560194E+05  -.5906964679E+06
L7 0.0000000000E+00  0.4774624868E+04  0.1312950839E+05  0.2027801511E+05
L8 0.5740647823E+04  0.5818779988E+05  0.0000000000E+00  0.0000000000E+00
L9 0.0000000000E+00  0.0000000000E+00  0.0000000000E+00  0.1036220091E+01  0.0000000000E+00
L0     8000  0.1260000000E+03  -.3513590375E+06  0.9306648776E+05
L1 0.3006723159E+03  0.3006723159E+03  -.4444255253E+12  0.1000000000E+01
L2 0.1000000000E+01  0.1238984474E+03  0.9765688703E+02  0.1227661312E+03
L3 0.1485404778E+07  -.6784771358E+02  0.2568705004E+03  0.7112548622E+01
L4 0.6537844514E+02  0.1265721949E+05  0.1249337052E+05  0.1239617652E+05
L5 0.3754676654E+05  0.1338255112E+05  0.9747275075E+04  0.1232013923E+05
L6 0.3544996542E+05  -.4444255253E+06  0.4445733011E+05  -.5912741773E+06
L7 0.0000000000E+00  0.4889620770E+04  0.1320420711E+05  0.2027312308E+05
L8 0.5752018046E+04  0.5827235286E+05  0.0000000000E+00  0.0000000000E+00
L9 0.0000000000E+00  0.0000000000E+00  0.0000000000E+00  0.1035332267E+01  0.0000000000E+00
L0     9000  0.1280000000E+03  -.3526643161E+06  0.9270656574E+05
L1 0.2995095065E+03  0.2995095065E+03  -.4453708818E+12  0.1000000000E+01
L2 0.1000000000E+01  0.1238853445E+03  0.9764655931E+02  0.1227531481E+03
L3 0.1484946306E+07  -.1728299726E+03  0.1214780296E+03  -.4119567825E+02
L4 -.3084920709E+02  0.1239176856E+05  0.1241661488E+05  0.1252921539E+05
L5 0.3733759883E+05  0.1423885148E+05  0.1111834473E+05  0.1296948529E+05
L6 0.3832668150E+05  -.4453708818E+06  0.4446654100E+05  -.5920771430E+06
L7 0.0000000000E+00  0.4716677770E+04  0.1302799664E+05  0.2031389924E+05
L8 0.5799407052E+04  0.5838173950E+05  0.0000000000E+00  0.0000000000E+00
L9 0.0000000000E+00  0.0000000000E+00  0.0000000000E+00  0.1035651922E+01  0.0000000000E+00
L0    10000  0.1300000000E+03  -.3527602627E+06  0.9244347818E+05
L1 0.2986595427E+03  0.2986595427E+03  -.4452037408E+12  0.1000000000E+01
L2 0.1000000000E+01  0.1239041928E+03  0.9766141558E+02  0.1227718241E+03
L3 0.1485612341E+07  -.3629075848E+02  -.2270266948E+02  0.2345231929E+03
L4 0.5850992166E+02  0.1244338936E+05  0.1244707401E+05  0.1250356675E+05
L5 0.3739403013E+05  0.1283141294E+05  0.1268981270E+05  0.9996026712E+04
L6 0.3551725236E+05  -.4452037408E+06  0.4443561319E+05  -.5918156919E+06
L7 0.0000000000E+00  0.4737314592E+04  0.1304090947E+05  0.2031968095E+05
L8 0.5826210014E+04  0.5825222288E+05  0.0000000000E+00  0.0000000000E+00
L9 0.0000000000E+00  0.0000000000E+00  0.0000000000E+00  0.1035187615E+01  0.0000000000E+00
L0    11000  0.1320000000E+03  -.3517925398E+06  0.9245955656E+05
L1 0.2987114876E+03  0.2987114876E+03  -.4442520964E+12  0.1000000000E+01
L2 0.1000000000E+01  0.1238919431E+03  0.9765176029E+02  0.1227596863E+03
L3 0.1485157446E+07  0.2588806353E+03  0.1782821692E+03  0.6252032901E+02
L4 0.1665610445E+03  0.1235662906E+05  0.1236910184E+05  0.1234526966E+05
L5 0.3707100056E+05  0.9589504921E+04  0.1046347883E+05  0.1167700218E+05
L6 0.3172998593E+05  -.4442520964E+06  0.4445227381E+05  -.5909757514E+06
L7 0.0000000000E+00  0.4818589730E+04  0.1303156156E+05  0.2035703388E+05
L8 0.5804820574E+04  0.5825937553E+05  0.0000000000E+00  0.0000000000E+00
L9 0.0000000000E+00  0.0000000000E+00  0.0000000000E+00  0.1035504687E+01  0.0000000000E+00
L0    12000  0.1340000000E+03  -.3520337970E+06  0.9280314240E+05
L1 0.2998215192E+03  0.2998215192E+03  -.4448369394E+12  0.1000000000E+01
L2 0.1000000000E+01  0.1238305478E+03  0.9760336848E+02  0.1226988521E+03
L3 0.1482967323E+07  0.1514011597E+03  0.9685803275E+01  -.4046642324E+02
L4 0.4020684657E+02  0.1249221200E+05  0.1253050253E+05  0.1248025777E+05
L5 0.3750297231E+05  0.1087630128E+05  0.1242712556E+05  0.1291215755E+05
L6 0.3621558439E+05  -.4448369394E+06  0.4366304974E+05  -.5904684815E+06
L7 0.0000000000E+00  0.4789285467E+04  0.1305064005E+05  0.2024117874E+05
L8 0.5713852400E+04  0.5817353564E+05  0.0000000000E+00  0.0000000000E+00
L9 0.0000000000E+00  0.0000000000E+00  0.0000000000E+00  0.1037033974E+01  0.0000000000E+00
L0    13000  0.1360000000E+03  -.3515319147E+06  0.9322138900E+05
L1 0.3011727594E+03  0.3011727594E+03  -.4447533037E+12  0.1000000000E+01
L2 0.1000000000E+01  0.1238306762E+03  0.9760346971E+02  0.1226989794E+03
L3 0.1482971349E+07  0.1673112366E+03  -.1619107050E+02  -.1715049251E+02
L4 0.4465655787E+02  0.1245703267E+05  0.1269034296E+05  0.1263248551E+05
L5 0.3777986115E+05  0.1067130820E+05  0.1286315139E+05  0.1281553391E+05
L6 0.3634999350E+05  -.4447533037E+06  0.4419219513E+05  -.5911212097E+06
L7 0.0000000000E+00  0.4724000445E+04  0.1315245127E+05  0.2029021741E+05
L8 0.5808775610E+04  0.5820026619E+05  0.0000000000E+00  0.0000000000E+00
L9 0.0000000000E+00  0.0000000000E+00  0.0000000000E+00  0.1037031159E+01  0.0000000000E+00
L0    14000  0.1380000000E+03  -.3515822264E+06  0.9261416256E+05
L1 0.2992109772E+03  0.2992109772E+03  -.4441963889E+12  0.1000000000E+01
L2 0.1000000000E+01  0.1238817882E+03  0.9764375625E+02  0.1227496243E+03
L3 0.1484807002E+07  0.6556567115E+02  -.5578418759E+02  0.1564846747E+03
L4 0.5542205274E+02  0.1253509932E+05  0.1246439187E+05  0.1230685883E+05
L5 0.3730635002E+05  0.1183444614E+05  0.1306051737E+05  0.1063461964E+05
L6 0.3552958315E+05  -.4441963889E+06  0.4384486519E+05  -.5903841858E+06
L7 0.0000000000E+00  0.4849333198E+04  0.1304228166E+05  0.2034749095E+05
L8 0.5818728879E+04  0.5828509695E+05  0.0000000000E+00  0.0000000000E+00
L9 0.0000000000E+00  0.0000000000E+00  0.0000000000E+00  0.1035749087E+01  0.0000000000E+00
L0    15000  0.1400000000E+03  -.3521505324E+06  0.9241408893E+05
L1 0.2985645941E+03  0.2985645941E+03  -.4445646213E+12  0.1000000000E+01
L2 0.1000000000E+01  0.1238506954E+03  0.9761924884E+02  0.1227188156E+03
L3 0.1483703157E+07  0.5930228774E+00  -.1008568154E+03  -.4811182880E+02
L4 -.4945854044E+02  0.1240952412E+05  0.1246600675E+05  0.1236733406E+05
L5 0.3724286494E+05  0.1240319162E+05  0.1354298976E+05  0.1288108836E+05
L6 0.3882726974E+05  -.4445646213E+06  0.4423584073E+05  -.5907768067E+06
L7 0.0000000000E+00  0.4744861971E+04  0.1302279227E+05  0.2027718288E+05
L8 0.5786276882E+04  0.5814523065E+05  0.0000000000E+00  0.0000000000E+00
L9 0.0000000000E+00  0.0000000000E+00  0.0000000000E+00  0.1036519663E+01  0.0000000000E+00
L0    16000  0.1420000000E+03  -.3515461759E+06  0.9293716906E+05
L1 0.3002545226E+03  0.3002545226E+03  -.4444833450E+12  0.1000000000E+01
L2 0.1000000000E+01  0.1238551350E+03  0.9762274818E+02  0.1227232147E+03
L3 0.1483864423E+07  -.2288547132E+03  -.1323770025E+03  0.1742849052E+03
L4 -.6231560352E+02  0.1243677224E+05  0.1249454068E+05  0.1245826023E+05
L5 0.3738957315E+05  0.1488082549E+05  0.1390826049E+05  0.1059698509E+05
L6 0.3938607107E+05  -.4444833450E+06  0.4387139665E+05  -.5902905413E+06
L7 0.0000000000E+00  0.4834391524E+04  0.1295433178E+05  0.2026706732E+05
L8 0.5758983434E+04  0.5812102557E+05  0.0000000000E+00  0.0000000000E+00
L9 0.0000000000E+00  0.0000000000E+00  0.0000000000E+00  0.1036407015E+01  0.0000000000E+00
L0    17000  0.1440000000E+03  -.3513516558E+06  0.9338527050E+05
L1 0.3017022156E+03  0.3017022156E+03  -.4447369263E+12  0.1000000000E+01
L2 0.1000000000E+01  0.1238593241E+03  0.9762604999E+02  0.1227273654E+03
L3 0.1483991612E+07  -.1546090637E+03  0.2367557880E+03  0.2607217702E+03
L4 0.1142894982E+03  0.1255166022E+05  0.1247000678E+05  0.1249392729E+05
L5 0.3751559429E+05  0.1420294880E+05  0.9941357299E+04  0.9709311241E+04
L6 0.3385361734E+05  -.4447369263E+06  0.4436871157E+05  -.5913227382E+06
L7 0.0000000000E+00  0.4829435521E+04  0.1309540721E+05  0.2021963067E+05
L8 0.5741074230E+04  0.5833155272E+05  0.0000000000E+00  0.0000000000E+00
L9 0.0000000000E+00  0.0000000000E+00  0.0000000000E+00  0.1036318187E+01  0.0000000000E+00
L0    18000  0.1460000000E+03  -.3522281090E+06  0.9283518126E+05
L1 0.2999250280E+03  0.2999250280E+03  -.4450632903E+12  0.1000000000E+01
L2 0.1000000000E+01  0.1238461929E+03  0.9761569999E+02  0.1227143543E+03
L3 0.1483532641E+07  0.1410914166E+03  0.1034373726E+03  -.1955349451E+03
L4 0.1633128135E+02  0.1241844150E+05  0.1255325247E+05  0.1251468132E+05
L5 0.3748637529E+05  0.1091199303E+05  0.1144884034E+05  0.1460242929E+05
L6 0.3696326266E+05  -.4450632903E+06  0.4427671314E+05  -.5912623085E+06
L7 0.0000000000E+00  0.4730032617E+04  0.1290983113E+05  0.2029908975E+05
L8 0.5790439850E+04  0.5819291175E+05  0.0000000000E+00  0.0000000000E+00
L9 0.0000000000E+00  0.0000000000E+00  0.0000000000E+00  0.1036638800E+01  0.0000000000E+00
L0    19000  0.1480000000E+03  -.3519677785E+06  0.9282209500E+05
L1 0.2998827499E+03  0.2998827499E+03  -.4447898735E+12  0.1000000000E+01
L2 0.1000000000E+01  0.1238793600E+03  0.9764184229E+02  0.1227472182E+03
L3 0.1484733335E+07  -.1115186224E+03  0.1500605261E+02  -.4630329285E+02
L4 -.4760528756E+02  0.1249613431E+05  0.1244619346E+05  0.1234277630E+05
L5 0.3728510408E+05  0.1368779452E+05  0.1228584252E+05  0.1283756175E+05
L6 0.3881119879E+05  -.4447898735E+06  0.4457466201E+05  -.5914407806E+06
L7 0.0000000000E+00  0.4823348331E+04  0.1306751674E+05  0.2023907662E+05
L8 0.5759374417E+04  0.5818692898E+05  0.0000000000E+00  0.0000000000E+00
L9 0.0000000000E+00  0.0000000000E+00  0.0000000000E+00  0.1035800477E+01  0.0000000000E+00
L0    20000  0.1500000000E+03  -.3515419933E+06  0.9334007606E+05
L1 0.3015562047E+03  0.3015562047E+03  -.4448820693E+12  0.1000000000E+01
L2 0.1000000000E+01  0.1238746851E+03  0.9763815755E+02  0.1227425861E+03
L3 0.1484553478E+07  -.1846564631E+03  -.4082834951E+02  0.3494147191E+03
L4 0.4130996883E+02  0.1251556109E+05  0.1247530231E+05  0.1252671219E+05
L5 0.3751757558E+05  0.1448851500E+05  0.1291153103E+05  0.8793405894E+04
L6 0.3619345192E+05  -.4448820693E+06  0.4446396096E+05  -.5914477530E+06
L7 0.0000000000E+00  0.4723542509E+04  0.1309881919E+05  0.2028651978E+05
L8 0.5787123648E+04  0.5820571755E+05  0.0000000000E+00  0.0000000000E+00
L9 0.0000000000E+00  0.0000000000E+00  0.0000000000E+00  0.1035925967E+01  0.0000000000E+00
L0    21000  0.1520000000E+03  -.3520666564E+06  0.9297132627E+05
L1 0.3003648753E+03  0.3003648753E+03  -.4450379827E+12  0.1000000000E+01
L2 0.1000000000E+01  0.1238524867E+03  0.9762066078E+02  0.1227205906E+03
L3 0.1483761178E+07  -.7232275118E+02  -.7624386373E+02  0.1443313948E+03
L4 -.1411740048E+01  0.1262476029E+05  0.1259660317E+05  0.1254174644E+05
L5 0.3776310991E+05  0.1339707716E+05  0.1341079264E+05  0.1100046697E+05
L6 0.3780833678E+05  -.4450379827E+06  0.4427449930E+05  -.5912997196E+06
L7 0.0000000000E+00  0.4722920541E+04  0.1301781415E+05  0.2033705493E+05
L8 0.5750229036E+04  0.5815921895E+05  0.0000000000E+00  0.0000000000E+00
L9 0.0000000000E+00  0.0000000000E+00  0.0000000000E+00  0.1036479131E+01  0.0000000000E+00
L0    22000  0.1540000000E+03  -.3521032832E+06  0.9297045151E+05
L1 0.3003620491E+03  0.3003620491E+03  -.4450737347E+12  0.1000000000E+01
L2 0.1000000000E+01  0.1238451618E+03  0.9761488728E+02  0.1227133326E+03
L3 0.1483500766E+07  -.8787740302E+02  -.1572578176E+02  0.3520220126E+02
L4 -.2280032784E+02  0.1235788279E+05  0.1254576922E+05  0.1262307553E+05
L5 0.3752672755E+05  0.1329613927E+05  0.1271367150E+05  0.1224722586E+05
L6 0.3825703663E+05  -.4450737347E+06  0.4404187731E+05  -.5912968517E+06
L7 0.0000000000E+00  0.4771340013E+04  0.1308693560E+05  0.2032518230E+05
L8 0.5781662412E+04  0.5821611934E+05  0.0000000000E+00  0.0000000000E+00
L9 0.0000000000E+00  0.0000000000E+00  0.0000000000E+00  0.1036661074E+01  0.0000000000E+00
L0    23000  0.1560000000E+03  -.3521713764E+06  0.9290736631E+05
L1 0.3001582382E+03  0.3001582382E+03  -.4450787427E+12  0.1000000000E+01
L2 0.1000000000E+01  0.1238086570E+03  0.9758611416E+02  0.1226771614E+03
L3 0.1482177678E+07  0.1778327062E+03  -.2136100866E+02  0.3918707347E+02
L4 0.6521959034E+02  0.1249951344E+05  0.1231546567E+05  0.1246807692E+05
L5 0.3728305603E+05  0.1060250839E+05  0.1254333118E+05  0.1205005440E+05
L6 0.3519589398E+05  -.4450787427E+06  0.4441598127E+05  -.5916193768E+06
L7 0.0000000000E+00  0.4883640291E+04  0.1294718991E+05  0.2027512519E+05
L8 0.5780920820E+04  0.5823777657E+05  0.0000000000E+00  0.0000000000E+00
L9 0.0000000000E+00  0.0000000000E+00  0.0000000000E+00  0.1037586464E+01  0.0000000000E+00
L0    24000  0.1580000000E+03  -.3520885131E+06  0.9286299143E+05
L1 0.3000148751E+03  0.3000148751E+03  -.4449515045E+12  0.1000000000E+01
L2 0.1000000000E+01  0.1238482572E+03  0.9761732707E+02  0.1227163997E+03
L3 0.1483604404E+07  -.5817088632E+02  0.2308115236E+03  -.6873526099E+02
L4 0.3463512544E+02  0.1254989515E+05  0.1245760087E+05  0.1255433655E+05
L5 0.3756183257E+05  0.1317102210E+05  0.9993081811E+04  0.1328826594E+05
L6 0.3645236985E+05  -.4449515045E+06  0.4439919987E+05  -.5911615232E+06
L7 0.0000000000E+00  0.4831313906E+04  0.1284895253E+05  0.2023432904E+05
L8 0.5776713721E+04  0.5811950966E+05  0.0000000000E+00  0.0000000000E+00
L9 0.0000000000E+00  0.0000000000E+00  0.0000000000E+00  0.1036588657E+01  0.0000000000E+00
L0    25000  0.1600000000E+03  -.3524297570E+06  0.9281962635E+05
L1 0.2998747744E+03  0.2998747744E+03  -.4452493834E+12  0.1000000000E+01
L2 0.1000000000E+01  0.1238263031E+03  0.9760002283E+02  0.1226946463E+03
L3 0.1482828022E+07  -.3024635048E+03  -.6042726415E+02  0.1842624756E+03
L4 -.5954276444E+02  0.1244529808E+05  0.1245413611E+05  0.1246055141E+05
L5 0.3735998559E+05  0.1567320011E+05  0.1309901817E+05  0.1049409526E+05
L6 0.3926631353E+05  -.4452493834E+06  0.4453181164E+05  -.5917498788E+06
L7 0.0000000000E+00  0.4665184490E+04  0.1305302776E+05  0.2028491372E+05
L8 0.5759525854E+04  0.5820603195E+05  0.0000000000E+00  0.0000000000E+00
L9 0.0000000000E+00  0.0000000000E+00  0.0000000000E+00  0.1037131396E+01  0.0000000000E+00
L0    26000  0.1620000000E+03  -.3520251251E+06  0.9269477228E+05
L1 0.2994714051E+03  0.2994714051E+03  -.4447198973E+12  0.1000000000E+01
L2 0.1000000000E+01  0.1238493293E+03  0.9761817208E+02  0.1227174620E+03
L3 0.1483645119E+07  0.1376818408E+03  -.3411453503E+02  -.4924299516E+02
L4 0.1810810354E+02  0.1251338560E+05  0.1248692623E+05  0.1242127865E+05
L5 0.3742159048E+05  0.1104323009E+05  0.1285119847E+05  0.1294709135E+05
L6 0.3684151991E+05  -.4447198973E+06  0.4418090934E+05  -.5909863972E+06
L7 0.0000000000E+00  0.4701971421E+04  0.1324289340E+05  0.2017501176E+05
L8 0.5768540409E+04  0.5819717356E+05  0.0000000000E+00  0.0000000000E+00
L9 0.0000000000E+00  0.0000000000E+00  0.0000000000E+00  0.1036560210E+01  0.0000000000E+00
L0    27000  0.1640000000E+03  -.3516477651E+06  0.9295614256E+05
L1 0.3003158208E+03  0.3003158208E+03  -.4446039076E+12  0.1000000000E+01
L2 0.1000000000E+01  0.1238635331E+03  0.9762936750E+02  0.1227315359E+03
L3 0.1484166034E+07  -.2907174628E+03  0.1217415429E+03  -.1232139823E+02
L4 -.6043243940E+02  0.1263328645E+05  0.1256855290E+05  0.1268378967E+05
L5 0.3788562902E+05  0.1573863382E+05  0.1126815017E+05  0.1281540275E+05
L6 0.3982218675E+05  -.4446039076E+06  0.4415099516E+05  -.5907831881E+06
L7 0.0000000000E+00  0.4763848468E+04  0.1307530983E+05  0.2026268372E+05
L8 0.5793605715E+04  0.5813283760E+05  0.0000000000E+00  0.0000000000E+00
L9 0.0000000000E+00  0.0000000000E+00  0.0000000000E+00  0.1036196396E+01  0.0000000000E+00
L0    28000  0.1660000000E+03  -.3519967261E+06  0.9248555533E+05
L1 0.2987954825E+03  0.2987954825E+03  -.4444822814E+12  0.1000000000E+01
L2 0.1000000000E+01  0.1238805851E+03  0.9764280797E+02  0.1227484322E+03
L3 0.1484765807E+07  0.1500627812E+03  0.5495821937E+02  -.8551821061E+02
L4 0.3983426331E+02  0.1246286664E+05  0.1245219447E+05  0.1252930352E+05
L5 0.3744436463E+05  0.1085929810E+05  0.1186491179E+05  0.1344314979E+05
L6 0.3616735968E+05  -.4444822814E+06  0.4394785234E+05  -.5905641456E+06
L7 0.0000000000E+00  0.4721012856E+04  0.1307927100E+05  0.2027709754E+05
L8 0.5790647706E+04  0.5826598277E+05  0.0000000000E+00  0.0000000000E+00
L9 0.0000000000E+00  0.0000000000E+00  0.0000000000E+00  0.1035777824E+01  0.0000000000E+00
L0    29000  0.1680000000E+03  -.3519213558E+06  0.9302623788E+05
L1 0.3005422796E+03  0.3005422796E+03  -.4449475937E+12  0.1000000000E+01
L2 0.1000000000E+01  0.1238687892E+03  0.9763351038E+02  0.1227367440E+03
L3 0.1484338119E+07  0.1093277178E+03  0.1593302171E+03  -.6785342007E+02
L4 0.6693483827E+02  0.1244840494E+05  0.1249024629E+05  0.1262296401E+05
L5 0.3756161525E+05  0.1128046717E+05  0.1078813651E+05  0.1334783574E+05
L6 0.3541643942E+05  -.4449475937E+06  0.4479011002E+05  -.5915922994E+06
L7 0.0000000000E+00  0.4739474370E+04  0.1307986122E+05  0.2017477755E+05
L8 0.5747831560E+04  0.5811265100E+05  0.0000000000E+00  0.0000000000E+00
L9 0.0000000000E+00  0.0000000000E+00  0.0000000000E+00  0.1036076266E+01  0.0000000000E+00
L0    30000  0.1700000000E+03  -.3514102561E+06  0.9280824513E+05
L1 0.2998380048E+03  0.2998380048E+03  -.4442185012E+12  0.1000000000E+01
L2 0.1000000000E+01  0.1239023079E+03  0.9765992985E+02  0.1227699564E+03
L3 0.1485539984E+07  0.4701137557E+02  0.2286943018E+02  0.2087940996E+03
L4 0.9289163512E+02  0.1249381761E+05  0.1244823050E+05  0.1245683200E+05
L5 0.3739888010E+05  0.1199119284E+05  0.1220372070E+05  0.1022449813E+05
L6 0.3441941167E+05  -.4442185012E+06  0.4430864984E+05  -.5907527211E+06
L7 0.0000000000E+00  0.4797312217E+04  0.1321126937E+05  0.2032025896E+05
L8 0.5766753252E+04  0.5812997616E+05  0.0000000000E+00  0.0000000000E+00
L9 0.0000000000E+00  0.0000000000E+00  0.0000000000E+00  0.1035238037E+01  0.0000000000E+00
L0    31000  0.1720000000E+03  -.3520037819E+06  0.9291559214E+05
L1 0.3001848135E+03  0.3001848135E+03  -.4449193740E+12  0.1000000000E+01
L2 0.1000000000E+01  0.1238257867E+03  0.9759961576E+02  0.1226941345E+03
L3 0.1482807233E+07  -.1793374201E+03  -.1230441613E+03  0.1744527850E+03
L4 -.4264293211E+02  0.1253130731E+05  0.1253313169E+05  0.1244721724E+05
L5 0.3751165624E+05  0.1444517625E+05  0.1384624525E+05  0.1058547658E+05
L6 0.3887689808E+05  -.4449193740E+06  0.4376288695E+05  -.5905938530E+06
L7 0.0000000000E+00  0.4769203300E+04  0.1305838535E+05  0.2021479897E+05
L8 0.5770645892E+04  0.5809855854E+05  0.0000000000E+00  0.0000000000E+00
L9 0.0000000000E+00  0.0000000000E+00  0.0000000000E+00  0.1037145937E+01  0.0000000000E+00
L0    32000  0.1740000000E+03  -.3519469006E+06  0.9304826669E+05
L1 0.3006134487E+03  0.3006134487E+03  -.4449951673E+12  0.1000000000E+01
L2 0.1000000000E+01  0.1238432117E+03  0.9761335019E+02  0.1227114003E+03
L3 0.1483430856E+07  -.2511532188E+03  0.1931282763E-01  0.1789093177E+03
L4 -.2407486278E+02  0.1244693539E+05  0.1252285668E+05  0.1246424601E+05
L5 0.3743403809E+05  0.1512834176E+05  0.1252265049E+05  0.1055414274E+05
L6 0.3820513500E+05  -.4449951673E+06  0.4424536670E+05  -.5912940129E+06
L7 0.0000000000E+00  0.4702521682E+04  0.1300725043E+05  0.2021107676E+05
L8 0.5816662097E+04  0.5831596796E+05  0.0000000000E+00  0.0000000000E+00
L9 0.0000000000E+00  0.0000000000E+00  0.0000000000E+00  0.1036709929E+01  0.0000000000E+00
L0    33000  0.1760000000E+03  -.3521370349E+06  0.9289734804E+05
L1 0.3001258719E+03  0.3001258719E+03  -.4450343830E+12  0.1000000000E+01
L2 0.1000000000E+01  0.1238787226E+03  0.9764133990E+02  0.1227465867E+03
L3 0.1484716249E+07  -.3312080444E+02  -.8144690421E+02  -.1603269697E+03
L4 -.9163155946E+02  0.1239628543E+05  0.1248459419E+05  0.1256638703E+05
L5 0.3744726665E+05  0.1275020202E+05  0.1335490550E+05  0.1427958135E+05
L6 0.4038468886E+05  -.4450343830E+06  0.4425327548E+05  -.5913310183E+06
L7 0.0000000000E+00  0.4732889702E+04  0.1303180137E+05  0.2023969798E+05
L8 0.5847512115E+04  0.5819145861E+05  0.0000000000E+00  0.0000000000E+00
L9 0.0000000000E+00  0.0000000000E+00  0.0000000000E+00  0.1035812397E+01  0.0000000000E+00
L0    34000  0.1780000000E+03  -.3524298873E+06  0.9274504787E+05
L1 0.2996338318E+03  0.2996338318E+03  -.4451749352E+12  0.1000000000E+01
L2 0.1000000000E+01  0.1238786606E+03  0.9764129108E+02  0.1227465253E+03
L3 0.1484719241E+07  -.7594143000E+02  -.1695381085E+03  -.1476417810E+03
L4 -.1310404398E+03  0.1248696886E+05  0.1248181385E+05  0.1247750900E+05
L5 0.3744629171E+05  0.1329845235E+05  0.1429343863E+05  0.1405515729E+05
L6 0.4164704826E+05  -.4451749352E+06  0.4405438691E+05  -.5912135470E+06
L7 0.0000000000E+00  0.4650752109E+04  0.1299053997E+05  0.2019707218E+05
L8 0.5825969486E+04  0.5831989117E+05  0.0000000000E+00  0.0000000000E+00
L9 0.0000000000E+00  0.0000000000E+00  0.0000000000E+00  0.1035810310E+01  0.0000000000E+00
L0    35000  0.1800000000E+03  -.3518688034E+06  0.9279149930E+05
L1 0.2997839036E+03  0.2997839036E+03  -.4446603027E+12  0.1000000000E+01
L2 0.1000000000E+01  0.1238769411E+03  0.9763993576E+02  0.1227448215E+03
L3 0.1484644880E+07  0.3456432361E+02  0.3402946268E+02  -.1777512706E+03
L4 -.3638582812E+02  0.1252826029E+05  0.1240606704E+05  0.1250638573E+05
L5 0.3744071306E+05  0.1215893655E+05  0.1204245834E+05  0.1440567835E+05
L6 0.3860707324E+05  -.4446603027E+06  0.4408254226E+05  -.5909340874E+06
L7 0.0000000000E+00  0.4815801564E+04  0.1308957615E+05  0.2031763963E+05
L8 0.5820415941E+04  0.5814780911E+05  0.0000000000E+00  0.0000000000E+00
L9 0.0000000000E+00  0.0000000000E+00  0.0000000000E+00  0.1035862190E+01  0.0000000000E+00
L0    36000  0.1820000000E+03  -.3522939782E+06  0.9273987087E+05
L1 0.2996171063E+03  0.2996171063E+03  -.4450338491E+12  0.1000000000E+01
L2 0.1000000000E+01  0.1238518837E+03  0.9762018543E+02  0.1227199930E+03
L3 0.1483744018E+07  -.2094952535E+03  0.2473474593E+03  -.1444174626E+03
L4 -.3552175225E+02  0.1245713323E+05  0.1241422340E+05  0.1243597704E+05
L5 0.3730733366E+05  0.1469425564E+05  0.9772891265E+04  0.1397815776E+05
L6 0.3844530467E+05  -.4450338491E+06  0.4402856462E+05  -.5912030324E+06
L7 0.0000000000E+00  0.4844676213E+04  0.1306100474E+05  0.2022867009E+05
L8 0.5786446240E+04  0.5821982137E+05  0.0000000000E+00  0.0000000000E+00
L9 0.0000000000E+00  0.0000000000E+00  0.0000000000E+00  0.1036491118E+01  0.0000000000E+00
L0    37000  0.1840000000E+03  -.3517229897E+06  0.9327140119E+05
L1 0.3013343351E+03  0.3013343351E+03  -.4449943909E+12  0.1000000000E+01
L2 0.1000000000E+01  0.1238700112E+03  0.9763447358E+02  0.1227379549E+03
L3 0.1484403960E+07  -.1103053931E+03  0.3011757012E+02  -.2154120107E+03
L4 -.9853327789E+02  0.1262316980E+05  0.1245197306E+05  0.1255841853E+05
L5 0.3763356139E+05  0.1380160425E+05  0.1213021561E+05  0.1485974694E+05
L6 0.4079156680E+05  -.4449943909E+06  0.4425513221E+05  -.5912158432E+06
L7 0.0000000000E+00  0.4824166777E+04  0.1305060887E+05  0.2016298088E+05
L8 0.5811343464E+04  0.5811722014E+05  0.0000000000E+00  0.0000000000E+00
L9 0.0000000000E+00  0.0000000000E+00  0.0000000000E+00  0.1036030311E+01  0.0000000000E+00
L0    38000  0.1860000000E+03  -.3519098499E+06  0.9310437064E+05
L1 0.3007947051E+03  0.3007947051E+03  -.4450142206E+12  0.1000000000E+01
L2 0.1000000000E+01  0.1238728676E+03  0.9763672497E+02  0.1227407851E+03
L3 0.1484501090E+07  -.1111577602E+03  -.2765148798E+02  -.3081599605E+02
L4 -.5654174809E+02  0.1245822672E+05  0.1260462820E+05  0.1252489970E+05
L5 0.3758775461E+05  0.1364584504E+05  0.1290005889E+05  0.1285414024E+05
L6 0.3940004417E+05  -.4450142206E+06  0.4428042864E+05  -.5915434934E+06
L7 0.0000000000E+00  0.4810554343E+04  0.1306209046E+05  0.2026883364E+05
L8 0.5825091146E+04  0.5828227464E+05  0.0000000000E+00  0.0000000000E+00
L9 0.0000000000E+00  0.0000000000E+00  0.0000000000E+00  0.1035962524E+01  0.0000000000E+00
L0    39000  0.1880000000E+03  -.3517536480E+06  0.9274205319E+05
L1 0.2996241568E+03  0.2996241568E+03  -.4444957012E+12  0.1000000000E+01
L2 0.1000000000E+01  0.1238547028E+03  0.9762240745E+02  0.1227227863E+03
L3 0.1483832507E+07  0.1940416533E+03  0.5081909711E+02  -.6058680340E+02
L4 0.6142464900E+02  0.1240719922E+05  0.1252942293E+05  0.1242444913E+05
L5 0.3736107128E+05  0.1033497651E+05  0.1198671220E+05  0.1307147181E+05
L6 0.3539316052E+05  -.4444957012E+06  0.4427569940E+05  -.5909017309E+06
L7 0.0000000000E+00  0.4810439826E+04  0.1317435354E+05  0.2031880737E+05
L8 0.5711061111E+04  0.5811566847E+05  0.0000000000E+00  0.0000000000E+00
L9 0.0000000000E+00  0.0000000000E+00  0.0000000000E+00  0.1036429307E+01  0.0000000000E+00
L0    40000  0.1900000000E+03  -.3519690238E+06  0.9297916575E+05
L1 0.3003902024E+03  0.3003902024E+03  -.4449481896E+12  0.1000000000E+01
L2 0.1000000000E+01  0.1238692426E+03  0.9763386774E+02  0.1227371933E+03
L3 0.1484338981E+07  0.1002792023E+03  0.3479504259E+03  0.1023637305E+03
L4 0.1835311196E+03  0.1243021302E+05  0.1242017236E+05  0.1247380451E+05
L5 0.3732418990E+05  0.1135893908E+05  0.8703048396E+04  0.1138026173E+05
L6 0.3144224920E+05  -.4449481896E+06  0.4414183760E+05  -.5912780799E+06
L7 0.0000000000E+00  0.4721004787E+04  0.1307658379E+05  0.2033354177E+05
L8 0.5772619909E+04  0.5828430250E+05  0.0000000000E+00  0.0000000000E+00
L9 0.0000000000E+00  0.0000000000E+00  0.0000000000E+00  0.1036075665E+01  0.0000000000E+00
L0    41000  0.1920000000E+03  -.3522389809E+06  0.9273328160E+05
L1 0.2995958182E+03  0.2995958182E+03  -.4449722625E+12  0.1000000000E+01
L2 0.1000000000E+01  0.1238499631E+03  0.9761867165E+02  0.1227180900E+03
L3 0.1483656034E+07  0.2177278203E+03  0.8579899092E+02  0.1970981037E+02
L4 0.1077455405E+03  0.1252902130E+05  0.1252779069E+05  0.1245432360E+05
L5 0.3751113559E+05  0.1020412422E+05  0.1161162929E+05  0.1224386230E+05
L6 0.3405961581E+05  -.4449722625E+06  0.4436260576E+05  -.5915216990E+06
L7 0.0000000000E+00  0.4809619167E+04  0.1299456593E+05  0.2033067804E+05
L8 0.5769367458E+04  0.5828260015E+05  0.0000000000E+00  0.0000000000E+00
L9 0.0000000000E+00  0.0000000000E+00  0.0000000000E+00  0.1036552584E+01  0.0000000000E+00
L0    42000  0.1940000000E+03  -.3520592450E+06  0.9298012465E+05
L1 0.3003933004E+03  0.3003933004E+03  -.4450393697E+12  0.1000000000E+01
L2 0.1000000000E+01  0.1238715652E+03  0.9763569844E+02  0.1227394947E+03
L3 0.1484427289E+07  0.1452216718E+03  0.9887698517E+02  0.1975094091E+03
L4 0.1472026887E+03  0.1258905809E+05  0.1242875368E+05  0.1249862431E+05
L5 0.3751643608E+05  0.1103757537E+05  0.1137239665E+05  0.1038852304E+05
L6 0.3279849506E+05  -.4450393697E+06  0.4463610895E+05  -.5917453950E+06
L7 0.0000000000E+00  0.4776227367E+04  0.1297487392E+05  0.2028797722E+05
L8 0.5772346325E+04  0.5825849152E+05  0.0000000000E+00  0.0000000000E+00
L9 0.0000000000E+00  0.0000000000E+00  0.0000000000E+00  0.1036014029E+01  0.0000000000E+00
L0    43000  0.1960000000E+03  -.3518948653E+06  0.9298053875E+05
L1 0.3003946383E+03  0.3003946383E+03  -.4448754040E+12  0.1000000000E+01
L2 0.1000000000E+01  0.1238652807E+03  0.9763074499E+02  0.1227332676E+03
L3 0.1484229096E+07  -.9278352903E+01  -.8632543393E+02  -.9109982544E+02
L4 -.6223453742E+02  0.1240582775E+05  0.1239079852E+05  0.1250900126E+05
L5 0.3730562754E+05  0.1250494025E+05  0.1331293731E+05  0.1348214068E+05
L6 0.3930001824E+05  -.4448754040E+06  0.4408114114E+05  -.5912138049E+06
L7 0.0000000000E+00  0.4828795301E+04  0.1296635720E+05  0.2031083014E+05
L8 0.5838827058E+04  0.5831245003E+05  0.0000000000E+00  0.0000000000E+00
L9 0.0000000000E+00  0.0000000000E+00  0.0000000000E+00  0.1036152371E+01  0.0000000000E+00
L0    44000  0.1980000000E+03  -.3521504384E+06  0.9282972642E+05
L1 0.2999074049E+03  0.2999074049E+03  -.4449801648E+12  0.1000000000E+01
L2 0.1000000000E+01  0.1238663784E+03  0.9763161018E+02  0.1227343553E+03
L3 0.1484264088E+07  0.5612654553E+02  0.3862504298E+02  -.1802267147E+03
L4 -.2849170871E+02  0.1248395067E+05  0.1249496797E+05  0.1235379764E+05
L5 0.3733271628E+05  0.1188438594E+05  0.1208236083E+05  0.1427904673E+05
L6 0.3824579350E+05  -.4449801648E+06  0.4406800254E+05  -.5913710853E+06
L7 0.0000000000E+00  0.4830878610E+04  0.1310787522E+05  0.2025791962E+05
L8 0.5768074547E+04  0.5835816992E+05  0.0000000000E+00  0.0000000000E+00
L9 0.0000000000E+00  0.0000000000E+00  0.0000000000E+00  0.1036127943E+01  0.0000000000E+00
L0    45000  0.2000000000E+03  -.3525127967E+06  0.9269690911E+05
L1 0.2994783086E+03  0.2994783086E+03  -.4452097059E+12  0.1000000000E+01
L2 0.1000000000E+01  0.1238569005E+03  0.9762413974E+02  0.1227249640E+03
L3 0.1483935892E+07  -.1017740732E+03  -.5113844671E+02  -.2156494313E+03
L4 -.1228539837E+03  0.1256538073E+05  0.1241575015E+05  0.1239338570E+05
L5 0.3737451659E+05  0.1365232900E+05  0.1296190935E+05  0.1469652410E+05
L6 0.4131076245E+05  -.4452097059E+06  0.4383518443E+05  -.5911649749E+06
L7 0.0000000000E+00  0.4880753324E+04  0.1297126517E+05  0.2020553056E+05
L8 0.5787170754E+04  0.5827536485E+05  0.0000000000E+00  0.0000000000E+00
L9 0.0000000000E+00  0.0000000000E+00  0.0000000000E+00  0.1036357099E+01  0.0000000000E+00
L0    46000  0.2020000000E+03  -.3521708034E+06  0.9236245705E+05
L1 0.2983977856E+03  0.2983977856E+03  -.4445332604E+12  0.1000000000E+01
L2 0.1000000000E+01  0.1238778935E+03  0.9764068642E+02  0.1227457652E+03
L3 0.1484681614E+07  -.4893098721E+02  -.1422396424E+02  -.1024543243E+03
L4 -.5520309190E+02  0.1244816771E+05  0.1246035117E+05  0.1233566109E+05
L5 0.3724417997E+05  0.1297101383E+05  0.1261233961E+05  0.1343042432E+05
L6 0.3901377777E+05  -.4445332604E+06  0.4399728772E+05  -.5906451622E+06
L7 0.0000000000E+00  0.4799720291E+04  0.1301630472E+05  0.2024487225E+05
L8 0.5786593757E+04  0.5826712299E+05  0.0000000000E+00  0.0000000000E+00
L9 0.0000000000E+00  0.0000000000E+00  0.0000000000E+00  0.1035836560E+01  0.0000000000E+00
L0    47000  0.2040000000E+03  -.3525800544E+06  0.9278336746E+05
L1 0.2997576319E+03  0.2997576319E+03  -.4453634219E+12  0.1000000000E+01
L2 0.1000000000E+01  0.1238578926E+03  0.9762492169E+02  0.1227259470E+03
L3 0.1483955054E+07  0.9908534212E+02  -.1253048655E+03  0.3153312087E+02
L4 0.1771199159E+01  0.1242069310E+05  0.1248177244E+05  0.1248012706E+05
L5 0.3738259260E+05  0.1136244684E+05  0.1382004712E+05  0.1214334861E+05
L6 0.3732584258E+05  -.4453634219E+06  0.4419018842E+05  -.5916936144E+06
L7 0.0000000000E+00  0.4929504614E+04  0.1296805352E+05  0.2024164194E+05
L8 0.5807538065E+04  0.5819326600E+05  0.0000000000E+00  0.0000000000E+00
L9 0.0000000000E+00  0.0000000000E+00  0.0000000000E+00  0.1036343717E+01  0.0000000000E+00
L0    48000  0.2060000000E+03  -.3518869982E+06  0.9294863474E+05
L1 0.3002915651E+03  0.3002915651E+03  -.4448356329E+12  0.1000000000E+01
L2 0.1000000000E+01  0.1238490952E+03  0.9761798760E+02  0.1227172301E+03
L3 0.1483631225E+07  -.3117608441E+02  -.5871333679E+02  0.2684959577E+03
L4 0.5953551218E+02  0.1252357438E+05  0.1241904174E+05  0.1241708312E+05
L5 0.3735969923E+05  0.1285646696E+05  0.1304597211E+05  0.9550131940E+04
L6 0.3545257100E+05  -.4448356329E+06  0.4438029459E+05  -.5910658537E+06
L7 0.0000000000E+00  0.4757819973E+04  0.1294169486E+05  0.2021940056E+05
L8 0.5741395174E+04  0.5818961558E+05  0.0000000000E+00  0.0000000000E+00
L9 0.0000000000E+00  0.0000000000E+00  0.0000000000E+00  0.1036569918E+01  0.0000000000E+00
L0    49000  0.2080000000E+03  -.3525449255E+06  0.9245851747E+05
L1 0.2987081306E+03  0.2987081306E+03  -.4450034429E+12  0.1000000000E+01
L2 0.1000000000E+01  0.1238291437E+03  0.9760226178E+02  0.1226974609E+03
L3 0.1482919688E+07  -.1481319170E+03  0.3992857255E+02  0.1651087361E+03
L4 0.1896846390E+02  0.1246807271E+05  0.1246662155E+05  0.1230809253E+05
L5 0.3724278679E+05  0.1404903989E+05  0.1204047596E+05  0.1054593689E+05
L6 0.3663545274E+05  -.4450034429E+06  0.4448839088E+05  -.5915784720E+06
L7 0.0000000000E+00  0.4738160926E+04  0.1300141160E+05  0.2026476384E+05
L8 0.5823149321E+04  0.5825915246E+05  0.0000000000E+00  0.0000000000E+00
L9 0.0000000000E+00  0.0000000000E+00  0.0000000000E+00  0.1037067286E+01  0.0000000000E+00
L0    50000  0.2100000000E+03  -.3517557841E+06  0.9320032547E+05
L1 0.3011047089E+03  0.3011047089E+03  -.4449561096E+12  0.1000000000E+01
L2 0.1000000000E+01  0.1238324575E+03  0.9760487373E+02  0.1227007444E+03
L3 0.1483046460E+07  -.3546878853E+02  0.2558790748E+02  -.1081720526E+03
L4 -.3935097788E+02  0.1243201952E+05  0.1259940768E+05  0.1249336660E+05
L5 0.3752479380E+05  0.1281059954E+05  0.1232629233E+05  0.1364795292E+05
L6 0.3878484479E+05  -.4449561096E+06  0.4451642259E+05  -.5915618314E+06
L7 0.0000000000E+00  0.4794501385E+04  0.1293746010E+05  0.2028048086E+05
L8 0.5794444775E+04  0.5828241207E+05  0.0000000000E+00  0.0000000000E+00
L9 0.0000000000E+00  0.0000000000E+00  0.0000000000E+00  0.1036978637E+01  0.0000000000E+00
L0    51000  0.2120000000E+03  -.3515999521E+06  0.9311241582E+05
L1 0.3008206969E+03  0.3008206969E+03  -.4447123679E+12  0.1000000000E+01
L2 0.1000000000E+01  0.1238345875E+03  0.9760655258E+02  0.1227028549E+03
L3 0.1483126791E+07  -.1435798761E+03  -.5478238684E+02  -.5910475013E+01
L4 -.6809091264E+02  0.1250534493E+05  0.1251450973E+05  0.1256115216E+05
L5 0.3758100682E+05  0.1403794357E+05  0.1309926724E+05  0.1262424168E+05
L6 0.3976145249E+05  -.4447123679E+06  0.4386457428E+05  -.5907315869E+06
L7 0.0000000000E+00  0.4705769742E+04  0.1293991052E+05  0.2027264055E+05
L8 0.5817395178E+04  0.5841892874E+05  0.0000000000E+00  0.0000000000E+00
L9 0.0000000000E+00  0.0000000000E+00  0.0000000000E+00  0.1036922471E+01  0.0000000000E+00
L0    52000  0.2140000000E+03  -.3520495808E+06  0.9276622626E+05
L1 0.2997022533E+03  0.2997022533E+03  -.4448158071E+12  0.1000000000E+01
L2 0.1000000000E+01  0.1238350722E+03  0.9760693465E+02  0.1227033352E+03
L3 0.1483126625E+07  -.8201188229E+02  -.8062823212E+02  0.3570586655E+03
L4 0.6480618369E+02  0.1242981041E+05  0.1237728857E+05  0.1257798225E+05
L5 0.3738508123E+05  0.1330522059E+05  0.1323792940E+05  0.8766671243E+04
L6 0.3530982124E+05  -.4448158071E+06  0.4447478409E+05  -.5914617813E+06
L7 0.0000000000E+00  0.4780817478E+04  0.1310421049E+05  0.2019926716E+05
L8 0.5816102514E+04  0.5827079252E+05  0.0000000000E+00  0.0000000000E+00
L9 0.0000000000E+00  0.0000000000E+00  0.0000000000E+00  0.1036922587E+01  0.0000000000E+00
L0    53000  0.2160000000E+03  -.3526587056E+06  0.9229797258E+05
L1 0.2981894540E+03  0.2981894540E+03  -.4449566781E+12  0.1000000000E+01
L2 0.1000000000E+01  0.1238242552E+03  0.9759840863E+02  0.1226926170E+03
L3 0.1482762770E+07  -.2060208634E+03  -.1623673991E+02  -.1450776493E+03
L4 -.1224450842E+03  0.1233366693E+05  0.1246732431E+05  0.1238235030E+05
L5 0.3718334154E+05  0.1453223266E+05  0.1264059579E+05  0.1393055636E+05
L6 0.4110338481E+05  -.4449566781E+06  0.4400658441E+05  -.5910333213E+06
L7 0.0000000000E+00  0.4788289849E+04  0.1307888359E+05  0.2020119492E+05
L8 0.5771509840E+04  0.5823018051E+05  0.0000000000E+00  0.0000000000E+00
L9 0.0000000000E+00  0.0000000000E+00  0.0000000000E+00  0.1037177037E+01  0.0000000000E+00
L0    54000  0.2180000000E+03  -.3522086643E+06  0.9299388134E+05
L1 0.3004377445E+03  0.3004377445E+03  -.4452025456E+12  0.1000000000E+01
L2 0.1000000000E+01  0.1238185506E+03  0.9759391229E+02  0.1226869646E+03
L3 0.1482533769E+07  -.3223527404E+02  0.2004549118E+03  0.1068306068E+02
L4 0.5963423283E+02  0.1247874553E+05  0.1239103405E+05  0.1260477985E+05
L5 0.3747455942E+05  0.1282269333E+05  0.1025219612E+05  0.1249079244E+05
L6 0.3556568190E+05  -.4452025456E+06  0.4432137629E+05  -.5913626426E+06
L7 0.0000000000E+00  0.4828680979E+04  0.1280117922E+05  0.2021836225E+05
L8 0.5768026683E+04  0.5822247157E+05  0.0000000000E+00  0.0000000000E+00
L9 0.0000000000E+00  0.0000000000E+00  0.0000000000E+00  0.1037337246E+01  0.0000000000E+00
L0    55000  0.2200000000E+03  -.3518162354E+06  0.9300547834E+05
L1 0.3004752112E+03  0.3004752112E+03  -.4448217137E+12  0.1000000000E+01
L2 0.1000000000E+01  0.1238279304E+03  0.9760130543E+02  0.1226962586E+03
L3 0.1482877864E+07  0.1037643786E+03  0.1214133291E+03  -.2083322430E+03
L4 0.5615154912E+01  0.1249495298E+05  0.1253301011E+05  0.1237107117E+05
L5 0.3739903426E+05  0.1138753836E+05  0.1123723889E+05  0.1459447553E+05
L6 0.3721925278E+05  -.4448217137E+06  0.4432324049E+05  -.5911928532E+06
L7 0.0000000000E+00  0.4793437583E+04  0.1300839645E+05  0.2019355715E+05
L8 0.5828237907E+04  0.5822426989E+05  0.0000000000E+00  0.0000000000E+00
L9 0.0000000000E+00  0.0000000000E+00  0.0000000000E+00  0.1037096537E+01  0.0000000000E+00
L0    56000  0.2220000000E+03  -.3514356368E+06  0.9301412092E+05
L1 0.3005031330E+03  0.3005031330E+03  -.4444497577E+12  0.1000000000E+01
L2 0.1000000000E+01  0.1238523283E+03  0.9762053586E+02  0.1227204335E+03
L3 0.1483765899E+07  0.2365209481E+03  -.2017780988E+03  -.2750834784E+03
L4 -.8011354302E+02  0.1239799111E+05  0.1249214076E+05  0.1251376437E+05
L5 0.3740389624E+05  0.9872234044E+04  0.1464688630E+05  0.1545132253E+05
L6 0.3997044287E+05  -.4444497577E+06  0.4393720672E+05  -.5905084395E+06
L7 0.0000000000E+00  0.4796968713E+04  0.1306305685E+05  0.2019317494E+05
L8 0.5789562648E+04  0.5827871191E+05  0.0000000000E+00  0.0000000000E+00
L9 0.0000000000E+00  0.0000000000E+00  0.0000000000E+00  0.1036475833E+01  0.0000000000E+00
L0    57000  0.2240000000E+03  -.3522160312E+06  0.9275452040E+05
L1 0.2996644349E+03  0.2996644349E+03  -.4449705516E+12  0.1000000000E+01
L2 0.1000000000E+01  0.1238839513E+03  0.9764546119E+02  0.1227517676E+03
L3 0.1484890907E+07  -.9155321075E+02  0.1307104551E+03  -.1162705049E+02
L4 0.9176731269E+01  0.1248798264E+05  0.1237162315E+05  0.1246839390E+05
L5 0.3732799969E+05  0.1346640125E+05  0.1097473558E+05  0.1259265085E+05
L6 0.3703378768E+05  -.4449705516E+06  0.4424011497E+05  -.5910686613E+06
L7 0.0000000000E+00  0.4810456775E+04  0.1296868916E+05  0.2021788463E+05
L8 0.5810971648E+04  0.5804999246E+05  0.0000000000E+00  0.0000000000E+00
L9 0.0000000000E+00  0.0000000000E+00  0.0000000000E+00  0.1035690561E+01  0.0000000000E+00
L0    58000  0.2260000000E+03  -.3514296811E+06  0.9311642343E+05
L1 0.3008336444E+03  0.3008336444E+03  -.4445461046E+12  0.1000000000E+01
L2 0.1000000000E+01  0.1238323984E+03  0.9760482711E+02  0.1227006858E+03
L3 0.1483038581E+07  -.1868797875E+01  0.7860436739E+02  -.6430562355E+02
L4 0.4143315320E+01  0.1248599766E+05  0.1256381869E+05  0.1248551002E+05
L5 0.3753532637E+05  0.1250594438E+05  0.1172483077E+05  0.1317187953E+05
L6 0.3740265468E+05  -.4445461046E+06  0.4446060388E+05  -.5908910119E+06
L7 0.0000000000E+00  0.4793109963E+04  0.1305716010E+05  0.2014765188E+05
L8 0.5792459570E+04  0.5809392193E+05  0.0000000000E+00  0.0000000000E+00
L9 0.0000000000E+00  0.0000000000E+00  0.0000000000E+00  0.1036984146E+01  0.0000000000E+00
L0    59000  0.2280000000E+03  -.3518093943E+06  0.9290522497E+05
L1 0.3001513201E+03  0.3001513201E+03  -.4447146193E+12  0.1000000000E+01
L2 0.1000000000E+01  0.1238214959E+03  0.9759623381E+02  0.1226898830E+03
L3 0.1482625976E+07  0.4136097957E+02  0.2515738101E+03  0.1943128983E+03
L4 0.1624158960E+03  0.1245094105E+05  0.1249614343E+05  0.1263924988E+05
L5 0.3758633436E+05  0.1200959525E+05  0.9811703984E+04  0.1056581780E+05
L6 0.3238711703E+05  -.4447146193E+06  0.4455305900E+05  -.5914190473E+06
L7 0.0000000000E+00  0.4807735052E+04  0.1320864737E+05  0.2034024575E+05
L8 0.5773270489E+04  0.5802147040E+05  0.0000000000E+00  0.0000000000E+00
L9 0.0000000000E+00  0.0000000000E+00  0.0000000000E+00  0.1037272732E+01  0.0000000000E+00
L0    60000  0.2300000000E+03  -.3516949747E+06  0.9294058412E+05
L1 0.3002655558E+03  0.3002655558E+03  -.4446355588E+12  0.1000000000E+01
L2 0.1000000000E+01  0.1238597197E+03  0.9762636181E+02  0.1227277574E+03
L3 0.1484024902E+07  0.5434959907E+00  0.3204113629E+02  -.1218953275E+03
L4 -.2977023174E+02  0.1247874780E+05  0.1246515029E+05  0.1272335172E+05
L5 0.3766724981E+05  0.1247294291E+05  0.1212293006E+05  0.1402527331E+05
L6 0.3862114628E+05  -.4446355588E+06  0.4395892171E+05  -.5906629218E+06
L7 0.0000000000E+00  0.4809373945E+04  0.1311968935E+05  0.2023621224E+05
L8 0.5767753476E+04  0.5813541225E+05  0.0000000000E+00  0.0000000000E+00
L9 0.0000000000E+00  0.0000000000E+00  0.0000000000E+00  0.1036294940E+01  0.0000000000E+00
L0    61000  0.2320000000E+03  -.3523452086E+06  0.9269286161E+05
L1 0.2994652322E+03  0.2994652322E+03  -.4450380703E+12  0.1000000000E+01
L2 0.1000000000E+01  0.1238509441E+03  0.9761944487E+02  0.1227190620E+03
L3 0.1483687835E+07  0.1125626771E+03  0.1294318228E+03  0.1595655767E+03
L4 0.1338533589E+03  0.1241655094E+05  0.1252815199E+05  0.1245523699E+05
L5 0.3739993992E+05  0.1121458121E+05  0.1114604971E+05  0.1075135967E+05
L6 0.3311199059E+05  -.4450380703E+06  0.4484156849E+05  -.5917594167E+06
L7 0.0000000000E+00  0.4748955041E+04  0.1297680239E+05  0.2020724765E+05
L8 0.5771801107E+04  0.5817497177E+05  0.0000000000E+00  0.0000000000E+00
L9 0.0000000000E+00  0.0000000000E+00  0.0000000000E+00  0.1036530367E+01  0.0000000000E+00
L0    62000  0.2340000000E+03  -.3522859839E+06  0.9299212396E+05
L1 0.3004320669E+03  0.3004320669E+03  -.4452781078E+12  0.1000000000E+01
L2 0.1000000000E+01  0.1237882257E+03  0.9757001013E+02  0.1226569168E+03
L3 0.1481460557E+07  -.1458389485E+03  0.8114706963E+02  -.1151694698E+03
L4 -.5995378289E+02  0.1247980780E+05  0.1241793684E+05  0.1251847021E+05
L5 0.3741621486E+05  0.1403477129E+05  0.1155273086E+05  0.1374642971E+05
L6 0.3933393186E+05  -.4452781078E+06  0.4426055790E+05  -.5915324650E+06
L7 0.0000000000E+00  0.4698051868E+04  0.1301479315E+05  0.2025578749E+05
L8 0.5786189241E+04  0.5823897755E+05  0.0000000000E+00  0.0000000000E+00
L9 0.0000000000E+00  0.0000000000E+00  0.0000000000E+00  0.1038088722E+01  0.0000000000E+00
L0    63000  0.2360000000E+03  -.3521468616E+06  0.9274391752E+05
L1 0.2996301799E+03  0.2996301799E+03  -.4448907791E+12  0.1000000000E+01
L2 0.1000000000E+01  0.1238132960E+03  0.9758977058E+02  0.1226817580E+03
L3 0.1482345521E+07  0.8328498421E+02  0.1342160238E+02  0.7102227889E+02
L4 0.5590962182E+02  0.1248034269E+05  0.1254118688E+05  0.1245452456E+05
L5 0.3747605412E+05  0.1159181138E+05  0.1239799763E+05  0.1169681873E+05
L6 0.3568662774E+05  -.4448907791E+06  0.4419353170E+05  -.5910912428E+06
L7 0.0000000000E+00  0.4752516095E+04  0.1310640834E+05  0.2026680898E+05
L8 0.5792354229E+04  0.5808884435E+05  0.0000000000E+00  0.0000000000E+00
L9 0.0000000000E+00  0.0000000000E+00  0.0000000000E+00  0.1037468981E+01  0.0000000000E+00
L0    64000  0.2380000000E+03  -.3523391924E+06  0.9301233872E+05
L1 0.3004973752E+03  0.3004973752E+03  -.4453515312E+12  0.1000000000E+01
L2 0.1000000000E+01  0.1238289224E+03  0.9760208738E+02  0.1226972416E+03
L3 0.1482901812E+07  0.6448634966E+02  0.5904093273E+02  0.1585100236E+03
L4 0.9401243532E+02  0.1248675842E+05  0.1259216462E+05  0.1243362721E+05
L5 0.3751255025E+05  0.1179852340E+05  0.1196204618E+05  0.1074191803E+05
L6 0.3450248761E+05  -.4453515312E+06  0.4476427634E+05  -.5920423875E+06
L7 0.0000000000E+00  0.4800791257E+04  0.1294440615E+05  0.2019157415E+05
L8 0.5823654815E+04  0.5816615360E+05  0.0000000000E+00  0.0000000000E+00
L9 0.0000000000E+00  0.0000000000E+00  0.0000000000E+00  0.1037079788E+01  0.0000000000E+00
L0    65000  0.2400000000E+03  -.3521929500E+06  0.9249212066E+05
L1 0.2988166933E+03  0.2988166933E+03  -.4446850707E+12  0.1000000000E+01
L2 0.1000000000E+01  0.1238927162E+03  0.9765236970E+02  0.1227604524E+03
L3 0.1485205501E+07  -.1174049409E+03  0.1776235935E+03  -.1908900785E+02
L4 0.1370988158E+02  0.1234845046E+05  0.1242641198E+05  0.1245137190E+05
L5 0.3722623433E+05  0.1360340936E+05  0.1052776693E+05  0.1265541715E+05
L6 0.3678659344E+05  -.4446850707E+06  0.4456617253E+05  -.5910555420E+06
L7 0.0000000000E+00  0.4729891756E+04  0.1295557491E+05  0.2020197221E+05
L8 0.5791316735E+04  0.5812554319E+05  0.0000000000E+00  0.0000000000E+00
L9 0.0000000000E+00  0.0000000000E+00  0.0000000000E+00  0.1035471183E+01  0.0000000000E+00
L0    66000  0.2420000000E+03  -.3523227698E+06  0.9272390047E+05
L1 0.2995655103E+03  0.2995655103E+03  -.4450466702E+12  0.1000000000E+01
L2 0.1000000000E+01  0.1238726704E+03  0.9763656956E+02  0.1227405898E+03
L3 0.1484492158E+07  0.5684168274E+01  -.2033574711E+03  0.6980943591E+02
L4 -.4262128897E+02  0.1241252745E+05  0.1246225760E+05  0.1249181092E+05
L5 0.3736659598E+05  0.1235179771E+05  0.1463493187E+05  0.1174596586E+05
L6 0.3873269544E+05  -.4450466702E+06  0.4397597806E+05  -.5908524421E+06
L7 0.0000000000E+00  0.4800030797E+04  0.1303754399E+05  0.2020249078E+05
L8 0.5786116209E+04  0.5800361203E+05  0.0000000000E+00  0.0000000000E+00
L9 0.0000000000E+00  0.0000000000E+00  0.0000000000E+00  0.1035968757E+01  0.0000000000E+00
L0    67000  0.2440000000E+03  -.3520033608E+06  0.9273124400E+05
L1 0.2995892352E+03  0.2995892352E+03  -.4447346048E+12  0.1000000000E+01
L2 0.1000000000E+01  0.1237938532E+03  0.9757444576E+02  0.1226624929E+03
L3 0.1481650208E+07  -.3534735504E+02  0.5089030421E+02  0.8613958369E+02
L4 0.3389417762E+02  0.1246701309E+05  0.1233108449E+05  0.1263523437E+05
L5 0.3743333196E+05  0.1284394178E+05  0.1178841262E+05  0.1171667965E+05
L6 0.3634903404E+05  -.4447346048E+06  0.4425268415E+05  -.5909443934E+06
L7 0.0000000000E+00  0.4776103694E+04  0.1297320176E+05  0.2019770084E+05
L8 0.5769099564E+04  0.5824099860E+05  0.0000000000E+00  0.0000000000E+00
L9 0.0000000000E+00  0.0000000000E+00  0.0000000000E+00  0.1037955847E+01  0.0000000000E+00
L0    68000  0.2460000000E+03  -.3520591954E+06  0.9293188195E+05
L1 0.3002374415E+03  0.3002374415E+03  -.4449910774E+12  0.1000000000E+01
L2 0.1000000000E+01  0.1238171666E+03  0.9759282144E+02  0.1226855933E+03
L3 0.1482484806E+07  0.1378028069E+03  -.1026852595E+03  0.1267667730E+03
L4 0.5396144015E+02  0.1252890568E+05  0.1242931473E+05  0.1251415111E+05
L5 0.3747237152E+05  0.1105860927E+05  0.1352492208E+05  0.1116160442E+05
L6 0.3574513577E+05  -.4449910774E+06  0.4409112478E+05  -.5910651989E+06
L7 0.0000000000E+00  0.4761523655E+04  0.1292762306E+05  0.2023168440E+05
L8 0.5825455028E+04  0.5823671057E+05  0.0000000000E+00  0.0000000000E+00
L9 0.0000000000E+00  0.0000000000E+00  0.0000000000E+00  0.1037371506E+01  0.0000000000E+00
L0    69000  0.2480000000E+03  -.3519668802E+06  0.9285286442E+05
L1 0.2999821575E+03  0.2999821575E+03  -.4448197447E+12  0.1000000000E+01
L2 0.1000000000E+01  0.1238596462E+03  0.9762630386E+02  0.1227276846E+03
L3 0.1484021138E+07  -.3739573881E+03  0.2216888309E+03  0.8837884603E+02
L4 -.2129657038E+02  0.1267658084E+05  0.1229988492E+05  0.1234732111E+05
L5 0.3732378686E+05  0.1667067946E+05  0.9932109647E+04  0.1140337979E+05
L6 0.3800616890E+05  -.4448197447E+06  0.4408801944E+05  -.5907904079E+06
L7 0.0000000000E+00  0.4768212746E+04  0.1310480954E+05  0.2015565189E+05
L8 0.5746943130E+04  0.5810702653E+05  0.0000000000E+00  0.0000000000E+00
L9 0.0000000000E+00  0.0000000000E+00  0.0000000000E+00  0.1036297569E+01  0.0000000000E+00
L0    70000  0.2500000000E+03  -.3520959094E+06  0.9296690323E+05
L1 0.3003505856E+03  0.3003505856E+03  -.4450628126E+12  0.1000000000E+01
L2 0.1000000000E+01  0.1238719644E+03  0.9763601311E+02  0.1227398903E+03
L3 0.1484469724E+07  0.1280274712E+03  -.1780432188E+03  -.1446120437E+03
L4 -.6487593042E+02  0.1242032358E+05  0.1240554021E+05  0.1254851537E+05
L5 0.3737437915E+05  0.1105249683E+05  0.1430772788E+05  0.1409352926E+05
L6 0.3945375396E+05  -.4450628126E+06  0.4460679973E+05  -.5915825173E+06
L7 0.0000000000E+00  0.4783828399E+04  0.1305485746E+05  0.2023126791E+05
L8 0.5737314236E+04  0.5810563699E+05  0.0000000000E+00  0.0000000000E+00
L9 0.0000000000E+00  0.0000000000E+00  0.0000000000E+00  0.1035984414E+01  0.0000000000E+00
L0    71000  0.2520000000E+03  -.3525267048E+06  0.9258156268E+05
L1 0.2991056559E+03  0.2991056559E+03  -.4451082674E+12  0.1000000000E+01
L2 0.1000000000E+01  0.1238821576E+03  0.9764404734E+02  0.1227499902E+03
L3 0.1484813686E+07  0.1191171374E+03  0.1635652838E+03  0.3296882977E+02
L4 0.1052170837E+03  0.1253646915E+05  0.1232386344E+05  0.1239740169E+05
L5 0.3725773428E+05  0.1126354423E+05  0.1057595100E+05  0.1204508592E+05
L6 0.3388458115E+05  -.4451082674E+06  0.4429862523E+05  -.5915422628E+06
L7 0.0000000000E+00  0.4689487017E+04  0.1310405682E+05  0.2033802512E+05
L8 0.5777076283E+04  0.5822672486E+05  0.0000000000E+00  0.0000000000E+00
L9 0.0000000000E+00  0.0000000000E+00  0.0000000000E+00  0.1035744424E+01  0.0000000000E+00
L0    72000  0.2540000000E+03  -.3524016691E+06  0.9287597583E+05
L1 0.3000568241E+03  0.3000568241E+03  -.4452776450E+12  0.1000000000E+01
L2 0.1000000000E+01  0.1238204686E+03  0.9759542405E+02  0.1226888651E+03
L3 0.1482621799E+07  -.1240226193E+03  -.1878946286E+03  0.5676926518E+02
L4 -.8504932758E+02  0.1253282304E+05  0.1247172550E+05  0.1242533550E+05
L5 0.3742988405E+05  0.1385621308E+05  0.1447666525E+05  0.1181957600E+05
L6 0.4015245433E+05  -.4452776450E+06  0.4381860393E+05  -.5910561357E+06
L7 0.0000000000E+00  0.4836686200E+04  0.1310724207E+05  0.2025236185E+05
L8 0.5767440202E+04  0.5799615647E+05  0.0000000000E+00  0.0000000000E+00
L9 0.0000000000E+00  0.0000000000E+00  0.0000000000E+00  0.1037275654E+01  0.0000000000E+00
L0    73000  0.2560000000E+03  -.3521445277E+06  0.9301515439E+05
L1 0.3005064719E+03  0.3005064719E+03  -.4451596821E+12  0.1000000000E+01
L2 0.1000000000E+01  0.1238284906E+03  0.9760174701E+02  0.1226968138E+03
L3 0.1482898061E+07  -.3410944392E+02  0.1238709037E+03  -.7450654062E+02
L4 0.5084973057E+01  0.1255350077E+05  0.1252467307E+05  0.1244424303E+05
L5 0.3752241687E+05  0.1291753525E+05  0.1120265564E+05  0.1323941722E+05
L6 0.3735960811E+05  -.4451596821E+06  0.4444234532E+05  -.5914582407E+06
L7 0.0000000000E+00  0.4764702644E+04  0.1301749007E+05  0.2023405811E+05
L8 0.5735019453E+04  0.5810494296E+05  0.0000000000E+00  0.0000000000E+00
L9 0.0000000000E+00  0.0000000000E+00  0.0000000000E+00  0.1037082411E+01  0.0000000000E+00
L0    74000  0.2580000000E+03  -.3519199234E+06  0.9293506469E+05
L1 0.3002477240E+03  0.3002477240E+03  -.4448549880E+12  0.1000000000E+01
L2 0.1000000000E+01  0.1238527458E+03  0.9762086498E+02  0.1227208473E+03
L3 0.1483758737E+07  0.2347355381E+02  0.1123921367E+03  0.1262995245E+03
L4 0.8738840498E+02  0.1243735280E+05  0.1250526155E+05  0.1232760135E+05
L5 0.3727021569E+05  0.1218668490E+05  0.1130505554E+05  0.1097888201E+05
L6 0.3447062245E+05  -.4448549880E+06  0.4424278691E+05  -.5910774702E+06
L7 0.0000000000E+00  0.4869562402E+04  0.1294443859E+05  0.2026165456E+05
L8 0.5774558740E+04  0.5812948092E+05  0.0000000000E+00  0.0000000000E+00
L9 0.0000000000E+00  0.0000000000E+00  0.0000000000E+00  0.1036480836E+01  0.0000000000E+00
L0    75000  0.2600000000E+03  -.3516901891E+06  0.9306437717E+05
L1 0.3006654972E+03  0.3006654972E+03  -.4447545662E+12  0.1000000000E+01
L2 0.1000000000E+01  0.1238652227E+03  0.9763069924E+02  0.1227332101E+03
L3 0.1484231784E+07  -.3464134969E+02  -.7530065454E+02  -.1849518481E+03
L4 -.9829795079E+02  0.1254136979E+05  0.1261484781E+05  0.1242373034E+05
L5 0.3757994794E+05  0.1291141357E+05  0.1341922003E+05  0.1439941206E+05
L6 0.4073004566E+05  -.4447545662E+06  0.4408834573E+05  -.5906354493E+06
L7 0.0000000000E+00  0.4816566625E+04  0.1299207602E+05  0.2015562973E+05
L8 0.5765915978E+04  0.5806234897E+05  0.0000000000E+00  0.0000000000E+00
L9 0.0000000000E+00  0.0000000000E+00  0.0000000000E+00  0.1036150494E+01  0.0000000000E+00
L0    76000  0.2620000000E+03  -.3516864276E+06  0.9315330056E+05
L1 0.3009527843E+03  0.3009527843E+03  -.4448397281E+12  0.1000000000E+01
L2 0.1000000000E+01  0.1238226226E+03  0.9759712185E+02  0.1226909994E+03
L3 0.1482691880E+07  -.5607873260E+01  -.1036950207E+03  0.1965219909E+02
L4 -.2988356495E+02  0.1259310193E+05  0.1258516585E+05  0.1248706429E+05
L5 0.3766533206E+05  0.1265294387E+05  0.1369170145E+05  0.1227735453E+05
L6 0.3862199985E+05  -.4448397281E+06  0.4419348374E+05  -.5908671990E+06
L7 0.0000000000E+00  0.4727290714E+04  0.1307120598E+05  0.2016024817E+05
L8 0.5768746314E+04  0.5810649601E+05  0.0000000000E+00  0.0000000000E+00
L9 0.0000000000E+00  0.0000000000E+00  0.0000000000E+00  0.1037226626E+01  0.0000000000E+00
L0    77000  0.2640000000E+03  -.3521071799E+06  0.9271649121E+05
L1 0.2995415730E+03  0.2995415730E+03  -.4448236711E+12  0.1000000000E+01
L2 0.1000000000E+01  0.1238208762E+03  0.9759574533E+02  0.1226892689E+03
L3 0.1482622059E+07  -.9528147228E+01  -.3015826902E+02  0.1107872744E+03
L4 0.2370028605E+02  0.1240992748E+05  0.1249652293E+05  0.1249691452E+05
L5 0.3740336493E+05  0.1251159811E+05  0.1281832842E+05  0.1131475274E+05
L6 0.3664467926E+05  -.4448236711E+06  0.4423433598E+05  -.5909992039E+06
L7 0.0000000000E+00  0.4850875026E+04  0.1290687725E+05  0.2022532376E+05
L8 0.5770193114E+04  0.5818792768E+05  0.0000000000E+00  0.0000000000E+00
L9 0.0000000000E+00  0.0000000000E+00  0.0000000000E+00  0.1037275473E+01  0.0000000000E+00
L0    78000  0.2660000000E+03  -.3512880873E+06  0.9328771582E+05
L1 0.3013870432E+03  0.3013870432E+03  -.4445758031E+12  0.1000000000E+01
L2 0.1000000000E+01  0.1238732530E+03  0.9763702878E+02  0.1227411671E+03
L3 0.1484499855E+07  -.6442117688E+02  0.6694353244E+02  0.1697872370E+03
L4 0.5743653085E+02  0.1243130994E+05  0.1265408211E+05  0.1267908076E+05
L5 0.3776447281E+05  0.1311959033E+05  0.1193885270E+05  0.1086506197E+05
L6 0.3592350499E+05  -.4445758031E+06  0.4425349290E+05  -.5908606444E+06
L7 0.0000000000E+00  0.4747723195E+04  0.1308674947E+05  0.2028639481E+05
L8 0.5791421570E+04  0.5811905939E+05  0.0000000000E+00  0.0000000000E+00
L9 0.0000000000E+00  0.0000000000E+00  0.0000000000E+00  0.1035963386E+01  0.0000000000E+00
L0    79000  0.2680000000E+03  -.3520236979E+06  0.9312267789E+05
L1 0.3008538508E+03  0.3008538508E+03  -.4451463758E+12  0.1000000000E+01
L2 0.1000000000E+01  0.1238543030E+03  0.9762209235E+02  0.1227223902E+03
L3 0.1483823168E+07  0.2668556353E+02  0.1673918501E+03  -.1237935923E+03
L4 0.2342794043E+02  0.1248407579E+05  0.1255123318E+05  0.1259612902E+05
L5 0.3763143798E+05  0.1219909531E+05  0.1076362210E+05  0.1391814557E+05
L6 0.3688086298E+05  -.4451463758E+06  0.4452280651E+05  -.5916875357E+06
L7 0.0000000000E+00  0.4774420620E+04  0.1301710632E+05  0.2017811822E+05
L8 0.5798257704E+04  0.5825045049E+05  0.0000000000E+00  0.0000000000E+00
L9 0.0000000000E+00  0.0000000000E+00  0.0000000000E+00  0.1036435830E+01  0.0000000000E+00
L0    80000  0.2700000000E+03  -.3526304310E+06  0.9258942142E+05
L1 0.2991310453E+03  0.2991310453E+03  -.4452198524E+12  0.1000000000E+01
L2 0.1000000000E+01  0.1237944824E+03  0.9757494170E+02  0.1226631163E+03
L3 0.1481683211E+07  -.9921368388E+02  -.7824354704E+02  0.4284017297E+02
L4 -.4487235265E+02  0.1251164585E+05  0.1243964837E+05  0.1246022758E+05
L5 0.3741152180E+05  0.1356964061E+05  0.1327402181E+05  0.1200338859E+05
L6 0.3884705101E+05  -.4452198524E+06  0.4388689612E+05  -.5911613893E+06
L7 0.0000000000E+00  0.4777838303E+04  0.1305286310E+05  0.2019300975E+05
L8 0.5809953644E+04  0.5822097604E+05  0.0000000000E+00  0.0000000000E+00
L9 0.0000000000E+00  0.0000000000E+00  0.0000000000E+00  0.1037932728E+01  0.0000000000E+00
L0    81000  0.2720000000E+03  -.3516289816E+06  0.9285214038E+05
L1 0.2999798183E+03  0.2999798183E+03  -.4444811220E+12  0.1000000000E+01
L2 0.1000000000E+01  0.1238253036E+03  0.9759923503E+02  0.1226936559E+03
L3 0.1482770871E+07  0.3702624565E+03  -.6050142975E+02  -.6516032833E+01
L4 0.1010816646E+03  0.1262538047E+05  0.1240046648E+05  0.1251530407E+05
L5 0.3754115102E+05  0.8674077745E+04  0.1304611516E+05  0.1258484074E+05
L6 0.3430503364E+05  -.4444811220E+06  0.4441548373E+05  -.5909318563E+06
L7 0.0000000000E+00  0.4772595463E+04  0.1310874361E+05  0.2021004998E+05
L8 0.5751555616E+04  0.5819230597E+05  0.0000000000E+00  0.0000000000E+00
L9 0.0000000000E+00  0.0000000000E+00  0.0000000000E+00  0.1037171371E+01  0.0000000000E+00
L0    82000  0.2740000000E+03  -.3517455132E+06  0.9306517827E+05
L1 0.3006680853E+03  0.3006680853E+03  -.4448106915E+12  0.1000000000E+01
L2 0.1000000000E+01  0.1238653638E+03  0.9763081052E+02  0.1227333500E+03
L3 0.1484216063E+07  0.1875244902E+01  0.3762004985E+02  0.1368539731E+03
L4 0.5878308927E+02  0.1235964903E+05  0.1246724624E+05  0.1240977089E+05
L5 0.3723666617E+05  0.1233961762E+05  0.1206538782E+05  0.1094789294E+05
L6 0.3535289837E+05  -.4448106915E+06  0.4395560196E+05  -.5907847675E+06
L7 0.0000000000E+00  0.4707071318E+04  0.1310626289E+05  0.2020923851E+05
L8 0.5819809603E+04  0.5817609165E+05  0.0000000000E+00  0.0000000000E+00
L9 0.0000000000E+00  0.0000000000E+00  0.0000000000E+00  0.1036161469E+01  0.0000000000E+00
L0    83000  0.2760000000E+03  -.3525307104E+06  0.9300307954E+05
L1 0.3004674614E+03  0.3004674614E+03  -.4455337900E+12  0.1000000000E+01
L2 0.1000000000E+01  0.1238434892E+03  0.9761356892E+02  0.1227116753E+03
L3 0.1483444609E+07  -.1508529510E+03  0.6190135323E+02  -.6899123286E+02
L4 -.5264761022E+02  0.1252263816E+05  0.1251681550E+05  0.1256436983E+05
L5 0.3760382349E+05  0.1413321602E+05  0.1185592721E+05  0.1330095305E+05
L6 0.3929009628E+05  -.4455337900E+06  0.4435029228E+05  -.5918910649E+06
L7 0.0000000000E+00  0.4817253951E+04  0.1308458844E+05  0.2022192584E+05
L8 0.5792629039E+04  0.5809058537E+05  0.0000000000E+00  0.0000000000E+00
L9 0.0000000000E+00  0.0000000000E+00  0.0000000000E+00  0.1036700317E+01  0.0000000000E+00
L0    84000  0.2780000000E+03  -.3523524653E+06  0.9256903149E+05
L1 0.2990651711E+03  0.2990651711E+03  -.4449214968E+12  0.1000000000E+01
L2 0.1000000000E+01  0.1238479012E+03  0.9761704647E+02  0.1227160470E+03
L3 0.1483596677E+07  -.1096355232E+02  -.1139088050E+03  0.1138983102E+03
L4 -.3658015707E+01  0.1241697082E+05  0.1236021239E+05  0.1232164917E+05
L5 0.3709883238E+05  0.1253403492E+05  0.1357648164E+05  0.1110549198E+05
L6 0.3721600854E+05  -.4449214968E+06  0.4361496681E+05  -.5902644570E+06
L7 0.0000000000E+00  0.4756950886E+04  0.1298151302E+05  0.2020067144E+05
L8 0.5767660049E+04  0.5802119800E+05  0.0000000000E+00  0.0000000000E+00
L9 0.0000000000E+00  0.0000000000E+00  0.0000000000E+00  0.1036594055E+01  0.0000000000E+00
L0    85000  0.2800000000E+03  -.3515928763E+06  0.9321167760E+05
L1 0.3011413845E+03  0.3011413845E+03  -.4448045539E+12  0.1000000000E+01
L2 0.1000000000E+01  0.1238429413E+03  0.9761313704E+02  0.1227111324E+03
L3 0.1483414658E+07  0.1298938678E+03  0.1217806646E+01  -.5642392951E+02
L4 0.2489591497E+02  0.1256953088E+05  0.1245922091E+05  0.1248910696E+05
L5 0.3751785875E+05  0.1118275016E+05  0.1244621929E+05  0.1309150351E+05
L6 0.3672047296E+05  -.4448045539E+06  0.4362485429E+05  -.5903995673E+06
L7 0.0000000000E+00  0.4755341059E+04  0.1305690702E+05  0.2019887157E+05
L8 0.5759884107E+04  0.5819915539E+05  0.0000000000E+00  0.0000000000E+00
L9 0.0000000000E+00  0.0000000000E+00  0.0000000000E+00  0.1036721248E+01  0.0000000000E+00
L0    86000  0.2820000000E+03  -.3519122826E+06  0.9305066389E+05
L1 0.3006211933E+03  0.3006211933E+03  -.4449629465E+12  0.1000000000E+01
L2 0.1000000000E+01  0.1239141073E+03  0.9766923013E+02  0.1227816479E+03
L3 0.1485977711E+07  -.9131969940E+02  0.7160388499E+02  -.2106074125E+01
L4 -.7273962843E+01  0.1250101230E+05  0.1234666452E+05  0.1251981610E+05
L5 0.3736749293E+05  0.1347764970E+05  0.1158088198E+05  0.1254233994E+05
L6 0.3760087162E+05  -.4449629465E+06  0.4436980689E+05  -.5911917989E+06
L7 0.0000000000E+00  0.4790640280E+04  0.1308375234E+05  0.2018014242E+05
L8 0.5739149342E+04  0.5806536114E+05  0.0000000000E+00  0.0000000000E+00
L9 0.0000000000E+00  0.0000000000E+00  0.0000000000E+00  0.1034933085E+01  0.0000000000E+00
L0    87000  0.2840000000E+03  -.3520879598E+06  0.9265645974E+05
L1 0.2993476278E+03  0.2993476278E+03  -.4447444195E+12  0.1000000000E+01
L2 0.1000000000E+01  0.1238566448E+03  0.9762393815E+02  0.1227247106E+03
L3 0.1483923548E+07  0.3392503124E+01  -.2493303428E+03  -.5119729765E+02
L4 -.9904504577E+02  0.1243357731E+05  0.1253141211E+05  0.1246735128E+05
L5 0.3743234070E+05  0.1239734564E+05  0.1519424088E+05  0.1301413446E+05
L6 0.4060572098E+05  -.4447444195E+06  0.4403645988E+05  -.5907475205E+06
L7 0.0000000000E+00  0.4810530797E+04  0.1312688156E+05  0.2022866269E+05
L8 0.5735082402E+04  0.5806548365E+05  0.0000000000E+00  0.0000000000E+00
L9 0.0000000000E+00  0.0000000000E+00  0.0000000000E+00  0.1036365720E+01  0.0000000000E+00
L0    88000  0.2860000000E+03  -.3519497618E+06  0.9306385325E+05
L1 0.3006638046E+03  0.3006638046E+03  -.4450136150E+12  0.1000000000E+01
L2 0.1000000000E+01  0.1238093726E+03  0.9758667815E+02  0.1226778704E+03
L3 0.1482221802E+07  -.3084196586E+03  0.1232355231E+03  -.3723766763E+02
L4 -.7414060106E+02  0.1241229120E+05  0.1249358116E+05  0.1256584670E+05
L5 0.3747171906E+05  0.1570241189E+05  0.1117894465E+05  0.1296308603E+05
L6 0.3984444257E+05  -.4450136150E+06  0.4391135762E+05  -.5906573687E+06
L7 0.0000000000E+00  0.4849574213E+04  0.1306106529E+05  0.2014536016E+05
L8 0.5730004011E+04  0.5794639238E+05  0.0000000000E+00  0.0000000000E+00
L9 0.0000000000E+00  0.0000000000E+00  0.0000000000E+00  0.1037555577E+01  0.0000000000E+00
L0    89000  0.2880000000E+03  -.3521215862E+06  0.9294333031E+05
L1 0.3002744280E+03  0.3002744280E+03  -.4450649166E+12  0.1000000000E+01
L2 0.1000000000E+01  0.1238414942E+03  0.9761199642E+02  0.1227096985E+03
L3 0.1483374672E+07  0.2401886018E+03  0.7352888256E+01  -.4452577666E+03
L4 -.6590542550E+02  0.1253210569E+05  0.1247565360E+05  0.1246555057E+05
L5 0.3747330985E+05  0.9967858820E+04  0.1239715437E+05  0.1721911016E+05
L6 0.3958412335E+05  -.4450649166E+06  0.4410781969E+05  -.5909360167E+06
L7 0.0000000000E+00  0.4833694349E+04  0.1299660028E+05  0.2012125441E+05
L8 0.5730692190E+04  0.5808103919E+05  0.0000000000E+00  0.0000000000E+00
L9 0.0000000000E+00  0.0000000000E+00  0.0000000000E+00  0.1036749195E+01  0.0000000000E+00
L0    90000  0.2900000000E+03  -.3521523974E+06  0.9273627682E+05
L1 0.2996054949E+03  0.2996054949E+03  -.4448886742E+12  0.1000000000E+01
L2 0.1000000000E+01  0.1238597603E+03  0.9762639380E+02  0.1227277977E+03
L3 0.1484020412E+07  -.4289524792E+02  0.9076525928E+02  -.2371019833E+01
L4 0.1516633051E+02  0.1250647989E+05  0.1242842046E+05  0.1248033446E+05
L5 0.3741523482E+05  0.1296462772E+05  0.1145899124E+05  0.1250565842E+05
L6 0.3692927739E+05  -.4448886742E+06  0.4433255313E+05  -.5910767593E+06
L7 0.0000000000E+00  0.4574479996E+04  0.1309992701E+05  0.2020427895E+05
L8 0.5788807435E+04  0.5818803860E+05  0.0000000000E+00  0.0000000000E+00
L9 0.0000000000E+00  0.0000000000E+00  0.0000000000E+00  0.1036298075E+01  0.0000000000E+00
L0    91000  0.2920000000E+03  -.3522099306E+06  0.9266436485E+05
L1 0.2993731670E+03  0.2993731670E+03  -.4448742954E+12  0.1000000000E+01
L2 0.1000000000E+01  0.1238418043E+03  0.9761224084E+02  0.1227100057E+03
L3 0.1483379206E+07  0.1179229545E+03  -.9659135191E+02  -.6920903560E+02
L4 -.1595914433E+02  0.1243485343E+05  0.1242839144E+05  0.1235648667E+05
L5 0.3721973154E+05  0.1117590738E+05  0.1345960119E+05  0.1309536268E+05
L6 0.3773087125E+05  -.4448742954E+06  0.4435359276E+05  -.5912119051E+06
L7 0.0000000000E+00  0.4841562513E+04  0.1310403091E+05  0.2019187577E+05
L8 0.5719165221E+04  0.5812738252E+05  0.0000000000E+00  0.0000000000E+00
L9 0.0000000000E+00  0.0000000000E+00  0.0000000000E+00  0.1036746026E+01  0.0000000000E+00
L0    92000  0.2940000000E+03  -.3526041204E+06  0.9283404159E+05
L1 0.2999213461E+03  0.2999213461E+03  -.4454381620E+12  0.1000000000E+01
L2 0.1000000000E+01  0.1238320579E+03  0.9760455873E+02  0.1227003484E+03
L3 0.1483016326E+07  0.3933123016E+02  0.8325954285E+02  0.1170957224E+03
L4 0.7989549846E+02  0.1262626273E+05  0.1243042976E+05  0.1248812856E+05
L5 0.3754482105E+05  0.1220646504E+05  0.1154176791E+05  0.1123831987E+05
L6 0.3498655282E+05  -.4454381620E+06  0.4435145437E+05  -.5917811595E+06
L7 0.0000000000E+00  0.4845960396E+04  0.1298026462E+05  0.2014507930E+05
L8 0.5735059153E+04  0.5828517968E+05  0.0000000000E+00  0.0000000000E+00
L9 0.0000000000E+00  0.0000000000E+00  0.0000000000E+00  0.1036999707E+01  0.0000000000E+00
L0    93000  0.2960000000E+03  -.3520372097E+06  0.9327813588E+05
L1 0.3013560930E+03  0.3013560930E+03  -.4453153455E+12  0.1000000000E+01
L2 0.1000000000E+01  0.1237943020E+03  0.9757479948E+02  0.1226629376E+03
L3 0.1481663932E+07  -.3329405318E+02  -.4674792296E+02  0.2359689609E+03
L4 0.5197566159E+02  0.1253855978E+05  0.1241483184E+05  0.1249593854E+05
L5 0.3744933016E+05  0.1289359624E+05  0.1291333580E+05  0.9979645770E+04
L6 0.3578657781E+05  -.4453153455E+06  0.4408558436E+05  -.5913953758E+06
L7 0.0000000000E+00  0.4729407110E+04  0.1327508236E+05  0.2017866554E+05
L8 0.5794100285E+04  0.5801719060E+05  0.0000000000E+00  0.0000000000E+00
L9 0.0000000000E+00  0.0000000000E+00  0.0000000000E+00  0.1037946233E+01  0.0000000000E+00
L0    94000  0.2980000000E+03  -.3524634619E+06  0.9283311765E+05
L1 0.2999183611E+03  0.2999183611E+03  -.4452965796E+12  0.1000000000E+01
L2 0.1000000000E+01  0.1238229019E+03  0.9759734198E+02  0.1226912761E+03
L3 0.1482696739E+07  0.3724406751E+02  -.1257853894E+03  0.1162696909E+03
L4 0.9242789682E+01  0.1253827226E+05  0.1249189219E+05  0.1233785084E+05
L5 0.3736801530E+05  0.1214083735E+05  0.1383415980E+05  0.1109712614E+05
L6 0.3707212329E+05  -.4452965796E+06  0.4411299168E+05  -.5915552902E+06
L7 0.0000000000E+00  0.4759185450E+04  0.1322236989E+05  0.2011415334E+05
L8 0.5787369939E+04  0.5826264030E+05  0.0000000000E+00  0.0000000000E+00
L9 0.0000000000E+00  0.0000000000E+00  0.0000000000E+00  0.1037223228E+01  0.0000000000E+00
L0    95000  0.3000000000E+03  -.3523877868E+06  0.9299651243E+05
L1 0.3004462448E+03  0.3004462448E+03  -.4453842992E+12  0.1000000000E+01
L2 0.1000000000E+01  0.1237954285E+03  0.9757568740E+02  0.1226640538E+03
L3 0.1481715839E+07  -.1438870696E+03  -.1169334771E+03  0.1566818431E+03
L4 -.3471290121E+02  0.1249839187E+05  0.1245493236E+05  0.1240108617E+05
L5 0.3735441040E+05  0.1403280841E+05  0.1370191489E+05  0.1073022573E+05
L6 0.3846494903E+05  -.4453842992E+06  0.4380907790E+05  -.5911304254E+06
L7 0.0000000000E+00  0.4786061679E+04  0.1319940080E+05  0.2014564078E+05
L8 0.5777092403E+04  0.5802885259E+05  0.0000000000E+00  0.0000000000E+00
L9 0.0000000000E+00  0.0000000000E+00  0.0000000000E+00  0.1037909872E+01  0.0000000000E+00
L0    96000  0.3020000000E+03  -.3520672572E+06  0.9304488566E+05
L1 0.3006025255E+03  0.3006025255E+03  -.4451121428E+12  0.1000000000E+01
L2 0.1000000000E+01  0.1238248044E+03  0.9759884154E+02  0.1226931612E+03
L3 0.1482746404E+07  0.2829580323E+03  -.1661404865E+03  0.3345995093E+03
L4 0.1504723517E+03  0.1261133693E+05  0.1250662410E+05  0.1240896977E+05
L5 0.3752693080E+05  0.9591764261E+04  0.1427958410E+05  0.8838307627E+04
L6 0.3270965599E+05  -.4451121428E+06  0.4402776577E+05  -.5909782843E+06
L7 0.0000000000E+00  0.4693113169E+04  0.1306016619E+05  0.2017639278E+05
L8 0.5758989476E+04  0.5814971411E+05  0.0000000000E+00  0.0000000000E+00
L9 0.0000000000E+00  0.0000000000E+00  0.0000000000E+00  0.1037188485E+01  0.0000000000E+00
L0    97000  0.3040000000E+03  -.3519875368E+06  0.9297442001E+05
L1 0.3003748703E+03  0.3003748703E+03  -.4449619568E+12  0.1000000000E+01
L2 0.1000000000E+01  0.1238628961E+03  0.9762886544E+02  0.1227309048E+03
L3 0.1484126755E+07  0.1151616200E+03  -.9124068664E+02  0.1660295172E+03
L4 0.6331681686E+02  0.1250954491E+05  0.1244203501E+05  0.1254674094E+05
L5 0.3749832087E+05  0.1127945930E+05  0.1341661193E+05  0.1077331572E+05
L6 0.3546938695E+05  -.4449619568E+06  0.4432659376E+05  -.5908669219E+06
L7 0.0000000000E+00  0.4727736627E+04  0.1297252045E+05  0.2016785849E+05
L8 0.5689945852E+04  0.5802030994E+05  0.0000000000E+00  0.0000000000E+00
L9 0.0000000000E+00  0.0000000000E+00  0.0000000000E+00  0.1036223821E+01  0.0000000000E+00
L0    98000  0.3060000000E+03  -.3519119958E+06  0.9252478459E+05
L1 0.2989222215E+03  0.2989222215E+03  -.4444367804E+12  0.1000000000E+01
L2 0.1000000000E+01  0.1238302187E+03  0.9760310909E+02  0.1226985261E+03
L3 0.1482952951E+07  0.1777847786E+03  0.1737212824E+03  -.1730893854E+03
L4 0.5947222520E+02  0.1233958144E+05  0.1246883271E+05  0.1242714096E+05
L5 0.3723555510E+05  0.1044209567E+05  0.1061471637E+05  0.1427451309E+05
L6 0.3533132514E+05  -.4444367804E+06  0.4440376120E+05  -.5908467978E+06
L7 0.0000000000E+00  0.4849548668E+04  0.1311973063E+05  0.2023955917E+05
L8 0.5764416464E+04  0.5803300121E+05  0.0000000000E+00  0.0000000000E+00
L9 0.0000000000E+00  0.0000000000E+00  0.0000000000E+00  0.1037044025E+01  0.0000000000E+00
L0    99000  0.3080000000E+03  -.3525079532E+06  0.9297362754E+05
L1 0.3003723100E+03  0.3003723100E+03  -.4454815807E+12  0.1000000000E+01
L2 0.1000000000E+01  0.1238564630E+03  0.9762379490E+02  0.1227245305E+03
L3 0.1483902241E+07  0.1993649814E+02  -.1539355117E+03  0.1717167570E+03
L4 0.1257258114E+02  0.1232869103E+05  0.1248350092E+05  0.1254943554E+05
L5 0.3736162749E+05  0.1211577383E+05  0.1412749667E+05  0.1071554020E+05
L6 0.3695881069E+05  -.4454815807E+06  0.4453789815E+05  -.5918467058E+06
L7 0.0000000000E+00  0.4722876971E+04  0.1301131542E+05  0.2016960362E+05
L8 0.5772684412E+04  0.5815074658E+05  0.0000000000E+00  0.0000000000E+00
L9 0.0000000000E+00  0.0000000000E+00  0.0000000000E+00  0.1036380601E+01  0.0000000000E+00
L0   100000  0.3100000000E+03  -.3523079042E+06  0.9288339487E+05
L1 0.3000807930E+03  0.3000807930E+03  -.4451912991E+12  0.1000000000E+01
L2 0.1000000000E+01  0.1237910047E+03  0.9757220054E+02  0.1226596704E+03
L3 0.1481536673E+07  0.3492303143E+03  0.4673121541E+02  -.3871134746E+02
L4 0.1190833941E+03  0.1252990262E+05  0.1255863912E+05  0.1239073947E+05
L5 0.3747928121E+05  0.8806149145E+04  0.1206035613E+05  0.1280350866E+05
L6 0.3367001393E+05  -.4451912991E+06  0.4447836062E+05  -.5916411825E+06
L7 0.0000000000E+00  0.4855445470E+04  0.1298829587E+05  0.2018385974E+05
L8 0.5813692954E+04  0.5813022878E+05  0.0000000000E+00  0.0000000000E+00
L9 0.0000000000E+00  0.0000000000E+00  0.0000000000E+00  0.1038035389E+01  0.0000000000E+00
