L0  Nsteps           time(ps)         Etot             EKinetic        
L1  Temp             T_solute         T_solv           Pres_scal_solu  
L2  Pres_scal_solv   BoxX             BoxY             BoxZ            
L3  volume           pres_X           pres_Y           pres_Z          
L4  Pressure         EKCoM_x          EKCoM_y          EKCoM_z         
L5  EKComTot         VIRIAL_x         VIRIAL_y         VIRIAL_z        
L6  VIRIAL_tot       E_pot            E_vdw            E_el            
L7  E_hbon           E_bon            E_angle          E_dih           
L8  E_14vdw          E_14el           E_const          E_pol           
L9  AV_permMoment    AV_indMoment     AV_totMoment     Density          dV/dlambda      
L0     1000  0.1120000000E+03  -.3149496467E+06  0.8412766503E+05
L1 0.2995182111E+03  0.2995182111E+03  -.3990773118E+12  0.1000000000E+01
L2 0.1000000000E+01  0.1202323123E+03  0.1202323123E+03  0.1202323123E+03
L3 0.1337971579E+07  -.1882535610E+03  -.1112674552E+03  -.9667064485E+02
L4 -.1320638870E+03  0.1120665467E+05  0.1098183800E+05  0.1101560127E+05
L5 0.3320409395E+05  0.1301944122E+05  0.1205328730E+05  0.1194649067E+05
L6 0.3701921918E+05  -.3990773118E+06  0.3749267958E+05  -.5381048465E+06
L7 0.0000000000E+00  0.4812749541E+04  0.1311581471E+05  0.2040288805E+05
L8 0.5728291661E+04  0.5747511123E+05  0.0000000000E+00  0.0000000000E+00
L9 0.0000000000E+00  0.0000000000E+00  0.0000000000E+00  0.1041960878E+01  0.0000000000E+00
L0     2000  0.1140000000E+03  -.3144428635E+06  0.8476648034E+05
L1 0.3017925737E+03  0.3017925737E+03  -.3992093439E+12  0.1000000000E+01
L2 0.1000000000E+01  0.1203256499E+03  0.1203256499E+03  0.1203256499E+03
L3 0.1341055475E+07  0.7467783142E+02  0.2949809446E+03  0.1010774288E+03
L4 0.1569120683E+03  0.1114585933E+05  0.1102856700E+05  0.1123516685E+05
L5 0.3340959319E+05  0.1042509212E+05  0.8181502638E+04  0.1025959894E+05
L6 0.2886619369E+05  -.3992093439E+06  0.3781415844E+05  -.5385193076E+06
L7 0.0000000000E+00  0.4634806496E+04  0.1302751191E+05  0.2037464117E+05
L8 0.5804691157E+04  0.5765415460E+05  0.0000000000E+00  0.0000000000E+00
L9 0.0000000000E+00  0.0000000000E+00  0.0000000000E+00  0.1039564781E+01  0.0000000000E+00
L0     3000  0.1160000000E+03  -.3152745855E+06  0.8407511853E+05
L1 0.2993311307E+03  0.2993311307E+03  -.3993497041E+12  0.1000000000E+01
L2 0.1000000000E+01  0.1202959122E+03  0.1202959122E+03  0.1202959122E+03
L3 0.1340083846E+07  0.9935622882E+02  -.1620678792E+03  -.2930139934E+02
L4 -.3067101658E+02  0.1098310222E+05  0.1104842681E+05  0.1110069396E+05
L5 0.3313222299E+05  0.1002484158E+05  0.1261152227E+05  0.1138329705E+05
L6 0.3401966090E+05  -.3993497041E+06  0.3700228934E+05  -.5376848759E+06
L7 0.0000000000E+00  0.4653780409E+04  0.1291306759E+05  0.2040729460E+05
L8 0.5802154962E+04  0.5755658495E+05  0.0000000000E+00  0.0000000000E+00
L9 0.0000000000E+00  0.0000000000E+00  0.0000000000E+00  0.1040318518E+01  0.0000000000E+00
L0     4000  0.1180000000E+03  -.3152383967E+06  0.8411752878E+05
L1 0.2994821232E+03  0.2994821232E+03  -.3993559255E+12  0.1000000000E+01
L2 0.1000000000E+01  0.1203060265E+03  0.1203060265E+03  0.1203060265E+03
L3 0.1340404449E+07  0.1336487379E+03  0.1049420004E+03  0.1069773003E+03
L4 0.1151893462E+03  0.1112867836E+05  0.1106618430E+05  0.1102733607E+05
L5 0.3322219873E+05  0.9839368509E+04  0.1005380845E+05  0.9995325664E+04
L6 0.2988850262E+05  -.3993559255E+06  0.3722059710E+05  -.5381345964E+06
L7 0.0000000000E+00  0.4720216276E+04  0.1295605681E+05  0.2044942680E+05
L8 0.5819486039E+04  0.5761288790E+05  0.0000000000E+00  0.0000000000E+00
L9 0.0000000000E+00  0.0000000000E+00  0.0000000000E+00  0.1040069691E+01  0.0000000000E+00
L0     5000  0.1200000000E+03  -.3145979946E+06  0.8409612959E+05
L1 0.2994059360E+03  0.2994059360E+03  -.3986941242E+12  0.1000000000E+01
L2 0.1000000000E+01  0.1202503757E+03  0.1202503757E+03  0.1202503757E+03
L3 0.1338564486E+07  -.1191300736E+03  -.9674513078E+02  0.7663628478E+02
L4 -.4641297319E+02  0.1094187151E+05  0.1109595937E+05  0.1094959610E+05
L5 0.3298742698E+05  0.1208954219E+05  0.1202797886E+05  0.1021130043E+05
L6 0.3432882149E+05  -.3986941242E+06  0.3665714475E+05  -.5368846130E+06
L7 0.0000000000E+00  0.4799072248E+04  0.1292057517E+05  0.2045786610E+05
L8 0.5774454356E+04  0.5758137621E+05  0.0000000000E+00  0.0000000000E+00
L9 0.0000000000E+00  0.0000000000E+00  0.0000000000E+00  0.1041499349E+01  0.0000000000E+00
L0     6000  0.1220000000E+03  -.3147058299E+06  0.8435954152E+05
L1 0.3003437568E+03  0.3003437568E+03  -.3990653714E+12  0.1000000000E+01
L2 0.1000000000E+01  0.1202551201E+03  0.1202551201E+03  0.1202551201E+03
L3 0.1338735489E+07  -.4062233009E+03  -.1049603423E+03  0.5640175968E+02
L4 -.1515939612E+03  0.1124805340E+05  0.1091781696E+05  0.1096297251E+05
L5 0.3312884287E+05  0.1516201164E+05  0.1192910901E+05  0.1041954201E+05
L6 0.3751066266E+05  -.3990653714E+06  0.3728355789E+05  -.5378841890E+06
L7 0.0000000000E+00  0.4798660843E+04  0.1305788525E+05  0.2033132545E+05
L8 0.5777694633E+04  0.5756969356E+05  0.0000000000E+00  0.0000000000E+00
L9 0.0000000000E+00  0.0000000000E+00  0.0000000000E+00  0.1041366314E+01  0.0000000000E+00
L0     7000  0.1240000000E+03  -.3152823911E+06  0.8408789504E+05
L1 0.2993766187E+03  0.2993766187E+03  -.3993702862E+12  0.1000000000E+01
L2 0.1000000000E+01  0.1202616268E+03  0.1202616268E+03  0.1202616268E+03
L3 0.1338959439E+07  0.2841958404E+02  -.3142811944E+02  -.6183399786E+03
L4 -.2071161713E+03  0.1094290495E+05  0.1102968846E+05  0.1107204532E+05
L5 0.3304463873E+05  0.1066903668E+05  0.1133254879E+05  0.1703074268E+05
L6 0.3903232815E+05  -.3993702862E+06  0.3718222310E+05  -.5381591072E+06
L7 0.0000000000E+00  0.4815436263E+04  0.1305292397E+05  0.2040099376E+05
L8 0.5722260106E+04  0.5761498382E+05  0.0000000000E+00  0.0000000000E+00
L9 0.0000000000E+00  0.0000000000E+00  0.0000000000E+00  0.1041192138E+01  0.0000000000E+00
L0     8000  0.1260000000E+03  -.3147669126E+06  0.8452191482E+05
L1 0.3009218515E+03  0.3009218515E+03  -.3992888274E+12  0.1000000000E+01
L2 0.1000000000E+01  0.1202544548E+03  0.1202544548E+03  0.1202544548E+03
L3 0.1338698298E+07  -.7749254190E+02  0.2004083645E+03  -.2016308997E+03
L4 -.2623835906E+02  0.1101519248E+05  0.1104677482E+05  0.1120907932E+05
L5 0.3327104662E+05  0.1176181175E+05  0.9115895482E+04  0.1315173745E+05
L6 0.3402944469E+05  -.3992888274E+06  0.3729797021E+05  -.5382111687E+06
L7 0.0000000000E+00  0.4698990904E+04  0.1306651805E+05  0.2047079668E+05
L8 0.5784505975E+04  0.5760355950E+05  0.0000000000E+00  0.0000000000E+00
L9 0.0000000000E+00  0.0000000000E+00  0.0000000000E+00  0.1041395244E+01  0.0000000000E+00
L0     9000  0.1280000000E+03  -.3154007567E+06  0.8436122883E+05
L1 0.3003497641E+03  0.3003497641E+03  -.3997619856E+12  0.1000000000E+01
L2 0.1000000000E+01  0.1201987213E+03  0.1201987213E+03  0.1201987213E+03
L3 0.1336844778E+07  -.2267208610E+03  0.3344827679E+02  -.5968848743E+02
L4 -.8432035722E+02  0.1109784741E+05  0.1102856902E+05  0.1096757319E+05
L5 0.3309398962E+05  0.1327921595E+05  0.1070675029E+05  0.1154185907E+05
L6 0.3552782532E+05  -.3997619856E+06  0.3748806254E+05  -.5389361614E+06
L7 0.0000000000E+00  0.4744815476E+04  0.1315516054E+05  0.2040316860E+05
L8 0.5753213346E+04  0.5762975529E+05  0.0000000000E+00  0.0000000000E+00
L9 0.0000000000E+00  0.0000000000E+00  0.0000000000E+00  0.1042839127E+01  0.0000000000E+00
L0    10000  0.1300000000E+03  -.3155005116E+06  0.8417712700E+05
L1 0.2996943096E+03  0.2996943096E+03  -.3996776386E+12  0.1000000000E+01
L2 0.1000000000E+01  0.1202398955E+03  0.1202398955E+03  0.1202398955E+03
L3 0.1338201452E+07  0.4061986084E+03  -.2012721499E+03  -.1540142156E+02
L4 0.6317501229E+02  0.1114479045E+05  0.1110809007E+05  0.1117113365E+05
L5 0.3342401417E+05  0.7232631358E+04  0.1304657202E+05  0.1131946703E+05
L6 0.3159867040E+05  -.3996776386E+06  0.3689967260E+05  -.5381330671E+06
L7 0.0000000000E+00  0.4844560557E+04  0.1295141171E+05  0.2046829327E+05
L8 0.5757956576E+04  0.5753353379E+05  0.0000000000E+00  0.0000000000E+00
L9 0.0000000000E+00  0.0000000000E+00  0.0000000000E+00  0.1041781892E+01  0.0000000000E+00
L0    11000  0.1320000000E+03  -.3148367851E+06  0.8451584414E+05
L1 0.3009002382E+03  0.3009002382E+03  -.3993526292E+12  0.1000000000E+01
L2 0.1000000000E+01  0.1201897906E+03  0.1201897906E+03  0.1201897906E+03
L3 0.1336534494E+07  0.4308712797E+02  0.1257336179E+03  -.1116572802E+03
L4 0.1905448858E+02  0.1121338146E+05  0.1100755091E+05  0.1110438593E+05
L5 0.3332531830E+05  0.1079891986E+05  0.9798100224E+04  0.1217843419E+05
L6 0.3277545428E+05  -.3993526292E+06  0.3716058783E+05  -.5383916079E+06
L7 0.0000000000E+00  0.4839676047E+04  0.1316028991E+05  0.2040524560E+05
L8 0.5788673382E+04  0.5768450592E+05  0.0000000000E+00  0.0000000000E+00
L9 0.0000000000E+00  0.0000000000E+00  0.0000000000E+00  0.1043081228E+01  0.0000000000E+00
L0    12000  0.1340000000E+03  -.3152708761E+06  0.8427206924E+05
L1 0.3000323308E+03  0.3000323308E+03  -.3995429453E+12  0.1000000000E+01
L2 0.1000000000E+01  0.1202329677E+03  0.1202329677E+03  0.1202329677E+03
L3 0.1337978206E+07  -.3174682930E+03  0.1883295278E+03  0.1164526391E+03
L4 -.4228708715E+01  0.1096420905E+05  0.1122033158E+05  0.1102391223E+05
L5 0.3320845286E+05  0.1402128322E+05  0.9406804535E+04  0.9902526686E+04
L6 0.3333061444E+05  -.3995429453E+06  0.3743131487E+05  -.5385289444E+06
L7 0.0000000000E+00  0.4800664241E+04  0.1292437499E+05  0.2046601488E+05
L8 0.5771797309E+04  0.5759183280E+05  0.0000000000E+00  0.0000000000E+00
L9 0.0000000000E+00  0.0000000000E+00  0.0000000000E+00  0.1041955717E+01  0.0000000000E+00
L0    13000  0.1360000000E+03  -.3156861020E+06  0.8409951586E+05
L1 0.2994179921E+03  0.2994179921E+03  -.3997856178E+12  0.1000000000E+01
L2 0.1000000000E+01  0.1201991370E+03  0.1201991370E+03  0.1201991370E+03
L3 0.1336858977E+07  -.4491331507E+03  0.1156836343E+03  0.7222232055E+02
L4 -.8707573196E+02  0.1093447184E+05  0.1098855419E+05  0.1109569956E+05
L5 0.3301872559E+05  0.1525580041E+05  0.9875505657E+04  0.1040081347E+05
L6 0.3553211954E+05  -.3997856178E+06  0.3701339034E+05  -.5384626174E+06
L7 0.0000000000E+00  0.4802919668E+04  0.1289169536E+05  0.2041753958E+05
L8 0.5765468848E+04  0.5778598580E+05  0.0000000000E+00  0.0000000000E+00
L9 0.0000000000E+00  0.0000000000E+00  0.0000000000E+00  0.1042828051E+01  0.0000000000E+00
L0    14000  0.1380000000E+03  -.3148623510E+06  0.8424104267E+05
L1 0.2999218675E+03  0.2999218675E+03  -.3991033936E+12  0.1000000000E+01
L2 0.1000000000E+01  0.1202287694E+03  0.1202287694E+03  0.1202287694E+03
L3 0.1337837022E+07  -.1274147926E+02  0.3135395509E+03  -.2876654533E+03
L4 0.4377539434E+01  0.1100778094E+05  0.1103281715E+05  0.1111242112E+05
L5 0.3315301920E+05  0.1113046260E+05  0.8013893551E+04  0.1388221530E+05
L6 0.3302657145E+05  -.3991033936E+06  0.3690245044E+05  -.5378870305E+06
L7 0.0000000000E+00  0.4724449085E+04  0.1310419144E+05  0.2052253921E+05
L8 0.5806749477E+04  0.5772325721E+05  0.0000000000E+00  0.0000000000E+00
L9 0.0000000000E+00  0.0000000000E+00  0.0000000000E+00  0.1042065676E+01  0.0000000000E+00
L0    15000  0.1400000000E+03  -.3146969629E+06  0.8451599612E+05
L1 0.3009007793E+03  0.3009007793E+03  -.3992129590E+12  0.1000000000E+01
L2 0.1000000000E+01  0.1202104010E+03  0.1202104010E+03  0.1202104010E+03
L3 0.1337219048E+07  0.1688398544E+03  -.4718254643E+02  0.1449988668E+02
L4 0.4538573157E+02  0.1104435671E+05  0.1113085339E+05  0.1102258742E+05
L5 0.3319779751E+05  0.9419428778E+04  0.1158494190E+05  0.1088303938E+05
L6 0.3188741005E+05  -.3992129590E+06  0.3725263205E+05  -.5380942896E+06
L7 0.0000000000E+00  0.4766282602E+04  0.1315028869E+05  0.2039721602E+05
L8 0.5772990781E+04  0.5754192046E+05  0.0000000000E+00  0.0000000000E+00
L9 0.0000000000E+00  0.0000000000E+00  0.0000000000E+00  0.1042547250E+01  0.0000000000E+00
L0    16000  0.1420000000E+03  -.3154502946E+06  0.8384372938E+05
L1 0.2985073201E+03  0.2985073201E+03  -.3992940239E+12  0.1000000000E+01
L2 0.1000000000E+01  0.1201586935E+03  0.1201586935E+03  0.1201586935E+03
L3 0.1335502397E+07  0.8568898499E+01  -.2295555779E+03  0.1508744979E+03
L4 -.2337072716E+02  0.1095078144E+05  0.1090453662E+05  0.1093351639E+05
L5 0.3278883444E+05  0.1086841956E+05  0.1311096127E+05  0.9483352488E+04
L6 0.3346273332E+05  -.3992940239E+06  0.3678449009E+05  -.5376231103E+06
L7 0.0000000000E+00  0.4723115881E+04  0.1305309299E+05  0.2037634221E+05
L8 0.5807259858E+04  0.5758478531E+05  0.0000000000E+00  0.0000000000E+00
L9 0.0000000000E+00  0.0000000000E+00  0.0000000000E+00  0.1043887337E+01  0.0000000000E+00
L0    17000  0.1440000000E+03  -.3154735197E+06  0.8416904807E+05
L1 0.2996655464E+03  0.2996655464E+03  -.3996425677E+12  0.1000000000E+01
L2 0.1000000000E+01  0.1201608578E+03  0.1201608578E+03  0.1201608578E+03
L3 0.1335576256E+07  0.1711698173E+03  0.1436301054E+03  -.4274931083E+03
L4 -.3756439520E+02  0.1104061779E+05  0.1099607822E+05  0.1097959472E+05
L5 0.3301629073E+05  0.9395289910E+04  0.9615469067E+04  0.1508876736E+05
L6 0.3409952634E+05  -.3996425677E+06  0.3758432376E+05  -.5386057138E+06
L7 0.0000000000E+00  0.4729030978E+04  0.1303444580E+05  0.2037369850E+05
L8 0.5734331715E+04  0.5750731529E+05  0.0000000000E+00  0.0000000000E+00
L9 0.0000000000E+00  0.0000000000E+00  0.0000000000E+00  0.1043829609E+01  0.0000000000E+00
L0    18000  0.1460000000E+03  -.3151463328E+06  0.8407604379E+05
L1 0.2993344249E+03  0.2993344249E+03  -.3992223766E+12  0.1000000000E+01
L2 0.1000000000E+01  0.1202143168E+03  0.1202143168E+03  0.1202143168E+03
L3 0.1337372952E+07  -.1776291776E+03  -.1251452272E+03  -.1451124405E+03
L4 -.1492956151E+03  0.1093742040E+05  0.1106774574E+05  0.1096044396E+05
L5 0.3296561010E+05  0.1264713422E+05  0.1227229178E+05  0.1235717814E+05
L6 0.3727660415E+05  -.3992223766E+06  0.3721862278E+05  -.5380243714E+06
L7 0.0000000000E+00  0.4776581985E+04  0.1299372778E+05  0.2046109019E+05
L8 0.5824312789E+04  0.5752765925E+05  0.0000000000E+00  0.0000000000E+00
L9 0.0000000000E+00  0.0000000000E+00  0.0000000000E+00  0.1042427274E+01  0.0000000000E+00
L0    19000  0.1480000000E+03  -.3154953009E+06  0.8392375467E+05
L1 0.2987922327E+03  0.2987922327E+03  -.3994190556E+12  0.1000000000E+01
L2 0.1000000000E+01  0.1201497813E+03  0.1201497813E+03  0.1201497813E+03
L3 0.1335206523E+07  -.7520255403E+02  0.1195936867E+03  -.1463842364E+03
L4 -.3399770127E+02  0.1100128247E+05  0.1102363549E+05  0.1092716474E+05
L5 0.3295208270E+05  0.1172394846E+05  0.9874388755E+04  0.1233385777E+05
L6 0.3393219499E+05  -.3994190556E+06  0.3739561163E+05  -.5383103094E+06
L7 0.0000000000E+00  0.4817056543E+04  0.1295611936E+05  0.2040850314E+05
L8 0.5787201820E+04  0.5752676135E+05  0.0000000000E+00  0.0000000000E+00
L9 0.0000000000E+00  0.0000000000E+00  0.0000000000E+00  0.1044118657E+01  0.0000000000E+00
L0    20000  0.1500000000E+03  -.3151764728E+06  0.8437204713E+05
L1 0.3003882803E+03  0.3003882803E+03  -.3995485199E+12  0.1000000000E+01
L2 0.1000000000E+01  0.1201680603E+03  0.1201680603E+03  0.1201680603E+03
L3 0.1335815278E+07  -.7727817147E+02  -.1407068244E+03  0.1344024021E+03
L4 -.2786086460E+02  0.1094917074E+05  0.1104468514E+05  0.1104227067E+05
L5 0.3303612655E+05  0.1169212115E+05  0.1239743702E+05  0.9750129339E+04
L6 0.3383968751E+05  -.3995485199E+06  0.3685775249E+05  -.5378888672E+06
L7 0.0000000000E+00  0.4796314256E+04  0.1303456187E+05  0.2039189451E+05
L8 0.5775959977E+04  0.5748386422E+05  0.0000000000E+00  0.0000000000E+00
L9 0.0000000000E+00  0.0000000000E+00  0.0000000000E+00  0.1043642833E+01  0.0000000000E+00
L0    21000  0.1520000000E+03  -.3154754800E+06  0.8405650125E+05
L1 0.2992648480E+03  0.2992648480E+03  -.3995319813E+12  0.1000000000E+01
L2 0.1000000000E+01  0.1202096564E+03  0.1202096564E+03  0.1202096564E+03
L3 0.1337206555E+07  0.7932861246E+02  -.1398719090E+03  -.1140945119E+03
L4 -.5821260283E+02  0.1091049234E+05  0.1101039635E+05  0.1109474830E+05
L5 0.3301563698E+05  0.1014703471E+05  0.1235652193E+05  0.1219279252E+05
L6 0.3469634917E+05  -.3995319813E+06  0.3748972106E+05  -.5386007481E+06
L7 0.0000000000E+00  0.4767528242E+04  0.1299857580E+05  0.2042696853E+05
L8 0.5776401957E+04  0.5760957122E+05  0.0000000000E+00  0.0000000000E+00
L9 0.0000000000E+00  0.0000000000E+00  0.0000000000E+00  0.1042556990E+01  0.0000000000E+00
L0    22000  0.1540000000E+03  -.3151465072E+06  0.8432518475E+05
L1 0.3002214370E+03  0.3002214370E+03  -.3994716919E+12  0.1000000000E+01
L2 0.1000000000E+01  0.1202120520E+03  0.1202120520E+03  0.1202120520E+03
L3 0.1337283610E+07  -.1168243970E+03  0.1219003400E+03  -.1069857735E+03
L4 -.3396994349E+02  0.1101443335E+05  0.1107975049E+05  0.1110138497E+05
L5 0.3319556881E+05  0.1213881475E+05  0.9906515466E+04  0.1213107411E+05
L6 0.3417640432E+05  -.3994716919E+06  0.3744248255E+05  -.5383883504E+06
L7 0.0000000000E+00  0.4878354631E+04  0.1298005284E+05  0.2042559074E+05
L8 0.5714266955E+04  0.5747591076E+05  0.0000000000E+00  0.0000000000E+00
L9 0.0000000000E+00  0.0000000000E+00  0.0000000000E+00  0.1042496918E+01  0.0000000000E+00
L0    23000  0.1560000000E+03  -.3143819326E+06  0.8459713822E+05
L1 0.3011896680E+03  0.3011896680E+03  -.3989790708E+12  0.1000000000E+01
L2 0.1000000000E+01  0.1202177970E+03  0.1202177970E+03  0.1202177970E+03
L3 0.1337456650E+07  0.1167763247E+03  0.1836028341E+03  0.6785892271E+02
L4 0.1227460272E+03  0.1107091740E+05  0.1115057938E+05  0.1108493261E+05
L5 0.3330642938E+05  0.9946853245E+04  0.9383257413E+04  0.1043173700E+05
L6 0.2976184766E+05  -.3989790708E+06  0.3745067848E+05  -.5381230578E+06
L7 0.0000000000E+00  0.4788257072E+04  0.1316086156E+05  0.2037872685E+05
L8 0.5814422431E+04  0.5755104057E+05  0.0000000000E+00  0.0000000000E+00
L9 0.0000000000E+00  0.0000000000E+00  0.0000000000E+00  0.1042362039E+01  0.0000000000E+00
L0    24000  0.1580000000E+03  -.3146002884E+06  0.8461470664E+05
L1 0.3012522166E+03  0.3012522166E+03  -.3992149951E+12  0.1000000000E+01
L2 0.1000000000E+01  0.1202110731E+03  0.1202110731E+03  0.1202110731E+03
L3 0.1337269834E+07  -.1327578578E+03  -.1649094769E+03  -.2793711153E+03
L4 -.1923461500E+03  0.1105616036E+05  0.1109457941E+05  0.1103076616E+05
L5 0.3318150594E+05  0.1233388087E+05  0.1268174135E+05  0.1371955768E+05
L6 0.3873517991E+05  -.3992149951E+06  0.3688030735E+05  -.5377319289E+06
L7 0.0000000000E+00  0.4838637230E+04  0.1300182791E+05  0.2043658574E+05
L8 0.5721430021E+04  0.5763814561E+05  0.0000000000E+00  0.0000000000E+00
L9 0.0000000000E+00  0.0000000000E+00  0.0000000000E+00  0.1042507656E+01  0.0000000000E+00
L0    25000  0.1600000000E+03  -.3147983688E+06  0.8456983871E+05
L1 0.3010924741E+03  0.3010924741E+03  -.3993682075E+12  0.1000000000E+01
L2 0.1000000000E+01  0.1201858824E+03  0.1201858824E+03  0.1201858824E+03
L3 0.1336407218E+07  0.3375858130E+02  -.5453120442E+02  -.2304291346E-01
L4 -.6931888680E+01  0.1099598193E+05  0.1104478557E+05  0.1108299255E+05
L5 0.3312376006E+05  0.1067128396E+05  0.1156927952E+05  0.1108321418E+05
L6 0.3332377766E+05  -.3993682075E+06  0.3703218439E+05  -.5378692945E+06
L7 0.0000000000E+00  0.4836904817E+04  0.1292250741E+05  0.2040019447E+05
L8 0.5790485632E+04  0.5751881032E+05  0.0000000000E+00  0.0000000000E+00
L9 0.0000000000E+00  0.0000000000E+00  0.0000000000E+00  0.1043180569E+01  0.0000000000E+00
L0    26000  0.1620000000E+03  -.3157056096E+06  0.8421602007E+05
L1 0.2998327799E+03  0.2998327799E+03  -.3999216297E+12  0.1000000000E+01
L2 0.1000000000E+01  0.1202182285E+03  0.1202182285E+03  0.1202182285E+03
L3 0.1337474930E+07  0.1192668581E+03  -.8920055554E+02  0.2406357611E+03
L4 0.9023402122E+02  0.1093843272E+05  0.1100560803E+05  0.1108778857E+05
L5 0.3303182932E+05  0.9790379535E+04  0.1186424541E+05  0.8771448078E+04
L6 0.3042607302E+05  -.3999216297E+06  0.3756632658E+05  -.5389719504E+06
L7 0.0000000000E+00  0.4811623293E+04  0.1284425461E+05  0.2039678724E+05
L8 0.5818349467E+04  0.5761297945E+05  0.0000000000E+00  0.0000000000E+00
L9 0.0000000000E+00  0.0000000000E+00  0.0000000000E+00  0.1042347792E+01  0.0000000000E+00
L0    27000  0.1640000000E+03  -.3160275065E+06  0.8404459971E+05
L1 0.2992224751E+03  0.2992224751E+03  -.4000721063E+12  0.1000000000E+01
L2 0.1000000000E+01  0.1202114940E+03  0.1202114940E+03  0.1202114940E+03
L3 0.1337255485E+07  -.1229600861E+03  0.4764448006E+02  0.2123799215E+03
L4 0.4568810515E+02  0.1111650431E+05  0.1095667644E+05  0.1097775598E+05
L5 0.3305093674E+05  0.1229991402E+05  0.1049812975E+05  0.8933739360E+04
L6 0.3173178313E+05  -.4000721063E+06  0.3798149268E+05  -.5395490850E+06
L7 0.0000000000E+00  0.4690423169E+04  0.1313684605E+05  0.2039515211E+05
L8 0.5743681365E+04  0.5752938339E+05  0.0000000000E+00  0.0000000000E+00
L9 0.0000000000E+00  0.0000000000E+00  0.0000000000E+00  0.1042518843E+01  0.0000000000E+00
L0    28000  0.1660000000E+03  -.3156902457E+06  0.8378851579E+05
L1 0.2983107442E+03  0.2983107442E+03  -.3994787615E+12  0.1000000000E+01
L2 0.1000000000E+01  0.1201981673E+03  0.1201981673E+03  0.1201981673E+03
L3 0.1336811783E+07  -.1792758761E+03  0.1810825903E+03  0.1102670460E+03
L4 0.3735792006E+02  0.1095482674E+05  0.1090132801E+05  0.1105606564E+05
L5 0.3291222039E+05  0.1267966627E+05  0.9159105815E+04  0.9995170194E+04
L6 0.3183394228E+05  -.3994787615E+06  0.3712125413E+05  -.5381014130E+06
L7 0.0000000000E+00  0.4829932277E+04  0.1289735235E+05  0.2035311948E+05
L8 0.5781884369E+04  0.5763910889E+05  0.0000000000E+00  0.0000000000E+00
L9 0.0000000000E+00  0.0000000000E+00  0.0000000000E+00  0.1042864866E+01  0.0000000000E+00
L0    29000  0.1680000000E+03  -.3158002166E+06  0.8419331189E+05
L1 0.2997519324E+03  0.2997519324E+03  -.3999935285E+12  0.1000000000E+01
L2 0.1000000000E+01  0.1201581570E+03  0.1201581570E+03  0.1201581570E+03
L3 0.1335480530E+07  0.1553564318E+03  -.8351370434E+02  -.4170191019E+02
L4 0.1004693910E+02  0.1109713932E+05  0.1099273040E+05  0.1111111754E+05
L5 0.3320098726E+05  0.9603920761E+04  0.1179542786E+05  0.1151193819E+05
L6 0.3291128681E+05  -.3999935285E+06  0.3755717163E+05  -.5390875534E+06
L7 0.0000000000E+00  0.4850211256E+04  0.1298456742E+05  0.2047436745E+05
L8 0.5725354399E+04  0.5750235275E+05  0.0000000000E+00  0.0000000000E+00
L9 0.0000000000E+00  0.0000000000E+00  0.0000000000E+00  0.1043904430E+01  0.0000000000E+00
L0    30000  0.1700000000E+03  -.3150502309E+06  0.8459730263E+05
L1 0.3011902534E+03  0.3011902534E+03  -.3996475336E+12  0.1000000000E+01
L2 0.1000000000E+01  0.1201617729E+03  0.1201617729E+03  0.1201617729E+03
L3 0.1335582646E+07  0.4509943114E+03  0.1718248099E+03  -.1280088169E+03
L4 0.1649367681E+03  0.1113065641E+05  0.1109230477E+05  0.1111781801E+05
L5 0.3334077919E+05  0.6795563484E+04  0.9440673036E+04  0.1234827724E+05
L6 0.2858451377E+05  -.3996475336E+06  0.3770820831E+05  -.5388788730E+06
L7 0.0000000000E+00  0.4749946699E+04  0.1311208550E+05  0.2035999142E+05
L8 0.5756411950E+04  0.5754469555E+05  0.0000000000E+00  0.0000000000E+00
L9 0.0000000000E+00  0.0000000000E+00  0.0000000000E+00  0.1043824615E+01  0.0000000000E+00
L0    31000  0.1720000000E+03  -.3145793984E+06  0.8454989902E+05
L1 0.3010214832E+03  0.3010214832E+03  -.3991292975E+12  0.1000000000E+01
L2 0.1000000000E+01  0.1201955137E+03  0.1201955137E+03  0.1201955137E+03
L3 0.1336737546E+07  -.8154242132E+02  -.1543375504E+03  -.1183070846E+02
L4 -.8257022674E+02  0.1105106713E+05  0.1107072420E+05  0.1098358290E+05
L5 0.3310537423E+05  0.1183555518E+05  0.1255554598E+05  0.1109740156E+05
L6 0.3548850272E+05  -.3991292975E+06  0.3750838472E+05  -.5382768244E+06
L7 0.0000000000E+00  0.4772807298E+04  0.1321890849E+05  0.2035895943E+05
L8 0.5757534408E+04  0.5753093256E+05  0.0000000000E+00  0.0000000000E+00
L9 0.0000000000E+00  0.0000000000E+00  0.0000000000E+00  0.1042922783E+01  0.0000000000E+00
L0    32000  0.1740000000E+03  -.3148025087E+06  0.8439345070E+05
L1 0.3004644830E+03  0.3004644830E+03  -.3991959594E+12  0.1000000000E+01
L2 0.1000000000E+01  0.1201971722E+03  0.1201971722E+03  0.1201971722E+03
L3 0.1336768038E+07  0.1285355963E+03  0.7402784587E+02  0.1747889710E+03
L4 0.1257841377E+03  0.1101994245E+05  0.1112613629E+05  0.1116486630E+05
L5 0.3331094504E+05  0.9783323067E+04  0.1041392681E+05  0.9483250968E+04
L6 0.2968050085E+05  -.3991959594E+06  0.3714987287E+05  -.5376746853E+06
L7 0.0000000000E+00  0.4751670938E+04  0.1304393213E+05  0.2037485817E+05
L8 0.5790976893E+04  0.5736741490E+05  0.0000000000E+00  0.0000000000E+00
L9 0.0000000000E+00  0.0000000000E+00  0.0000000000E+00  0.1042898993E+01  0.0000000000E+00
L0    33000  0.1760000000E+03  -.3154386749E+06  0.8395884072E+05
L1 0.2989171489E+03  0.2989171489E+03  -.3993975157E+12  0.1000000000E+01
L2 0.1000000000E+01  0.1201838088E+03  0.1201838088E+03  0.1201838088E+03
L3 0.1336349498E+07  -.4176424625E+02  -.2637224336E+03  -.3527993694E+01
L4 -.1030048912E+03  0.1098907015E+05  0.1091535571E+05  0.1104138511E+05
L5 0.3294581098E+05  0.1139075114E+05  0.1345179055E+05  0.1107531672E+05
L6 0.3591785842E+05  -.3993975157E+06  0.3746113430E+05  -.5382129724E+06
L7 0.0000000000E+00  0.4783173254E+04  0.1295788497E+05  0.2043673202E+05
L8 0.5720435365E+04  0.5745609686E+05  0.0000000000E+00  0.0000000000E+00
L9 0.0000000000E+00  0.0000000000E+00  0.0000000000E+00  0.1043225625E+01  0.0000000000E+00
L0    34000  0.1780000000E+03  -.3151615015E+06  0.8417041323E+05
L1 0.2996704067E+03  0.2996704067E+03  -.3993319148E+12  0.1000000000E+01
L2 0.1000000000E+01  0.1201843737E+03  0.1201843737E+03  0.1201843737E+03
L3 0.1336372097E+07  -.3847342649E+02  -.1855953326E+03  -.1794618895E+03
L4 -.1345102162E+03  0.1098995556E+05  0.1115866357E+05  0.1096780446E+05
L5 0.3311642360E+05  0.1135999230E+05  0.1294371622E+05  0.1269386576E+05
L6 0.3699757429E+05  -.3993319148E+06  0.3712526137E+05  -.5379044846E+06
L7 0.0000000000E+00  0.4683220363E+04  0.1315327911E+05  0.2034426904E+05
L8 0.5742306293E+04  0.5752423367E+05  0.0000000000E+00  0.0000000000E+00
L9 0.0000000000E+00  0.0000000000E+00  0.0000000000E+00  0.1043207984E+01  0.0000000000E+00
L0    35000  0.1800000000E+03  -.3151767865E+06  0.8401598296E+05
L1 0.2991205914E+03  0.2991205914E+03  -.3991927695E+12  0.1000000000E+01
L2 0.1000000000E+01  0.1201742131E+03  0.1201742131E+03  0.1201742131E+03
L3 0.1336029185E+07  -.8198649172E+02  0.5384091116E+02  -.2746088611E+03
L4 -.1009181472E+03  0.1105285192E+05  0.1103974001E+05  0.1110756910E+05
L5 0.3320016103E+05  0.1184119422E+05  0.1052203195E+05  0.1374807457E+05
L6 0.3611130075E+05  -.3991927695E+06  0.3717660028E+05  -.5379342366E+06
L7 0.0000000000E+00  0.4812151856E+04  0.1309937234E+05  0.2034074193E+05
L8 0.5817577260E+04  0.5749502346E+05  0.0000000000E+00  0.0000000000E+00
L9 0.0000000000E+00  0.0000000000E+00  0.0000000000E+00  0.1043475739E+01  0.0000000000E+00
L0    36000  0.1820000000E+03  -.3154133514E+06  0.8411438179E+05
L1 0.2994709190E+03  0.2994709190E+03  -.3995277332E+12  0.1000000000E+01
L2 0.1000000000E+01  0.1201740052E+03  0.1201740052E+03  0.1201740052E+03
L3 0.1336007071E+07  0.3206686934E+03  0.2828919462E+01  -.2441059216E+03
L4 0.2646389709E+02  0.1106064973E+05  0.1100519834E+05  0.1094505723E+05
L5 0.3301090530E+05  0.7977306313E+04  0.1097799727E+05  0.1329222239E+05
L6 0.3224752598E+05  -.3995277332E+06  0.3712161719E+05  -.5382994195E+06
L7 0.0000000000E+00  0.4776157576E+04  0.1313488738E+05  0.2040840702E+05
L8 0.5769974474E+04  0.5756064273E+05  0.0000000000E+00  0.0000000000E+00
L9 0.0000000000E+00  0.0000000000E+00  0.0000000000E+00  0.1043493011E+01  0.0000000000E+00
L0    37000  0.1840000000E+03  -.3156605180E+06  0.8386823331E+05
L1 0.2985945610E+03  0.2985945610E+03  -.3995287513E+12  0.1000000000E+01
L2 0.1000000000E+01  0.1201479564E+03  0.1201479564E+03  0.1201479564E+03
L3 0.1335120644E+07  0.2261849267E+03  0.7781081456E+02  0.2247749626E+03
L4 0.1762569013E+03  0.1093947050E+05  0.1095078094E+05  0.1087849779E+05
L5 0.3276874923E+05  0.8766065052E+04  0.1020309872E+05  0.8718640659E+04
L6 0.2768780443E+05  -.3995287513E+06  0.3734543127E+05  -.5383797470E+06
L7 0.0000000000E+00  0.4731741708E+04  0.1301399588E+05  0.2043623301E+05
L8 0.5815233607E+04  0.5750836016E+05  0.0000000000E+00  0.0000000000E+00
L9 0.0000000000E+00  0.0000000000E+00  0.0000000000E+00  0.1044185817E+01  0.0000000000E+00
L0    38000  0.1860000000E+03  -.3150871365E+06  0.8437196751E+05
L1 0.3003879968E+03  0.3003879968E+03  -.3994591040E+12  0.1000000000E+01
L2 0.1000000000E+01  0.1201715999E+03  0.1201715999E+03  0.1201715999E+03
L3 0.1335923335E+07  0.1730371975E+03  -.4736574709E+02  0.4217961335E+02
L4 0.5595035459E+02  0.1098613876E+05  0.1106567001E+05  0.1102012144E+05
L5 0.3307193021E+05  0.9322428907E+04  0.1152107995E+05  0.1061457489E+05
L6 0.3145808375E+05  -.3994591040E+06  0.3758259339E+05  -.5386045035E+06
L7 0.0000000000E+00  0.4892388691E+04  0.1309965786E+05  0.2030960882E+05
L8 0.5748956848E+04  0.5751219394E+05  0.0000000000E+00  0.0000000000E+00
L9 0.0000000000E+00  0.0000000000E+00  0.0000000000E+00  0.1043558417E+01  0.0000000000E+00
L0    39000  0.1880000000E+03  -.3149220469E+06  0.8444862259E+05
L1 0.3006609105E+03  0.3006609105E+03  -.3993706694E+12  0.1000000000E+01
L2 0.1000000000E+01  0.1201750923E+03  0.1201750923E+03  0.1201750923E+03
L3 0.1336055254E+07  0.2524667101E+03  -.1239698480E+03  -.3493044803E+03
L4 -.7360253941E+02  0.1102885011E+05  0.1112551954E+05  0.1117766960E+05
L5 0.3333203925E+05  0.8601205446E+04  0.1231757666E+05  0.1453647742E+05
L6 0.3545525952E+05  -.3993706694E+06  0.3720830396E+05  -.5380099146E+06
L7 0.0000000000E+00  0.4656189835E+04  0.1317364521E+05  0.2026165569E+05
L8 0.5791263949E+04  0.5754818647E+05  0.0000000000E+00  0.0000000000E+00
L9 0.0000000000E+00  0.0000000000E+00  0.0000000000E+00  0.1043455379E+01  0.0000000000E+00
L0    40000  0.1900000000E+03  -.3153409903E+06  0.8452497091E+05
L1 0.3009327320E+03  0.3009327320E+03  -.3998659612E+12  0.1000000000E+01
L2 0.1000000000E+01  0.1201839090E+03  0.1201839090E+03  0.1201839090E+03
L3 0.1336345881E+07  -.1519626010E+03  0.2003651016E+03  -.1822591498E+03
L4 -.4461888309E+02  0.1110936454E+05  0.1115210427E+05  0.1106661823E+05
L5 0.3332808704E+05  0.1257090949E+05  0.9225034052E+04  0.1281954914E+05
L6 0.3461549269E+05  -.3998659612E+06  0.3762451896E+05  -.5387166666E+06
L7 0.0000000000E+00  0.4726254969E+04  0.1301480454E+05  0.2038516600E+05
L8 0.5752427269E+04  0.5734753368E+05  0.0000000000E+00  0.0000000000E+00
L9 0.0000000000E+00  0.0000000000E+00  0.0000000000E+00  0.1043228449E+01  0.0000000000E+00
L0    41000  0.1920000000E+03  -.3153601789E+06  0.8413774489E+05
L1 0.2995540982E+03  0.2995540982E+03  -.3994979238E+12  0.1000000000E+01
L2 0.1000000000E+01  0.1201654766E+03  0.1201654766E+03  0.1201654766E+03
L3 0.1335724943E+07  -.1495396562E+02  -.4209361064E+02  0.7863317295E+02
L4 0.7195198895E+01  0.1107784408E+05  0.1101806591E+05  0.1090378420E+05
L5 0.3299969420E+05  0.1122160141E+05  0.1142272546E+05  0.1014785797E+05
L6 0.3279218484E+05  -.3994979238E+06  0.3729924488E+05  -.5384128563E+06
L7 0.0000000000E+00  0.4873532411E+04  0.1311660622E+05  0.2034041286E+05
L8 0.5828258380E+04  0.5745687776E+05  0.0000000000E+00  0.0000000000E+00
L9 0.0000000000E+00  0.0000000000E+00  0.0000000000E+00  0.1043713415E+01  0.0000000000E+00
L0    42000  0.1940000000E+03  -.3154681243E+06  0.8430470451E+05
L1 0.3001485215E+03  0.3001485215E+03  -.3997728288E+12  0.1000000000E+01
L2 0.1000000000E+01  0.1201557399E+03  0.1201557399E+03  0.1201557399E+03
L3 0.1335394544E+07  -.1184491415E+03  -.8169824448E+02  0.3661208879E+03
L4 0.5532450065E+02  0.1122533441E+05  0.1097885856E+05  0.1090413929E+05
L5 0.3310833225E+05  0.1236374282E+05  0.1176405605E+05  0.7385370873E+04
L6 0.3151316974E+05  -.3997728288E+06  0.3713917357E+05  -.5382834338E+06
L7 0.0000000000E+00  0.4817354111E+04  0.1287480064E+05  0.2039521792E+05
L8 0.5762671771E+04  0.5752138697E+05  0.0000000000E+00  0.0000000000E+00
L9 0.0000000000E+00  0.0000000000E+00  0.0000000000E+00  0.1043971646E+01  0.0000000000E+00
L0    43000  0.1960000000E+03  -.3153348339E+06  0.8415937565E+05
L1 0.2996311098E+03  0.2996311098E+03  -.3994942096E+12  0.1000000000E+01
L2 0.1000000000E+01  0.1201503560E+03  0.1201503560E+03  0.1201503560E+03
L3 0.1335226800E+07  0.1876865342E+02  -.2994207750E+03  0.1504989549E+03
L4 -.4338438891E+02  0.1106463186E+05  0.1095719242E+05  0.1100194816E+05
L5 0.3302377245E+05  0.1088426999E+05  0.1383454811E+05  0.9555692394E+04
L6 0.3427451049E+05  -.3994942096E+06  0.3731028000E+05  -.5383221185E+06
L7 0.0000000000E+00  0.4858265449E+04  0.1302956738E+05  0.2034770032E+05
L8 0.5779377707E+04  0.5750271811E+05  0.0000000000E+00  0.0000000000E+00
L9 0.0000000000E+00  0.0000000000E+00  0.0000000000E+00  0.1044102801E+01  0.0000000000E+00
L0    44000  0.1980000000E+03  -.3155231988E+06  0.8403425687E+05
L1 0.2991856517E+03  0.2991856517E+03  -.3995574556E+12  0.1000000000E+01
L2 0.1000000000E+01  0.1201640768E+03  0.1201640768E+03  0.1201640768E+03
L3 0.1335692665E+07  -.2004751587E+03  -.2019073495E+03  0.6129234570E+02
L4 -.1136967208E+03  0.1099296318E+05  0.1098519728E+05  0.1105019399E+05
L5 0.3302835445E+05  0.1292014942E+05  0.1292615131E+05  0.1046098500E+05
L6 0.3630728573E+05  -.3995574556E+06  0.3730854595E+05  -.5381200871E+06
L7 0.0000000000E+00  0.4837477560E+04  0.1305100105E+05  0.2029156595E+05
L8 0.5730680271E+04  0.5734336064E+05  0.0000000000E+00  0.0000000000E+00
L9 0.0000000000E+00  0.0000000000E+00  0.0000000000E+00  0.1043738637E+01  0.0000000000E+00
L0    45000  0.2000000000E+03  -.3155696032E+06  0.8405191552E+05
L1 0.2992485215E+03  0.2992485215E+03  -.3996215187E+12  0.1000000000E+01
L2 0.1000000000E+01  0.1201472599E+03  0.1201472599E+03  0.1201472599E+03
L3 0.1335099315E+07  0.7985824362E+02  0.4266415930E+02  0.3586533922E+03
L4 0.1603919317E+03  0.1091657933E+05  0.1099055618E+05  0.1116177525E+05
L5 0.3306891077E+05  0.1014923568E+05  0.1058060386E+05  0.7715538605E+04
L6 0.2844537815E+05  -.3996215187E+06  0.3707282319E+05  -.5379761534E+06
L7 0.0000000000E+00  0.4751656222E+04  0.1289652928E+05  0.2032800666E+05
L8 0.5774063717E+04  0.5753155559E+05  0.0000000000E+00  0.0000000000E+00
L9 0.0000000000E+00  0.0000000000E+00  0.0000000000E+00  0.1044202499E+01  0.0000000000E+00
L0    46000  0.2020000000E+03  -.3159013313E+06  0.8419954307E+05
L1 0.2997741172E+03  0.2997741172E+03  -.4001008743E+12  0.1000000000E+01
L2 0.1000000000E+01  0.1201679001E+03  0.1201679001E+03  0.1201679001E+03
L3 0.1335814507E+07  -.1302027060E+03  -.7161461515E+02  0.3176539978E+01
L4 -.6621359374E+02  0.1107385591E+05  0.1113402379E+05  0.1103207367E+05
L5 0.3323995338E+05  0.1232562074E+05  0.1182252451E+05  0.1100153452E+05
L6 0.3514967977E+05  -.4001008743E+06  0.3731603542E+05  -.5389379459E+06
L7 0.0000000000E+00  0.4714827828E+04  0.1295681176E+05  0.2039263864E+05
L8 0.5808763437E+04  0.5764799447E+05  0.0000000000E+00  0.0000000000E+00
L9 0.0000000000E+00  0.0000000000E+00  0.0000000000E+00  0.1043643436E+01  0.0000000000E+00
L0    47000  0.2040000000E+03  -.3156390364E+06  0.8391491148E+05
L1 0.2987607484E+03  0.2987607484E+03  -.3995539479E+12  0.1000000000E+01
L2 0.1000000000E+01  0.1202050120E+03  0.1202050120E+03  0.1202050120E+03
L3 0.1337039035E+07  0.4192643737E+02  -.7056278517E+02  0.1692378478E+03
L4 0.4686716668E+02  0.1105065730E+05  0.1109789374E+05  0.1091358751E+05
L5 0.3306213855E+05  0.1064720831E+05  0.1177690407E+05  0.9285048524E+04
L6 0.3170916091E+05  -.3995539479E+06  0.3743434395E+05  -.5384844769E+06
L7 0.0000000000E+00  0.4857127585E+04  0.1297668061E+05  0.2039338377E+05
L8 0.5805612242E+04  0.5746338085E+05  0.0000000000E+00  0.0000000000E+00
L9 0.0000000000E+00  0.0000000000E+00  0.0000000000E+00  0.1042687614E+01  0.0000000000E+00
L0    48000  0.2060000000E+03  -.3156761994E+06  0.8429545657E+05
L1 0.3001155963E+03  0.3001155963E+03  -.3999716560E+12  0.1000000000E+01
L2 0.1000000000E+01  0.1201624143E+03  0.1201624143E+03  0.1201624143E+03
L3 0.1335619223E+07  0.1953241752E+03  0.7312089754E+02  -.1561427565E+03
L4 0.3743410539E+02  0.1121677380E+05  0.1092571315E+05  0.1114558063E+05
L5 0.3328806758E+05  0.9339207683E+04  0.1022283385E+05  0.1264651286E+05
L6 0.3220855439E+05  -.3999716560E+06  0.3803789652E+05  -.5393681785E+06
L7 0.0000000000E+00  0.4805205131E+04  0.1301392816E+05  0.2038944626E+05
L8 0.5729547960E+04  0.5742049856E+05  0.0000000000E+00  0.0000000000E+00
L9 0.0000000000E+00  0.0000000000E+00  0.0000000000E+00  0.1043796029E+01  0.0000000000E+00
L0    49000  0.2080000000E+03  -.3154719749E+06  0.8412630589E+05
L1 0.2995133722E+03  0.2995133722E+03  -.3995982807E+12  0.1000000000E+01
L2 0.1000000000E+01  0.1201256691E+03  0.1201256691E+03  0.1201256691E+03
L3 0.1334402649E+07  0.4099348083E+02  0.1913368385E+02  -.1578509496E+03
L4 -.3257459496E+02  0.1104241512E+05  0.1101018124E+05  0.1097774607E+05
L5 0.3303034243E+05  0.1064872160E+05  0.1082642501E+05  0.1249371631E+05
L6 0.3396886291E+05  -.3995982807E+06  0.3751392526E+05  -.5385895921E+06
L7 0.0000000000E+00  0.4826620117E+04  0.1313728151E+05  0.2040319490E+05
L8 0.5729954551E+04  0.5738033497E+05  0.0000000000E+00  0.0000000000E+00
L9 0.0000000000E+00  0.0000000000E+00  0.0000000000E+00  0.1044747657E+01  0.0000000000E+00
L0    50000  0.2100000000E+03  -.3155746239E+06  0.8426327786E+05
L1 0.3000010310E+03  0.3000010310E+03  -.3998379018E+12  0.1000000000E+01
L2 0.1000000000E+01  0.1201275040E+03  0.1201275040E+03  0.1201275040E+03
L3 0.1334449527E+07  -.2639136877E+02  -.9423648617E+02  0.3825452308E+03
L4 0.8730579196E+02  0.1094809030E+05  0.1111054608E+05  0.1110074764E+05
L5 0.3315938401E+05  0.1120155684E+05  0.1201560700E+05  0.7426727568E+04
L6 0.3064389142E+05  -.3998379018E+06  0.3724556498E+05  -.5385992894E+06
L7 0.0000000000E+00  0.4668381816E+04  0.1311344894E+05  0.2043550375E+05
L8 0.5821028163E+04  0.5747745998E+05  0.0000000000E+00  0.0000000000E+00
L9 0.0000000000E+00  0.0000000000E+00  0.0000000000E+00  0.1044710956E+01  0.0000000000E+00
L0    51000  0.2120000000E+03  -.3156274803E+06  0.8398016416E+05
L1 0.2989930664E+03  0.2989930664E+03  -.3996076445E+12  0.1000000000E+01
L2 0.1000000000E+01  0.1201794600E+03  0.1201794600E+03  0.1201794600E+03
L3 0.1336189067E+07  0.1446371353E+03  -.1768112098E+03  0.1099925969E+03
L4 0.2593950747E+02  0.1105600390E+05  0.1087115716E+05  0.1105441434E+05
L5 0.3298157541E+05  0.9665077005E+04  0.1257149136E+05  0.9996652365E+04
L6 0.3223322073E+05  -.3996076445E+06  0.3735933536E+05  -.5386141737E+06
L7 0.0000000000E+00  0.4748172630E+04  0.1310621319E+05  0.2040345572E+05
L8 0.5762309234E+04  0.5762704313E+05  0.0000000000E+00  0.0000000000E+00
L9 0.0000000000E+00  0.0000000000E+00  0.0000000000E+00  0.1043350881E+01  0.0000000000E+00
L0    52000  0.2140000000E+03  -.3159776677E+06  0.8394585723E+05
L1 0.2988709241E+03  0.2988709241E+03  -.3999235249E+12  0.1000000000E+01
L2 0.1000000000E+01  0.1201707713E+03  0.1201707713E+03  0.1201707713E+03
L3 0.1335899126E+07  -.1774056249E+03  0.1874615529E+03  0.7163519095E+02
L4 0.2723037298E+02  0.1096901576E+05  0.1096879152E+05  0.1094700180E+05
L5 0.3288480908E+05  0.1267469605E+05  0.9166427721E+04  0.1025825964E+05
L6 0.3209938341E+05  -.3999235249E+06  0.3757715706E+05  -.5388508826E+06
L7 0.0000000000E+00  0.4676258371E+04  0.1298669151E+05  0.2037614182E+05
L8 0.5768192404E+04  0.5754291646E+05  0.0000000000E+00  0.0000000000E+00
L9 0.0000000000E+00  0.0000000000E+00  0.0000000000E+00  0.1043577329E+01  0.0000000000E+00
L0    53000  0.2160000000E+03  -.3155045882E+06  0.8436329928E+05
L1 0.3003571355E+03  0.3003571355E+03  -.3998678875E+12  0.1000000000E+01
L2 0.1000000000E+01  0.1201634733E+03  0.1201634733E+03  0.1201634733E+03
L3 0.1335640225E+07  0.1933292299E+03  -.6642501377E+01  0.2859352276E+03
L4 0.1575406520E+03  0.1110883406E+05  0.1107674594E+05  0.1106874509E+05
L5 0.3325432509E+05  0.9250415258E+04  0.1114059841E+05  0.8320131217E+04
L6 0.2871114489E+05  -.3998678875E+06  0.3781948588E+05  -.5389773406E+06
L7 0.0000000000E+00  0.4790201453E+04  0.1301798246E+05  0.2035569348E+05
L8 0.5760955211E+04  0.5736513463E+05  0.0000000000E+00  0.0000000000E+00
L9 0.0000000000E+00  0.0000000000E+00  0.0000000000E+00  0.1043779616E+01  0.0000000000E+00
L0    54000  0.2180000000E+03  -.3159996857E+06  0.8436420743E+05
L1 0.3003603687E+03  0.3003603687E+03  -.4003638932E+12  0.1000000000E+01
L2 0.1000000000E+01  0.1201375461E+03  0.1201375461E+03  0.1201375461E+03
L3 0.1334788827E+07  0.1529161693E+03  -.1290796501E+03  0.1219525819E+03
L4 0.4859636702E+02  0.1103449762E+05  0.1110182910E+05  0.1103941915E+05
L5 0.3317574587E+05  0.9565495056E+04  0.1234184406E+05  0.9867871005E+04
L6 0.3177521012E+05  -.4003638932E+06  0.3730608346E+05  -.5390554524E+06
L7 0.0000000000E+00  0.4737858015E+04  0.1323949435E+05  0.2022476152E+05
L8 0.5693545740E+04  0.5748981613E+05  0.0000000000E+00  0.0000000000E+00
L9 0.0000000000E+00  0.0000000000E+00  0.0000000000E+00  0.1044445393E+01  0.0000000000E+00
L0    55000  0.2200000000E+03  -.3161159823E+06  0.8385760772E+05
L1 0.2985567309E+03  0.2985567309E+03  -.3999735900E+12  0.1000000000E+01
L2 0.1000000000E+01  0.1201194296E+03  0.1201194296E+03  0.1201194296E+03
L3 0.1334184674E+07  0.1642063032E+03  0.2282741715E+02  -.3131351569E+02
L4 0.5190673487E+02  0.1101905610E+05  0.1100732612E+05  0.1101187551E+05
L5 0.3303825773E+05  0.9442307872E+04  0.1078813180E+05  0.1131255538E+05
L6 0.3154299505E+05  -.3999735900E+06  0.3750062959E+05  -.5390600297E+06
L7 0.0000000000E+00  0.4797994530E+04  0.1301340277E+05  0.2043736193E+05
L8 0.5772163773E+04  0.5756488708E+05  0.0000000000E+00  0.0000000000E+00
L9 0.0000000000E+00  0.0000000000E+00  0.0000000000E+00  0.1044918345E+01  0.0000000000E+00
L0    56000  0.2220000000E+03  -.3154993905E+06  0.8406302399E+05
L1 0.2992880707E+03  0.2992880707E+03  -.3995624145E+12  0.1000000000E+01
L2 0.1000000000E+01  0.1201525461E+03  0.1201525461E+03  0.1201525461E+03
L3 0.1335299386E+07  -.1722274090E+03  0.2328551592E+03  -.1799558632E+03
L4 -.3977603765E+02  0.1096646348E+05  0.1102132801E+05  0.1103752788E+05
L5 0.3302531937E+05  0.1262161401E+05  0.8783528916E+04  0.1276695088E+05
L6 0.3417209380E+05  -.3995624145E+06  0.3733937873E+05  -.5384185610E+06
L7 0.0000000000E+00  0.4772924443E+04  0.1320101721E+05  0.2039411497E+05
L8 0.5731901620E+04  0.5741680955E+05  0.0000000000E+00  0.0000000000E+00
L9 0.0000000000E+00  0.0000000000E+00  0.0000000000E+00  0.1044046044E+01  0.0000000000E+00
L0    57000  0.2240000000E+03  -.3149871980E+06  0.8462276071E+05
L1 0.3012808913E+03  0.3012808913E+03  -.3996099587E+12  0.1000000000E+01
L2 0.1000000000E+01  0.1201656453E+03  0.1201656453E+03  0.1201656453E+03
L3 0.1335737967E+07  -.2188865867E+03  -.9660606375E+02  0.1507402128E+03
L4 -.5491747923E+02  0.1100804973E+05  0.1114260747E+05  0.1105503604E+05
L5 0.3320569324E+05  0.1311229810E+05  0.1207132199E+05  0.9605907284E+04
L6 0.3478952738E+05  -.3996099587E+06  0.3793325823E+05  -.5389979836E+06
L7 0.0000000000E+00  0.4855197133E+04  0.1308853692E+05  0.2035459092E+05
L8 0.5730594556E+04  0.5742584716E+05  0.0000000000E+00  0.0000000000E+00
L9 0.0000000000E+00  0.0000000000E+00  0.0000000000E+00  0.1043703238E+01  0.0000000000E+00
L0    58000  0.2260000000E+03  -.3149254690E+06  0.8428845823E+05
L1 0.3000906802E+03  0.3000906802E+03  -.3992139272E+12  0.1000000000E+01
L2 0.1000000000E+01  0.1201361935E+03  0.1201361935E+03  0.1201361935E+03
L3 0.1334733025E+07  0.7875776432E+02  -.2110263898E+02  0.3582069416E+03
L4 0.1386206890E+03  0.1106041418E+05  0.1099090694E+05  0.1102434403E+05
L5 0.3307566516E+05  0.1030385246E+05  0.1119362282E+05  0.7583341567E+04
L6 0.2908081684E+05  -.3992139272E+06  0.3735386213E+05  -.5380494998E+06
L7 0.0000000000E+00  0.4800914096E+04  0.1318683891E+05  0.2027804058E+05
L8 0.5789481883E+04  0.5742643503E+05  0.0000000000E+00  0.0000000000E+00
L9 0.0000000000E+00  0.0000000000E+00  0.0000000000E+00  0.1044489059E+01  0.0000000000E+00
L0    59000  0.2280000000E+03  -.3149060434E+06  0.8428299806E+05
L1 0.3000712405E+03  0.3000712405E+03  -.3991890415E+12  0.1000000000E+01
L2 0.1000000000E+01  0.1201677171E+03  0.1201677171E+03  0.1201677171E+03
L3 0.1335821301E+07  0.4332393118E+02  -.2930516282E+03  -.2736140917E+03
L4 -.1744472629E+03  0.1102779599E+05  0.1091521857E+05  0.1116295482E+05
L5 0.3310596938E+05  0.1061127892E+05  0.1373262229E+05  0.1379348570E+05
L6 0.3813738692E+05  -.3991890415E+06  0.3709394447E+05  -.5375977687E+06
L7 0.0000000000E+00  0.4752587304E+04  0.1289385847E+05  0.2038521114E+05
L8 0.5794772399E+04  0.5748835343E+05  0.0000000000E+00  0.0000000000E+00
L9 0.0000000000E+00  0.0000000000E+00  0.0000000000E+00  0.1043638127E+01  0.0000000000E+00
L0    60000  0.2300000000E+03  -.3160112519E+06  0.8433155102E+05
L1 0.3002441027E+03  0.3002441027E+03  -.4003428029E+12  0.1000000000E+01
L2 0.1000000000E+01  0.1201416201E+03  0.1201416201E+03  0.1201416201E+03
L3 0.1334926319E+07  0.5929211955E+02  0.1004961102E+03  -.5673739733E+02
L4 0.3435027747E+02  0.1104943028E+05  0.1111529904E+05  0.1104949256E+05
L5 0.3321422188E+05  0.1047977667E+05  0.1014977492E+05  0.1159460148E+05
L6 0.3222415307E+05  -.4003428029E+06  0.3756085027E+05  -.5391242337E+06
L7 0.0000000000E+00  0.4728775908E+04  0.1303258136E+05  0.2033510359E+05
L8 0.5743772457E+04  0.5738034715E+05  0.0000000000E+00  0.0000000000E+00
L9 0.0000000000E+00  0.0000000000E+00  0.0000000000E+00  0.1044337820E+01  0.0000000000E+00
L0    61000  0.2320000000E+03  -.3157340979E+06  0.8446262748E+05
L1 0.3007107718E+03  0.3007107718E+03  -.4001967254E+12  0.1000000000E+01
L2 0.1000000000E+01  0.1201380608E+03  0.1201380608E+03  0.1201380608E+03
L3 0.1334794065E+07  0.1885347129E+02  0.6343828951E+02  0.3637174717E+03
L4 0.1486697442E+03  0.1106035329E+05  0.1110597875E+05  0.1105395651E+05
L5 0.3322028855E+05  0.1087923506E+05  0.1049655088E+05  0.7559859079E+04
L6 0.2893564502E+05  -.4001967254E+06  0.3705034430E+05  -.5383387105E+06
L7 0.0000000000E+00  0.4634890037E+04  0.1295336890E+05  0.2031615515E+05
L8 0.5791567521E+04  0.5739565919E+05  0.0000000000E+00  0.0000000000E+00
L9 0.0000000000E+00  0.0000000000E+00  0.0000000000E+00  0.1044441294E+01  0.0000000000E+00
L0    62000  0.2340000000E+03  -.3148412142E+06  0.8443604267E+05
L1 0.3006161224E+03  0.3006161224E+03  -.3992772569E+12  0.1000000000E+01
L2 0.1000000000E+01  0.1202234452E+03  0.1202234452E+03  0.1202234452E+03
L3 0.1337667261E+07  0.1085782693E+03  -.2311013182E+03  -.6456480564E+02
L4 -.6236261818E+02  0.1103991683E+05  0.1121159530E+05  0.1109366653E+05
L5 0.3334517866E+05  0.9994600838E+04  0.1343647791E+05  0.1171525153E+05
L6 0.3514633028E+05  -.3992772569E+06  0.3742428438E+05  -.5382623886E+06
L7 0.0000000000E+00  0.4770624748E+04  0.1316167533E+05  0.2031990277E+05
L8 0.5788383169E+04  0.5752026134E+05  0.0000000000E+00  0.0000000000E+00
L9 0.0000000000E+00  0.0000000000E+00  0.0000000000E+00  0.1042197923E+01  0.0000000000E+00
L0    63000  0.2360000000E+03  -.3154350053E+06  0.8398819228E+05
L1 0.2990216488E+03  0.2990216488E+03  -.3994231976E+12  0.1000000000E+01
L2 0.1000000000E+01  0.1202068276E+03  0.1202068276E+03  0.1202068276E+03
L3 0.1337110827E+07  0.3223868750E+03  -.2995165102E+03  -.1641286031E+03
L4 -.4708607945E+02  0.1107959598E+05  0.1093223226E+05  0.1087845255E+05
L5 0.3289028079E+05  0.7977170644E+04  0.1381456923E+05  0.1245791119E+05
L6 0.3424965107E+05  -.3994231976E+06  0.3779595995E+05  -.5385804818E+06
L7 0.0000000000E+00  0.4685525195E+04  0.1298329598E+05  0.2036842976E+05
L8 0.5801606239E+04  0.5752246704E+05  0.0000000000E+00  0.0000000000E+00
L9 0.0000000000E+00  0.0000000000E+00  0.0000000000E+00  0.1042631630E+01  0.0000000000E+00
L0    64000  0.2380000000E+03  -.3159330774E+06  0.8405404347E+05
L1 0.2992560976E+03  0.2992560976E+03  -.3999871209E+12  0.1000000000E+01
L2 0.1000000000E+01  0.1201698933E+03  0.1201698933E+03  0.1201698933E+03
L3 0.1335869214E+07  -.2374010204E+03  0.7191338759E+02  0.2630081003E+03
L4 0.3250682248E+02  0.1105199758E+05  0.1110290427E+05  0.1093674609E+05
L5 0.3309164794E+05  0.1333445720E+05  0.1041150285E+05  0.8408090703E+04
L6 0.3215405075E+05  -.3999871209E+06  0.3732389244E+05  -.5385692389E+06
L7 0.0000000000E+00  0.4717757559E+04  0.1297463651E+05  0.2028108856E+05
L8 0.5786974490E+04  0.5749776846E+05  0.0000000000E+00  0.0000000000E+00
L9 0.0000000000E+00  0.0000000000E+00  0.0000000000E+00  0.1043600696E+01  0.0000000000E+00
L0    65000  0.2400000000E+03  -.3160152489E+06  0.8428897675E+05
L1 0.3000925263E+03  0.3000925263E+03  -.4003042257E+12  0.1000000000E+01
L2 0.1000000000E+01  0.1201830990E+03  0.1201830990E+03  0.1201830990E+03
L3 0.1336304683E+07  -.1329956322E+03  0.1043612752E+03  0.2515625219E+03
L4 0.7430938830E+02  0.1091411848E+05  0.1105185224E+05  0.1111008040E+05
L5 0.3307605112E+05  0.1219320361E+05  0.1004815796E+05  0.8690678537E+04
L6 0.3093204011E+05  -.4003042257E+06  0.3732975966E+05  -.5390593629E+06
L7 0.0000000000E+00  0.4720910117E+04  0.1306551449E+05  0.2039778318E+05
L8 0.5758783139E+04  0.5748238659E+05  0.0000000000E+00  0.0000000000E+00
L9 0.0000000000E+00  0.0000000000E+00  0.0000000000E+00  0.1043260612E+01  0.0000000000E+00
L0    66000  0.2420000000E+03  -.3152780052E+06  0.8439199877E+05
L1 0.3004593138E+03  0.3004593138E+03  -.3996700040E+12  0.1000000000E+01
L2 0.1000000000E+01  0.1202058667E+03  0.1202058667E+03  0.1202058667E+03
L3 0.1337059316E+07  0.3246621698E+02  0.2220737116E+03  0.9333188226E+02
L4 0.1159572703E+03  0.1102137560E+05  0.1116034349E+05  0.1091497024E+05
L5 0.3309668933E+05  0.1070895552E+05  0.9023344064E+04  0.1001684422E+05
L6 0.2974914380E+05  -.3996700040E+06  0.3733334776E+05  -.5383370703E+06
L7 0.0000000000E+00  0.4797476879E+04  0.1314328803E+05  0.2034583558E+05
L8 0.5727873678E+04  0.5731924435E+05  0.0000000000E+00  0.0000000000E+00
L9 0.0000000000E+00  0.0000000000E+00  0.0000000000E+00  0.1042671798E+01  0.0000000000E+00
L0    67000  0.2440000000E+03  -.3145996342E+06  0.8467457883E+05
L1 0.3014653784E+03  0.3014653784E+03  -.3992742130E+12  0.1000000000E+01
L2 0.1000000000E+01  0.1202059777E+03  0.1202059777E+03  0.1202059777E+03
L3 0.1337074749E+07  0.1013552190E+02  0.6002405962E+02  -.1729629311E+02
L4 0.1762109614E+02  0.1121828126E+05  0.1103835534E+05  0.1116096332E+05
L5 0.3341759991E+05  0.1112074673E+05  0.1046074144E+05  0.1132740623E+05
L6 0.3290889440E+05  -.3992742130E+06  0.3725932733E+05  -.5378754144E+06
L7 0.0000000000E+00  0.4762284719E+04  0.1296440285E+05  0.2039631017E+05
L8 0.5727297816E+04  0.5749157849E+05  0.0000000000E+00  0.0000000000E+00
L9 0.0000000000E+00  0.0000000000E+00  0.0000000000E+00  0.1042659763E+01  0.0000000000E+00
L0    68000  0.2460000000E+03  -.3149173986E+06  0.8431948440E+05
L1 0.3002011421E+03  0.3002011421E+03  -.3992368830E+12  0.1000000000E+01
L2 0.1000000000E+01  0.1202067625E+03  0.1202067625E+03  0.1202067625E+03
L3 0.1337120080E+07  -.2526274201E+03  -.9238017679E+02  -.8358246879E+02
L4 -.1428633552E+03  0.1111600475E+05  0.1104831992E+05  0.1098353882E+05
L5 0.3314786349E+05  0.1354713081E+05  0.1193732814E+05  0.1178788349E+05
L6 0.3727234244E+05  -.3992368830E+06  0.3692273231E+05  -.5374242280E+06
L7 0.0000000000E+00  0.4723025644E+04  0.1297013662E+05  0.2031550314E+05
L8 0.5759880029E+04  0.5749606733E+05  0.0000000000E+00  0.0000000000E+00
L9 0.0000000000E+00  0.0000000000E+00  0.0000000000E+00  0.1042624415E+01  0.0000000000E+00
L0    69000  0.2480000000E+03  -.3146436847E+06  0.8461541562E+05
L1 0.3012547407E+03  0.3012547407E+03  -.3992591003E+12  0.1000000000E+01
L2 0.1000000000E+01  0.1202059029E+03  0.1202059029E+03  0.1202059029E+03
L3 0.1337069791E+07  0.5642446014E+02  -.1897879474E+02  0.7732179548E+02
L4 0.3825582030E+02  0.1104595062E+05  0.1107069972E+05  0.1108483312E+05
L5 0.3320148346E+05  0.1050297783E+05  0.1125333274E+05  0.1034076518E+05
L6 0.3209707575E+05  -.3992591003E+06  0.3743659374E+05  -.5379869567E+06
L7 0.0000000000E+00  0.4708212023E+04  0.1296885430E+05  0.2034184421E+05
L8 0.5794116711E+04  0.5747823542E+05  0.0000000000E+00  0.0000000000E+00
L9 0.0000000000E+00  0.0000000000E+00  0.0000000000E+00  0.1042663629E+01  0.0000000000E+00
L0    70000  0.2500000000E+03  -.3153460183E+06  0.8415964409E+05
L1 0.2996320656E+03  0.2996320656E+03  -.3995056624E+12  0.1000000000E+01
L2 0.1000000000E+01  0.1201727396E+03  0.1201727396E+03  0.1201727396E+03
L3 0.1335966711E+07  -.1141205255E+03  0.9488768762E+02  0.5199020217E+02
L4 0.1091912142E+02  0.1110124243E+05  0.1106346270E+05  0.1112587016E+05
L5 0.3329057529E+05  0.1219851868E+05  0.1015111143E+05  0.1062598099E+05
L6 0.3297561111E+05  -.3995056624E+06  0.3670063588E+05  -.5375130361E+06
L7 0.0000000000E+00  0.4708746623E+04  0.1298383407E+05  0.2031883687E+05
L8 0.5765005347E+04  0.5753031492E+05  0.0000000000E+00  0.0000000000E+00
L9 0.0000000000E+00  0.0000000000E+00  0.0000000000E+00  0.1043524535E+01  0.0000000000E+00
L0    71000  0.2520000000E+03  -.3162034334E+06  0.8395626612E+05
L1 0.2989079826E+03  0.2989079826E+03  -.4001596995E+12  0.1000000000E+01
L2 0.1000000000E+01  0.1201169304E+03  0.1201169304E+03  0.1201169304E+03
L3 0.1334081049E+07  0.1591352557E+03  0.2420249059E+03  0.2675910473E+03
L4 0.2229170697E+03  0.1102077870E+05  0.1094239819E+05  0.1112966328E+05
L5 0.3309284016E+05  0.9492842568E+04  0.8618597611E+04  0.8560389560E+04
L6 0.2667182974E+05  -.4001596995E+06  0.3785767729E+05  -.5395684337E+06
L7 0.0000000000E+00  0.4771944754E+04  0.1314510210E+05  0.2039197982E+05
L8 0.5790695209E+04  0.5745133503E+05  0.0000000000E+00  0.0000000000E+00
L9 0.0000000000E+00  0.0000000000E+00  0.0000000000E+00  0.1044999509E+01  0.0000000000E+00
L0    72000  0.2540000000E+03  -.3157383845E+06  0.8429222245E+05
L1 0.3001040819E+03  0.3001040819E+03  -.4000306070E+12  0.1000000000E+01
L2 0.1000000000E+01  0.1201232569E+03  0.1201232569E+03  0.1201232569E+03
L3 0.1334310926E+07  0.2057419022E+03  -.2052648079E+03  0.1875646933E+03
L4 0.6268059585E+02  0.1118220457E+05  0.1103773867E+05  0.1111371082E+05
L5 0.3333365406E+05  0.9206434632E+04  0.1300892700E+05  0.9312499313E+04
L6 0.3152786094E+05  -.4000306070E+06  0.3749004202E+05  -.5389528264E+06
L7 0.0000000000E+00  0.4782897212E+04  0.1300174340E+05  0.2037763991E+05
L8 0.5761597994E+04  0.5750829888E+05  0.0000000000E+00  0.0000000000E+00
L9 0.0000000000E+00  0.0000000000E+00  0.0000000000E+00  0.1044819475E+01  0.0000000000E+00
L0    73000  0.2560000000E+03  -.3155528166E+06  0.8414931559E+05
L1 0.2995952932E+03  0.2995952932E+03  -.3997021322E+12  0.1000000000E+01
L2 0.1000000000E+01  0.1201621458E+03  0.1201621458E+03  0.1201621458E+03
L3 0.1335616181E+07  -.2035286262E+03  -.9600715340E+02  0.2630023817E+03
L4 -.1217779930E+02  0.1096724045E+05  0.1106114749E+05  0.1116206265E+05
L5 0.3319045058E+05  0.1292366792E+05  0.1198402028E+05  0.8633941198E+04
L6 0.3354162940E+05  -.3997021322E+06  0.3760289601E+05  -.5385662559E+06
L7 0.0000000000E+00  0.4705162599E+04  0.1304125660E+05  0.2033902364E+05
L8 0.5800870310E+04  0.5737491459E+05  0.0000000000E+00  0.0000000000E+00
L9 0.0000000000E+00  0.0000000000E+00  0.0000000000E+00  0.1043798406E+01  0.0000000000E+00
L0    74000  0.2580000000E+03  -.3157496152E+06  0.8373302110E+05
L1 0.2981131674E+03  0.2981131674E+03  -.3994826363E+12  0.1000000000E+01
L2 0.1000000000E+01  0.1201730389E+03  0.1201730389E+03  0.1201730389E+03
L3 0.1335955809E+07  0.1107851713E+03  0.1878865508E+03  0.2598933573E+03
L4 0.1861883598E+03  0.1089906851E+05  0.1114519101E+05  0.1098992553E+05
L5 0.3303418505E+05  0.9833870596E+04  0.9338664390E+04  0.8491054441E+04
L6 0.2766358943E+05  -.3994826363E+06  0.3730975653E+05  -.5380418670E+06
L7 0.0000000000E+00  0.4695354765E+04  0.1291214888E+05  0.2034057325E+05
L8 0.5718919924E+04  0.5758247726E+05  0.0000000000E+00  0.0000000000E+00
L9 0.0000000000E+00  0.0000000000E+00  0.0000000000E+00  0.1043533051E+01  0.0000000000E+00
L0    75000  0.2600000000E+03  -.3154428822E+06  0.8394250244E+05
L1 0.2988589801E+03  0.2988589801E+03  -.3993853846E+12  0.1000000000E+01
L2 0.1000000000E+01  0.1201624351E+03  0.1201624351E+03  0.1201624351E+03
L3 0.1335621690E+07  -.2255331118E+03  0.2493360511E+02  0.2682259647E+03
L4 0.2254215266E+02  0.1102641715E+05  0.1092507301E+05  0.1106154610E+05
L5 0.3301303626E+05  0.1319437261E+05  0.1068539670E+05  0.8483202103E+04
L6 0.3236297141E+05  -.3993853846E+06  0.3741125828E+05  -.5384303383E+06
L7 0.0000000000E+00  0.4812792184E+04  0.1319070700E+05  0.2035741157E+05
L8 0.5801561000E+04  0.5747122362E+05  0.0000000000E+00  0.0000000000E+00
L9 0.0000000000E+00  0.0000000000E+00  0.0000000000E+00  0.1043794101E+01  0.0000000000E+00
L0    76000  0.2620000000E+03  -.3153698708E+06  0.8439690243E+05
L1 0.3004767722E+03  0.3004767722E+03  -.3997667732E+12  0.1000000000E+01
L2 0.1000000000E+01  0.1201777187E+03  0.1201777187E+03  0.1201777187E+03
L3 0.1336134956E+07  0.6698455722E+02  -.4617126726E+02  -.4288726438E+02
L4 -.7357991474E+01  0.1113883989E+05  0.1098769542E+05  0.1092273225E+05
L5 0.3304926756E+05  0.1049469792E+05  0.1143169105E+05  0.1133514801E+05
L6 0.3326153698E+05  -.3997667732E+06  0.3775482246E+05  -.5389255692E+06
L7 0.0000000000E+00  0.4732199881E+04  0.1313692687E+05  0.2029448982E+05
L8 0.5829008640E+04  0.5741134837E+05  0.0000000000E+00  0.0000000000E+00
L9 0.0000000000E+00  0.0000000000E+00  0.0000000000E+00  0.1043393135E+01  0.0000000000E+00
L0    77000  0.2640000000E+03  -.3160215602E+06  0.8418099286E+05
L1 0.2997080732E+03  0.2997080732E+03  -.4002025531E+12  0.1000000000E+01
L2 0.1000000000E+01  0.1201589458E+03  0.1201589458E+03  0.1201589458E+03
L3 0.1335484590E+07  0.3439398670E+03  0.7177652125E+02  0.1745300534E+03
L4 0.1967488139E+03  0.1109601224E+05  0.1092610272E+05  0.1105515522E+05
L5 0.3307727017E+05  0.7790201542E+04  0.1023621587E+05  0.9377643035E+04
L6 0.2740406045E+05  -.4002025531E+06  0.3768222139E+05  -.5393032812E+06
L7 0.0000000000E+00  0.4715128963E+04  0.1303941109E+05  0.2032492287E+05
L8 0.5754872465E+04  0.5758417137E+05  0.0000000000E+00  0.0000000000E+00
L9 0.0000000000E+00  0.0000000000E+00  0.0000000000E+00  0.1043901256E+01  0.0000000000E+00
L0    78000  0.2660000000E+03  -.3155931097E+06  0.8408582336E+05
L1 0.2993692429E+03  0.2993692429E+03  -.3996789331E+12  0.1000000000E+01
L2 0.1000000000E+01  0.1201535262E+03  0.1201535262E+03  0.1201535262E+03
L3 0.1335329763E+07  -.1562967775E+03  0.1787752812E+03  -.8383708546E+02
L4 -.2045286061E+02  0.1101936315E+05  0.1102629765E+05  0.1107787641E+05
L5 0.3312353722E+05  0.1252145031E+05  0.9308181266E+04  0.1188359110E+05
L6 0.3371322268E+05  -.3996789331E+06  0.3683241776E+05  -.5379486217E+06
L7 0.0000000000E+00  0.4742202464E+04  0.1308268765E+05  0.2038881785E+05
L8 0.5748343786E+04  0.5747521909E+05  0.0000000000E+00  0.0000000000E+00
L9 0.0000000000E+00  0.0000000000E+00  0.0000000000E+00  0.1044022293E+01  0.0000000000E+00
L0    79000  0.2680000000E+03  -.3153406213E+06  0.8450102050E+05
L1 0.3008474618E+03  0.3008474618E+03  -.3998416418E+12  0.1000000000E+01
L2 0.1000000000E+01  0.1201390283E+03  0.1201390283E+03  0.1201390283E+03
L3 0.1334846530E+07  -.5832491891E+02  -.6313963225E+01  0.1292496104E+01
L4 -.2111546201E+02  0.1110577722E+05  0.1096523734E+05  0.1108919096E+05
L5 0.3316020553E+05  0.1166610488E+05  0.1102589561E+05  0.1107677395E+05
L6 0.3376877443E+05  -.3998416418E+06  0.3711011463E+05  -.5383132074E+06
L7 0.0000000000E+00  0.4769420640E+04  0.1307053371E+05  0.2033682882E+05
L8 0.5741847155E+04  0.5744282068E+05  0.0000000000E+00  0.0000000000E+00
L9 0.0000000000E+00  0.0000000000E+00  0.0000000000E+00  0.1044400244E+01  0.0000000000E+00
L0    80000  0.2700000000E+03  -.3154210192E+06  0.8417937925E+05
L1 0.2997023283E+03  0.2997023283E+03  -.3996003985E+12  0.1000000000E+01
L2 0.1000000000E+01  0.1201842764E+03  0.1201842764E+03  0.1201842764E+03
L3 0.1336344192E+07  0.2306920270E+03  0.3629326216E+01  -.1728923351E+02
L4 0.7234403990E+02  0.1105446127E+05  0.1094946343E+05  0.1092071948E+05
L5 0.3292464418E+05  0.8835715741E+04  0.1091455736E+05  0.1108700355E+05
L6 0.3083727665E+05  -.3996003985E+06  0.3746380050E+05  -.5384493396E+06
L7 0.0000000000E+00  0.4809853196E+04  0.1299148702E+05  0.2029411915E+05
L8 0.5788065055E+04  0.5750161625E+05  0.0000000000E+00  0.0000000000E+00
L9 0.0000000000E+00  0.0000000000E+00  0.0000000000E+00  0.1043229768E+01  0.0000000000E+00
L0    81000  0.2720000000E+03  -.3152504827E+06  0.8419910297E+05
L1 0.2997725503E+03  0.2997725503E+03  -.3994495856E+12  0.1000000000E+01
L2 0.1000000000E+01  0.1201606986E+03  0.1201606986E+03  0.1201606986E+03
L3 0.1335562873E+07  0.5050734741E+03  -.3788826049E+03  -.3560060532E+02
L4 0.3019675462E+02  0.1100912744E+05  0.1092267855E+05  0.1112666930E+05
L5 0.3305847528E+05  0.6154281213E+04  0.1456455815E+05  0.1146886795E+05
L6 0.3218770732E+05  -.3994495856E+06  0.3720364893E+05  -.5379522725E+06
L7 0.0000000000E+00  0.4829185282E+04  0.1291897970E+05  0.2029675212E+05
L8 0.5777484489E+04  0.5747663634E+05  0.0000000000E+00  0.0000000000E+00
L9 0.0000000000E+00  0.0000000000E+00  0.0000000000E+00  0.1043840069E+01  0.0000000000E+00
L0    82000  0.2740000000E+03  -.3151751953E+06  0.8418432749E+05
L1 0.2997199454E+03  0.2997199454E+03  -.3993595228E+12  0.1000000000E+01
L2 0.1000000000E+01  0.1201627428E+03  0.1201627428E+03  0.1201627428E+03
L3 0.1335645246E+07  -.1565370994E+03  -.1626725471E+03  0.5202621092E+02
L4 -.8906114522E+02  0.1103609435E+05  0.1109182797E+05  0.1100990974E+05
L5 0.3313783206E+05  0.1254084654E+05  0.1265555870E+05  0.1050979471E+05
L6 0.3570619996E+05  -.3993595228E+06  0.3738813903E+05  -.5382397293E+06
L7 0.0000000000E+00  0.4791946251E+04  0.1306821392E+05  0.2033297281E+05
L8 0.5742453889E+04  0.5755648056E+05  0.0000000000E+00  0.0000000000E+00
L9 0.0000000000E+00  0.0000000000E+00  0.0000000000E+00  0.1043775692E+01  0.0000000000E+00
L0    83000  0.2760000000E+03  -.3150154172E+06  0.8447695593E+05
L1 0.3007617852E+03  0.3007617852E+03  -.3994923731E+12  0.1000000000E+01
L2 0.1000000000E+01  0.1201933132E+03  0.1201933132E+03  0.1201933132E+03
L3 0.1336648272E+07  0.7304278749E+02  0.2129907973E+02  0.5700658856E+02
L4 0.5044948526E+02  0.1107792769E+05  0.1108268705E+05  0.1109443360E+05
L5 0.3325504834E+05  0.1037525826E+05  0.1087779054E+05  0.1054603192E+05
L6 0.3179908072E+05  -.3994923731E+06  0.3769985362E+05  -.5384489353E+06
L7 0.0000000000E+00  0.4734266804E+04  0.1302937923E+05  0.2032872021E+05
L8 0.5744668418E+04  0.5741967386E+05  0.0000000000E+00  0.0000000000E+00
L9 0.0000000000E+00  0.0000000000E+00  0.0000000000E+00  0.1042992439E+01  0.0000000000E+00
L0    84000  0.2780000000E+03  -.3152315914E+06  0.8405692711E+05
L1 0.2992663642E+03  0.2992663642E+03  -.3992885185E+12  0.1000000000E+01
L2 0.1000000000E+01  0.1201480194E+03  0.1201480194E+03  0.1201480194E+03
L3 0.1335157923E+07  -.2657912173E+03  0.1283110063E+03  -.2198787385E+03
L4 -.1191196498E+03  0.1112931650E+05  0.1110150432E+05  0.1109736619E+05
L5 0.3332818701E+05  0.1368336914E+05  0.9868532562E+04  0.1321023462E+05
L6 0.3676213632E+05  -.3992885185E+06  0.3705450900E+05  -.5378467286E+06
L7 0.0000000000E+00  0.4802540738E+04  0.1318577362E+05  0.2033836142E+05
L8 0.5781674236E+04  0.5739535109E+05  0.0000000000E+00  0.0000000000E+00
L9 0.0000000000E+00  0.0000000000E+00  0.0000000000E+00  0.1044156663E+01  0.0000000000E+00
L0    85000  0.2800000000E+03  -.3152921420E+06  0.8427183866E+05
L1 0.3000315099E+03  0.3000315099E+03  -.3995639806E+12  0.1000000000E+01
L2 0.1000000000E+01  0.1201401363E+03  0.1201401363E+03  0.1201401363E+03
L3 0.1334867347E+07  -.1575734467E+03  0.2997630984E+03  0.2004955968E+03
L4 0.1142284162E+03  0.1099447973E+05  0.1107359222E+05  0.1104520041E+05
L5 0.3311327236E+05  0.1250831188E+05  0.8193722381E+04  0.9119008616E+04
L6 0.2982104288E+05  -.3995639806E+06  0.3715226451E+05  -.5384272048E+06
L7 0.0000000000E+00  0.4874986189E+04  0.1310026735E+05  0.2039639735E+05
L8 0.5798097664E+04  0.5754121111E+05  0.0000000000E+00  0.0000000000E+00
L9 0.0000000000E+00  0.0000000000E+00  0.0000000000E+00  0.1044383956E+01  0.0000000000E+00
L0    86000  0.2820000000E+03  -.3153311246E+06  0.8436545529E+05
L1 0.3003648114E+03  0.3003648114E+03  -.3996965799E+12  0.1000000000E+01
L2 0.1000000000E+01  0.1201812080E+03  0.1201812080E+03  0.1201812080E+03
L3 0.1336246890E+07  0.2612502332E+02  -.3714400938E+02  0.1009757779E+03
L4 0.2998559729E+02  0.1101746856E+05  0.1103174320E+05  0.1110097080E+05
L5 0.3315018255E+05  0.1076622208E+05  0.1138896015E+05  0.1012987853E+05
L6 0.3228506077E+05  -.3996965799E+06  0.3699342274E+05  -.5380695832E+06
L7 0.0000000000E+00  0.4720085840E+04  0.1300489163E+05  0.2029837245E+05
L8 0.5790426452E+04  0.5756580414E+05  0.0000000000E+00  0.0000000000E+00
L9 0.0000000000E+00  0.0000000000E+00  0.0000000000E+00  0.1043305733E+01  0.0000000000E+00
L0    87000  0.2840000000E+03  -.3151684170E+06  0.8466529826E+05
L1 0.3014323370E+03  0.3014323370E+03  -.3998337153E+12  0.1000000000E+01
L2 0.1000000000E+01  0.1200999962E+03  0.1200999962E+03  0.1200999962E+03
L3 0.1333560215E+07  -.1491814033E+03  -.3040966441E+03  0.2928242082E+02
L4 -.1413318755E+03  0.1121934177E+05  0.1120721174E+05  0.1113519359E+05
L5 0.3356174710E+05  0.1265114685E+05  0.1412585381E+05  0.1085414838E+05
L6 0.3763114904E+05  -.3998337153E+06  0.3706347237E+05  -.5380748853E+06
L7 0.0000000000E+00  0.4777508500E+04  0.1294776657E+05  0.2030003346E+05
L8 0.5696292212E+04  0.5745609693E+05  0.0000000000E+00  0.0000000000E+00
L9 0.0000000000E+00  0.0000000000E+00  0.0000000000E+00  0.1045407643E+01  0.0000000000E+00
L0    88000  0.2860000000E+03  -.3152858365E+06  0.8450013412E+05
L1 0.3008443061E+03  0.3008443061E+03  -.3997859706E+12  0.1000000000E+01
L2 0.1000000000E+01  0.1200689183E+03  0.1200689183E+03  0.1200689183E+03
L3 0.1332493513E+07  0.2476467227E+02  0.2670589305E+03  0.8496381418E+02
L4 0.1255958057E+03  0.1111400529E+05  0.1118802183E+05  0.1099238377E+05
L5 0.3329441089E+05  0.1087651040E+05  0.8626908542E+04  0.1017757502E+05
L6 0.2968099396E+05  -.3997859706E+06  0.3761153805E+05  -.5389360445E+06
L7 0.0000000000E+00  0.4831291910E+04  0.1314921822E+05  0.2038118126E+05
L8 0.5736453717E+04  0.5744039078E+05  0.0000000000E+00  0.0000000000E+00
L9 0.0000000000E+00  0.0000000000E+00  0.0000000000E+00  0.1046244524E+01  0.0000000000E+00
L0    89000  0.2880000000E+03  -.3146077692E+06  0.8456388488E+05
L1 0.3010712768E+03  0.3010712768E+03  -.3991716541E+12  0.1000000000E+01
L2 0.1000000000E+01  0.1201314171E+03  0.1201314171E+03  0.1201314171E+03
L3 0.1334597590E+07  -.8890552080E+02  -.5084167271E+02  -.4311711089E+02
L4 -.6095476814E+02  0.1108890070E+05  0.1120091174E+05  0.1114855458E+05
L5 0.3343836702E+05  0.1194285700E+05  0.1168925674E+05  0.1156270353E+05
L6 0.3519481727E+05  -.3991716541E+06  0.3718601227E+05  -.5381570856E+06
L7 0.0000000000E+00  0.4853893545E+04  0.1322907745E+05  0.2045004194E+05
L8 0.5777792319E+04  0.5748861396E+05  0.0000000000E+00  0.0000000000E+00
L9 0.0000000000E+00  0.0000000000E+00  0.0000000000E+00  0.1044595054E+01  0.0000000000E+00
L0    90000  0.2900000000E+03  -.3156241078E+06  0.8390412411E+05
L1 0.2987223424E+03  0.2987223424E+03  -.3995282319E+12  0.1000000000E+01
L2 0.1000000000E+01  0.1201479904E+03  0.1201479904E+03  0.1201479904E+03
L3 0.1335162593E+07  -.2769513666E+03  -.1278902354E+03  -.9449342232E+02
L4 -.1664450081E+03  0.1090425708E+05  0.1107258012E+05  0.1104869204E+05
L5 0.3302552923E+05  0.1356555962E+05  0.1230151288E+05  0.1195670556E+05
L6 0.3782377806E+05  -.3995282319E+06  0.3692691095E+05  -.5377849572E+06
L7 0.0000000000E+00  0.4843790549E+04  0.1295854707E+05  0.2025836406E+05
L8 0.5787641817E+04  0.5748147085E+05  0.0000000000E+00  0.0000000000E+00
L9 0.0000000000E+00  0.0000000000E+00  0.0000000000E+00  0.1044153011E+01  0.0000000000E+00
L0    91000  0.2920000000E+03  -.3156483588E+06  0.8429822468E+05
L1 0.3001254515E+03  0.3001254515E+03  -.3999465835E+12  0.1000000000E+01
L2 0.1000000000E+01  0.1201636098E+03  0.1201636098E+03  0.1201636098E+03
L3 0.1335666142E+07  -.1905705953E+03  -.1030557619E+02  0.1355514009E+03
L4 -.2177492352E+02  0.1094792635E+05  0.1113388911E+05  0.1108746899E+05
L5 0.3316928445E+05  0.1277986273E+05  0.1123295560E+05  0.9784426715E+04
L6 0.3379724504E+05  -.3999465835E+06  0.3734132062E+05  -.5385734783E+06
L7 0.0000000000E+00  0.4900634533E+04  0.1283570481E+05  0.2033576244E+05
L8 0.5734822275E+04  0.5747865012E+05  0.0000000000E+00  0.0000000000E+00
L9 0.0000000000E+00  0.0000000000E+00  0.0000000000E+00  0.1043759363E+01  0.0000000000E+00
L0    92000  0.2940000000E+03  -.3159209660E+06  0.8410451538E+05
L1 0.2994357918E+03  0.2994357918E+03  -.4000254814E+12  0.1000000000E+01
L2 0.1000000000E+01  0.1201242585E+03  0.1201242585E+03  0.1201242585E+03
L3 0.1334346181E+07  -.3773065197E+02  -.1166753567E+03  0.2950915532E+03
L4 0.4689518153E+02  0.1100482249E+05  0.1110481283E+05  0.1095254238E+05
L5 0.3306217770E+05  0.1136716510E+05  0.1222529315E+05  0.8118659646E+04
L6 0.3171111789E+05  -.4000254814E+06  0.3718558980E+05  -.5385768413E+06
L7 0.0000000000E+00  0.4781477388E+04  0.1308135517E+05  0.2037271423E+05
L8 0.5766838871E+04  0.5736338442E+05  0.0000000000E+00  0.0000000000E+00
L9 0.0000000000E+00  0.0000000000E+00  0.0000000000E+00  0.1044791870E+01  0.0000000000E+00
L0    93000  0.2960000000E+03  -.3160164999E+06  0.8417156964E+05
L1 0.2996745239E+03  0.2996745239E+03  -.4001880696E+12  0.1000000000E+01
L2 0.1000000000E+01  0.1201536366E+03  0.1201536366E+03  0.1201536366E+03
L3 0.1335334045E+07  -.1398790711E+03  0.7369322164E+01  0.5596909786E+02
L4 -.2551355037E+02  0.1096265160E+05  0.1094254040E+05  0.1123101898E+05
L5 0.3313621098E+05  0.1230696102E+05  0.1087171745E+05  0.1069312732E+05
L6 0.3387180579E+05  -.4001880696E+06  0.3747282118E+05  -.5389519222E+06
L7 0.0000000000E+00  0.4679492437E+04  0.1298086211E+05  0.2033951814E+05
L8 0.5825878921E+04  0.5746527990E+05  0.0000000000E+00  0.0000000000E+00
L9 0.0000000000E+00  0.0000000000E+00  0.0000000000E+00  0.1044018945E+01  0.0000000000E+00
L0    94000  0.2980000000E+03  -.3155416904E+06  0.8382344282E+05
L1 0.2984350942E+03  0.2984350942E+03  -.3993651332E+12  0.1000000000E+01
L2 0.1000000000E+01  0.1201471936E+03  0.1201471936E+03  0.1201471936E+03
L3 0.1335124196E+07  -.1828504564E+02  -.1847332810E+03  0.1710654013E+01
L4 -.6710255754E+02  0.1096479451E+05  0.1099676911E+05  0.1094167506E+05
L5 0.3290323868E+05  0.1114049553E+05  0.1277187142E+05  0.1092523739E+05
L6 0.3483760434E+05  -.3993651332E+06  0.3686387035E+05  -.5375479607E+06
L7 0.0000000000E+00  0.4808350775E+04  0.1300621384E+05  0.2035076969E+05
L8 0.5767535051E+04  0.5738608776E+05  0.0000000000E+00  0.0000000000E+00
L9 0.0000000000E+00  0.0000000000E+00  0.0000000000E+00  0.1044183040E+01  0.0000000000E+00
L0    95000  0.3000000000E+03  -.3154340818E+06  0.8422916434E+05
L1 0.2998795773E+03  0.2998795773E+03  -.3996632461E+12  0.1000000000E+01
L2 0.1000000000E+01  0.1201698377E+03  0.1201698377E+03  0.1201698377E+03
L3 0.1335855406E+07  0.8349979891E+02  0.9113598406E+02  0.2238889190E+03
L4 0.1328415673E+03  0.1108843780E+05  0.1088386993E+05  0.1105159760E+05
L5 0.3302390532E+05  0.1028564871E+05  0.1000766454E+05  0.8899070477E+04
L6 0.2919238372E+05  -.3996632461E+06  0.3739708732E+05  -.5382519390E+06
L7 0.0000000000E+00  0.4730252310E+04  0.1302303757E+05  0.2035184572E+05
L8 0.5715642547E+04  0.5737082739E+05  0.0000000000E+00  0.0000000000E+00
L9 0.0000000000E+00  0.0000000000E+00  0.0000000000E+00  0.1043611483E+01  0.0000000000E+00
L0    96000  0.3020000000E+03  -.3155511536E+06  0.8435192539E+05
L1 0.3003166412E+03  0.3003166412E+03  -.3999030790E+12  0.1000000000E+01
L2 0.1000000000E+01  0.1202025067E+03  0.1202025067E+03  0.1202025067E+03
L3 0.1336952916E+07  -.2935375770E+03  0.1557667414E+03  0.3418119289E+03
L4 0.6801369776E+02  0.1095895792E+05  0.1102630426E+05  0.1113443128E+05
L5 0.3311969346E+05  0.1378342423E+05  0.9527491339E+04  0.7845461312E+04
L6 0.3115637688E+05  -.3999030790E+06  0.3730686078E+05  -.5384825727E+06
L7 0.0000000000E+00  0.4684409166E+04  0.1305796497E+05  0.2028983254E+05
L8 0.5753945469E+04  0.5748648077E+05  0.0000000000E+00  0.0000000000E+00
L9 0.0000000000E+00  0.0000000000E+00  0.0000000000E+00  0.1042754778E+01  0.0000000000E+00
L0    97000  0.3040000000E+03  -.3155187800E+06  0.8421400435E+05
L1 0.2998256034E+03  0.2998256034E+03  -.3997327844E+12  0.1000000000E+01
L2 0.1000000000E+01  0.1201704319E+03  0.1201704319E+03  0.1201704319E+03
L3 0.1335884652E+07  0.1338888066E+03  0.2410247093E+03  -.2138044460E+03
L4 0.5370302326E+02  0.1112901073E+05  0.1092419109E+05  0.1095501855E+05
L5 0.3300822037E+05  0.9841740248E+04  0.8606865235E+04  0.1301063589E+05
L6 0.3145924137E+05  -.3997327844E+06  0.3714941448E+05  -.5382684280E+06
L7 0.0000000000E+00  0.4823547091E+04  0.1295856111E+05  0.2041424315E+05
L8 0.5761391876E+04  0.5742848587E+05  0.0000000000E+00  0.0000000000E+00
L9 0.0000000000E+00  0.0000000000E+00  0.0000000000E+00  0.1043588635E+01  0.0000000000E+00
L0    98000  0.3060000000E+03  -.3163541856E+06  0.8385628738E+05
L1 0.2985520301E+03  0.2985520301E+03  -.4002104729E+12  0.1000000000E+01
L2 0.1000000000E+01  0.1201543947E+03  0.1201543947E+03  0.1201543947E+03
L3 0.1335366908E+07  -.7951083409E+01  0.1887201531E+03  -.4483604231E+03
L4 -.8919711781E+02  0.1103696156E+05  0.1089012244E+05  0.1093594323E+05
L5 0.3286302723E+05  0.1111337742E+05  0.9076380604E+04  0.1524502227E+05
L6 0.3543478029E+05  -.4002104729E+06  0.3708652096E+05  -.5386100459E+06
L7 0.0000000000E+00  0.4683392761E+04  0.1296395477E+05  0.2042164272E+05
L8 0.5781122155E+04  0.5746293965E+05  0.0000000000E+00  0.0000000000E+00
L9 0.0000000000E+00  0.0000000000E+00  0.0000000000E+00  0.1043993252E+01  0.0000000000E+00
L0    99000  0.3080000000E+03  -.3156569769E+06  0.8438811266E+05
L1 0.3004454781E+03  0.3004454781E+03  -.4000450896E+12  0.1000000000E+01
L2 0.1000000000E+01  0.1201458052E+03  0.1201458052E+03  0.1201458052E+03
L3 0.1335066844E+07  0.3431581935E+03  -.2521316464E+03  -.1353758073E+02
L4 0.2582965544E+02  0.1125022762E+05  0.1097695118E+05  0.1110195539E+05
L5 0.3332913420E+05  0.7952961779E+04  0.1339958040E+05  0.1123203243E+05
L6 0.3258457461E+05  -.4000450896E+06  0.3735248481E+05  -.5388342393E+06
L7 0.0000000000E+00  0.4737300764E+04  0.1314884300E+05  0.2034653407E+05
L8 0.5787011259E+04  0.5741697586E+05  0.0000000000E+00  0.0000000000E+00
L9 0.0000000000E+00  0.0000000000E+00  0.0000000000E+00  0.1044227895E+01  0.0000000000E+00
L0   100000  0.3100000000E+03  -.3161606514E+06  0.8408128484E+05
L1 0.2993530845E+03  0.2993530845E+03  -.4002419362E+12  0.1000000000E+01
L2 0.1000000000E+01  0.1201887213E+03  0.1201887213E+03  0.1201887213E+03
L3 0.1336515469E+07  -.1842208338E+03  -.1540205820E+03  -.2351270261E+02
L4 -.1205847062E+03  0.1103848031E+05  0.1100775061E+05  0.1101414531E+05
L5 0.3306037623E+05  0.1281050314E+05  0.1248927679E+05  0.1124031433E+05
L6 0.3654009426E+05  -.4002419362E+06  0.3743037797E+05  -.5391968237E+06
L7 0.0000000000E+00  0.4798168764E+04  0.1308426683E+05  0.2037246742E+05
L8 0.5766749813E+04  0.5750285665E+05  0.0000000000E+00  0.0000000000E+00
L9 0.0000000000E+00  0.0000000000E+00  0.0000000000E+00  0.1043096076E+01  0.0000000000E+00
