L0  Nsteps           time(ps)         Etot             EKinetic        
L1  Temp             T_solute         T_solv           Pres_scal_solu  
L2  Pres_scal_solv   BoxX             BoxY             BoxZ            
L3  volume           pres_X           pres_Y           pres_Z          
L4  Pressure         EKCoM_x          EKCoM_y          EKCoM_z         
L5  EKComTot         VIRIAL_x         VIRIAL_y         VIRIAL_z        
L6  VIRIAL_tot       E_pot            E_vdw            E_el            
L7  E_hbon           E_bon            E_angle          E_dih           
L8  E_14vdw          E_14el           E_const          E_pol           
L9  AV_permMoment    AV_indMoment     AV_totMoment     Density          dV/dlambda      
L0     1000  0.1120000000E+03  -.2995500280E+06  0.8132535833E+05
L1 0.3017961703E+03  0.3017961703E+03  -.3808753863E+12  0.1000000000E+01
L2 0.1000000000E+01  0.1185467236E+03  0.1185467236E+03  0.1185467236E+03
L3 0.1282475897E+07  0.4035933647E+02  -.1077596347E+02  -.2132232702E+03
L4 -.6121329906E+02  0.1053271646E+05  0.1052944663E+05  0.1066359680E+05
L5 0.3172575989E+05  0.1016019628E+05  0.1062890971E+05  0.1263166612E+05
L6 0.3342077211E+05  -.3808753863E+06  0.3473603366E+05  -.5173357102E+06
L7 0.0000000000E+00  0.4731986030E+04  0.1299921011E+05  0.2026792791E+05
L8 0.5727889283E+04  0.5799727690E+05  0.0000000000E+00  0.0000000000E+00
L9 0.0000000000E+00  0.0000000000E+00  0.0000000000E+00  0.1042545249E+01  0.0000000000E+00
L0     2000  0.1140000000E+03  -.3003491337E+06  0.8074114080E+05
L1 0.2996281551E+03  0.2996281551E+03  -.3810902745E+12  0.1000000000E+01
L2 0.1000000000E+01  0.1185251217E+03  0.1185251217E+03  0.1185251217E+03
L3 0.1281761053E+07  0.2303903764E+03  0.1478741269E+03  -.1976206212E+03
L4 0.6021462736E+02  0.1045708152E+05  0.1037858001E+05  0.1051214962E+05
L5 0.3134781115E+05  0.8331743625E+04  0.9014449748E+04  0.1233518841E+05
L6 0.2968138179E+05  -.3810902745E+06  0.3480869405E+05  -.5175011197E+06
L7 0.0000000000E+00  0.4699545301E+04  0.1310187315E+05  0.2025103944E+05
L8 0.5742448913E+04  0.5780724430E+05  0.0000000000E+00  0.0000000000E+00
L9 0.0000000000E+00  0.0000000000E+00  0.0000000000E+00  0.1043126681E+01  0.0000000000E+00
L0     3000  0.1160000000E+03  -.3001724126E+06  0.8069758066E+05
L1 0.2994665046E+03  0.2994665046E+03  -.3808699933E+12  0.1000000000E+01
L2 0.1000000000E+01  0.1184504868E+03  0.1184504868E+03  0.1184504868E+03
L3 0.1279335866E+07  0.2990739572E+03  -.9445492688E+00  0.2315826670E+02
L4 0.1070958915E+03  0.1050644551E+05  0.1042389114E+05  0.1034914756E+05
L5 0.3127948421E+05  0.7752725674E+04  0.1043258807E+05  0.1013591810E+05
L6 0.2832123185E+05  -.3808699933E+06  0.3482222813E+05  -.5174840019E+06
L7 0.0000000000E+00  0.4820614537E+04  0.1309289675E+05  0.2029593636E+05
L8 0.5735969189E+04  0.5784636368E+05  0.0000000000E+00  0.0000000000E+00
L9 0.0000000000E+00  0.0000000000E+00  0.0000000000E+00  0.1045104095E+01  0.0000000000E+00
L0     4000  0.1180000000E+03  -.3004033662E+06  0.8065451082E+05
L1 0.2993066736E+03  0.2993066736E+03  -.3810578771E+12  0.1000000000E+01
L2 0.1000000000E+01  0.1184987281E+03  0.1184987281E+03  0.1184987281E+03
L3 0.1280899246E+07  -.1268420263E+02  0.1737285924E+03  0.1696806493E+03
L4 0.1102416797E+03  0.1040738077E+05  0.1047119304E+05  0.1045461582E+05
L5 0.3133318962E+05  0.1052431313E+05  0.8869634374E+04  0.8890374088E+04
L6 0.2828432159E+05  -.3810578771E+06  0.3487087005E+05  -.5177520424E+06
L7 0.0000000000E+00  0.4795000990E+04  0.1288032546E+05  0.2033467869E+05
L8 0.5775315430E+04  0.5803797469E+05  0.0000000000E+00  0.0000000000E+00
L9 0.0000000000E+00  0.0000000000E+00  0.0000000000E+00  0.1043828511E+01  0.0000000000E+00
L0     5000  0.1200000000E+03  -.3004363243E+06  0.8095762107E+05
L1 0.3004315074E+03  0.3004315074E+03  -.3813939454E+12  0.1000000000E+01
L2 0.1000000000E+01  0.1185099797E+03  0.1185099797E+03  0.1185099797E+03
L3 0.1281270740E+07  0.1118866663E+03  0.9331893847E+02  -.4747588765E+02
L4 0.5257657238E+02  0.1055188272E+05  0.1041069180E+05  0.1049773068E+05
L5 0.3146030519E+05  0.9520129521E+04  0.9550159293E+04  0.1093552547E+05
L6 0.3000581428E+05  -.3813939454E+06  0.3466213518E+05  -.5176632357E+06
L7 0.0000000000E+00  0.4711169889E+04  0.1294106923E+05  0.2032817639E+05
L8 0.5740044704E+04  0.5788669498E+05  0.0000000000E+00  0.0000000000E+00
L9 0.0000000000E+00  0.0000000000E+00  0.0000000000E+00  0.1043525862E+01  0.0000000000E+00
L0     6000  0.1220000000E+03  -.3007088989E+06  0.8056411141E+05
L1 0.2989712039E+03  0.2989712039E+03  -.3812730103E+12  0.1000000000E+01
L2 0.1000000000E+01  0.1184916179E+03  0.1184916179E+03  0.1184916179E+03
L3 0.1280682923E+07  -.9449045626E+02  -.8706623274E+02  0.1385226199E+03
L4 -.1434468969E+02  0.1042745119E+05  0.1052741553E+05  0.1039744899E+05
L5 0.3135231570E+05  0.1129838700E+05  0.1132992091E+05  0.9120660683E+04
L6 0.3174896858E+05  -.3812730103E+06  0.3478829350E+05  -.5177974340E+06
L7 0.0000000000E+00  0.4784127430E+04  0.1298662505E+05  0.2031841169E+05
L8 0.5769890774E+04  0.5787707528E+05  0.0000000000E+00  0.0000000000E+00
L9 0.0000000000E+00  0.0000000000E+00  0.0000000000E+00  0.1044004827E+01  0.0000000000E+00
L0     7000  0.1240000000E+03  -.3001698795E+06  0.8080908159E+05
L1 0.2998802815E+03  0.2998802815E+03  -.3809789611E+12  0.1000000000E+01
L2 0.1000000000E+01  0.1185522529E+03  0.1185522529E+03  0.1185522529E+03
L3 0.1282642160E+07  0.7909774668E+02  0.1326329494E+02  0.7013845526E+02
L4 0.5416649896E+02  0.1046627016E+05  0.1043196687E+05  0.1047577331E+05
L5 0.3137401034E+05  0.9736096435E+04  0.1030952963E+05  0.9828305344E+04
L6 0.2987393141E+05  -.3809789611E+06  0.3452964613E+05  -.5173158182E+06
L7 0.0000000000E+00  0.4763234084E+04  0.1307268446E+05  0.2029436407E+05
L8 0.5797879407E+04  0.5787904893E+05  0.0000000000E+00  0.0000000000E+00
L9 0.0000000000E+00  0.0000000000E+00  0.0000000000E+00  0.1042410108E+01  0.0000000000E+00
L0     8000  0.1260000000E+03  -.2994910887E+06  0.8110329562E+05
L1 0.3009721017E+03  0.3009721017E+03  -.3805943843E+12  0.1000000000E+01
L2 0.1000000000E+01  0.1184968339E+03  0.1184968339E+03  0.1184968339E+03
L3 0.1280849225E+07  0.1172171849E+03  -.1316290004E+03  0.4572495354E+02
L4 0.1043771268E+02  0.1048312636E+05  0.1052998151E+05  0.1048986936E+05
L5 0.3150297723E+05  0.9402573844E+04  0.1174338761E+05  0.1006835938E+05
L6 0.3121432083E+05  -.3805943843E+06  0.3489900746E+05  -.5175077476E+06
L7 0.0000000000E+00  0.4835910435E+04  0.1313741757E+05  0.2027687161E+05
L8 0.5765402493E+04  0.5799875365E+05  0.0000000000E+00  0.0000000000E+00
L9 0.0000000000E+00  0.0000000000E+00  0.0000000000E+00  0.1043869275E+01  0.0000000000E+00
L0     9000  0.1280000000E+03  -.2999393382E+06  0.8130569801E+05
L1 0.3017232114E+03  0.3017232114E+03  -.3812450362E+12  0.1000000000E+01
L2 0.1000000000E+01  0.1185514161E+03  0.1185514161E+03  0.1185514161E+03
L3 0.1282645720E+07  -.2142505938E+03  -.1626440443E+03  -.2661827089E+03
L4 -.2143591157E+03  0.1053371228E+05  0.1049539568E+05  0.1042852487E+05
L5 0.3145763283E+05  0.1251152575E+05  0.1199681314E+05  0.1288573975E+05
L6 0.3739407864E+05  -.3812450362E+06  0.3507034374E+05  -.5180288242E+06
L7 0.0000000000E+00  0.4857602386E+04  0.1294728294E+05  0.2034874863E+05
L8 0.5760806131E+04  0.5779900417E+05  0.0000000000E+00  0.0000000000E+00
L9 0.0000000000E+00  0.0000000000E+00  0.0000000000E+00  0.1042407215E+01  0.0000000000E+00
L0    10000  0.1300000000E+03  -.3002850015E+06  0.8080285370E+05
L1 0.2998571700E+03  0.2998571700E+03  -.3810878552E+12  0.1000000000E+01
L2 0.1000000000E+01  0.1184886568E+03  0.1184886568E+03  0.1184886568E+03
L3 0.1280596107E+07  0.9779068939E+02  -.1943443966E+03  -.1879724303E+03
L4 -.9484204582E+02  0.1053328052E+05  0.1044178353E+05  0.1046711014E+05
L5 0.3144217419E+05  0.9631986963E+04  0.1223296992E+05  0.1219956893E+05
L6 0.3406452582E+05  -.3810878552E+06  0.3459474733E+05  -.5174492028E+06
L7 0.0000000000E+00  0.4741648248E+04  0.1313518743E+05  0.2029345117E+05
L8 0.5750095583E+04  0.5784621782E+05  0.0000000000E+00  0.0000000000E+00
L9 0.0000000000E+00  0.0000000000E+00  0.0000000000E+00  0.1044075603E+01  0.0000000000E+00
L0    11000  0.1320000000E+03  -.3002230349E+06  0.8083070590E+05
L1 0.2999605287E+03  0.2999605287E+03  -.3810537408E+12  0.1000000000E+01
L2 0.1000000000E+01  0.1185063763E+03  0.1185063763E+03  0.1185063763E+03
L3 0.1281161924E+07  -.7122043325E+02  -.1880212990E+03  0.2055214430E+03
L4 -.1790676309E+02  0.1046962101E+05  0.1049012703E+05  0.1048354916E+05
L5 0.3144329720E+05  0.1112631829E+05  0.1222380189E+05  0.8588511940E+04
L6 0.3193863212E+05  -.3810537408E+06  0.3471576700E+05  -.5173797465E+06
L7 0.0000000000E+00  0.4690053602E+04  0.1309806258E+05  0.2021063907E+05
L8 0.5755308220E+04  0.5785617528E+05  0.0000000000E+00  0.0000000000E+00
L9 0.0000000000E+00  0.0000000000E+00  0.0000000000E+00  0.1043614494E+01  0.0000000000E+00
L0    12000  0.1340000000E+03  -.3002697229E+06  0.8076624093E+05
L1 0.2997213010E+03  0.2997213010E+03  -.3810359639E+12  0.1000000000E+01
L2 0.1000000000E+01  0.1184835430E+03  0.1184835430E+03  0.1184835430E+03
L3 0.1280425906E+07  -.2279004997E+03  -.1135977462E+03  0.1725862340E+03
L4 -.5630400399E+02  0.1040366045E+05  0.1052956644E+05  0.1046589385E+05
L5 0.3139912074E+05  0.1250383944E+05  0.1157640750E+05  0.8875454237E+04
L6 0.3295570118E+05  -.3810359639E+06  0.3449964812E+05  -.5172509469E+06
L7 0.0000000000E+00  0.4718328355E+04  0.1313016518E+05  0.2027605270E+05
L8 0.5724462431E+04  0.5786632625E+05  0.0000000000E+00  0.0000000000E+00
L9 0.0000000000E+00  0.0000000000E+00  0.0000000000E+00  0.1044214387E+01  0.0000000000E+00
L0    13000  0.1360000000E+03  -.3006578536E+06  0.8058879714E+05
L1 0.2990628119E+03  0.2990628119E+03  -.3812466507E+12  0.1000000000E+01
L2 0.1000000000E+01  0.1184876138E+03  0.1184876138E+03  0.1184876138E+03
L3 0.1280550983E+07  0.2317578531E+03  -.1585426526E+03  -.6077046090E+02
L4 0.4148246538E+01  0.1042384508E+05  0.1043879236E+05  0.1050585511E+05
L5 0.3136849255E+05  0.8287910670E+04  0.1189995841E+05  0.1106592984E+05
L6 0.3125379893E+05  -.3812466507E+06  0.3465230889E+05  -.5176536858E+06
L7 0.0000000000E+00  0.4800995119E+04  0.1296829156E+05  0.2024103680E+05
L8 0.5783334413E+04  0.5796106829E+05  0.0000000000E+00  0.0000000000E+00
L9 0.0000000000E+00  0.0000000000E+00  0.0000000000E+00  0.1044112394E+01  0.0000000000E+00
L0    14000  0.1380000000E+03  -.3004070719E+06  0.8072877285E+05
L1 0.2995822579E+03  0.2995822579E+03  -.3811358448E+12  0.1000000000E+01
L2 0.1000000000E+01  0.1185226388E+03  0.1185226388E+03  0.1185226388E+03
L3 0.1281703947E+07  0.2680251227E+02  -.2494664111E+03  -.2118221312E+03
L4 -.1448286767E+03  0.1040008451E+05  0.1032362509E+05  0.1041013687E+05
L5 0.3113384646E+05  0.1015284390E+05  0.1262483577E+05  0.1236409672E+05
L6 0.3514177638E+05  -.3811358448E+06  0.3429826466E+05  -.5171184027E+06
L7 0.0000000000E+00  0.4791308144E+04  0.1298321298E+05  0.2029182187E+05
L8 0.5770810463E+04  0.5784713984E+05  0.0000000000E+00  0.0000000000E+00
L9 0.0000000000E+00  0.0000000000E+00  0.0000000000E+00  0.1043173157E+01  0.0000000000E+00
L0    15000  0.1400000000E+03  -.3002872467E+06  0.8075508821E+05
L1 0.2996799135E+03  0.2996799135E+03  -.3810423349E+12  0.1000000000E+01
L2 0.1000000000E+01  0.1184824280E+03  0.1184824280E+03  0.1184824280E+03
L3 0.1280390105E+07  -.2533396518E+03  0.2405874010E+03  -.1652805119E+03
L4 -.5934425422E+02  0.1051617682E+05  0.1027243561E+05  0.1040137353E+05
L5 0.3118998596E+05  0.1285072079E+05  0.8055404591E+04  0.1192444590E+05
L6 0.3283057128E+05  -.3810423349E+06  0.3470135817E+05  -.5176010492E+06
L7 0.0000000000E+00  0.4732933198E+04  0.1302959521E+05  0.2035573908E+05
L8 0.5800460002E+04  0.5793862864E+05  0.0000000000E+00  0.0000000000E+00
L9 0.0000000000E+00  0.0000000000E+00  0.0000000000E+00  0.1044243585E+01  0.0000000000E+00
L0    16000  0.1420000000E+03  -.3002275555E+06  0.8067357601E+05
L1 0.2993774240E+03  0.2993774240E+03  -.3809011315E+12  0.1000000000E+01
L2 0.1000000000E+01  0.1184863865E+03  0.1184863865E+03  0.1184863865E+03
L3 0.1280496486E+07  -.9692905963E+02  0.3271033697E+03  0.1684788792E+03
L4 0.1328843964E+03  0.1043915714E+05  0.1045155113E+05  0.1057701915E+05
L5 0.3146772743E+05  0.1133243994E+05  0.7437018504E+04  0.9024344599E+04
L6 0.2779380304E+05  -.3809011315E+06  0.3478400803E+05  -.5173405919E+06
L7 0.0000000000E+00  0.4725431341E+04  0.1295627535E+05  0.2024584061E+05
L8 0.5751396270E+04  0.5797650878E+05  0.0000000000E+00  0.0000000000E+00
L9 0.0000000000E+00  0.0000000000E+00  0.0000000000E+00  0.1044156831E+01  0.0000000000E+00
L0    17000  0.1440000000E+03  -.2999590853E+06  0.8127449315E+05
L1 0.3016074110E+03  0.3016074110E+03  -.3812335784E+12  0.1000000000E+01
L2 0.1000000000E+01  0.1184427025E+03  0.1184427025E+03  0.1184427025E+03
L3 0.1279100137E+07  0.1104361952E+03  0.1641526761E+03  -.3866397503E+03
L4 -.3735029299E+02  0.1063548568E+05  0.1048028751E+05  0.1067858834E+05
L5 0.3179436153E+05  0.9618833110E+04  0.8969132232E+04  0.1423791319E+05
L6 0.3282587853E+05  -.3812335784E+06  0.3429532098E+05  -.5171976619E+06
L7 0.0000000000E+00  0.4812377587E+04  0.1303572358E+05  0.2031735403E+05
L8 0.5741048878E+04  0.5776225842E+05  0.0000000000E+00  0.0000000000E+00
L9 0.0000000000E+00  0.0000000000E+00  0.0000000000E+00  0.1045296701E+01  0.0000000000E+00
L0    18000  0.1460000000E+03  -.3005269686E+06  0.8076042577E+05
L1 0.2996997210E+03  0.2996997210E+03  -.3812873943E+12  0.1000000000E+01
L2 0.1000000000E+01  0.1184682940E+03  0.1184682940E+03  0.1184682940E+03
L3 0.1279934140E+07  0.7512512124E+02  -.2309827987E+02  -.2878912661E+03
L4 -.7862147492E+02  0.1045615950E+05  0.1048930103E+05  0.1036153556E+05
L5 0.3130699609E+05  0.9764122378E+04  0.1070207762E+05  0.1301353051E+05
L6 0.3347973051E+05  -.3812873943E+06  0.3419918915E+05  -.5173750476E+06
L7 0.0000000000E+00  0.4682437263E+04  0.1306646551E+05  0.2026334861E+05
L8 0.5827581621E+04  0.5804863109E+05  0.0000000000E+00  0.0000000000E+00
L9 0.0000000000E+00  0.0000000000E+00  0.0000000000E+00  0.1044615587E+01  0.0000000000E+00
L0    19000  0.1480000000E+03  -.3002558162E+06  0.8100875188E+05
L1 0.3006212524E+03  0.3006212524E+03  -.3812645681E+12  0.1000000000E+01
L2 0.1000000000E+01  0.1184792852E+03  0.1184792852E+03  0.1184792852E+03
L3 0.1280287388E+07  -.5583028720E+02  -.4483263632E+01  -.9586860985E+02
L4 -.5206072023E+02  0.1050160056E+05  0.1047168350E+05  0.1051700557E+05
L5 0.3149028963E+05  0.1101603959E+05  0.1051299379E+05  0.1140037115E+05
L6 0.3292940454E+05  -.3812645681E+06  0.3498534683E+05  -.5178461632E+06
L7 0.0000000000E+00  0.4721892383E+04  0.1281429599E+05  0.2036031906E+05
L8 0.5726385636E+04  0.5797335524E+05  0.0000000000E+00  0.0000000000E+00
L9 0.0000000000E+00  0.0000000000E+00  0.0000000000E+00  0.1044327364E+01  0.0000000000E+00
L0    20000  0.1500000000E+03  -.2998100246E+06  0.8120732335E+05
L1 0.3013581457E+03  0.3013581457E+03  -.3810173479E+12  0.1000000000E+01
L2 0.1000000000E+01  0.1184764892E+03  0.1184764892E+03  0.1184764892E+03
L3 0.1280187895E+07  -.9304886038E+02  0.1155256403E+03  0.5396728803E+02
L4 0.2548135599E+02  0.1051770995E+05  0.1052510905E+05  0.1054138564E+05
L5 0.3158420464E+05  0.1137502679E+05  0.9460699696E+04  0.1004415155E+05
L6 0.3087987804E+05  -.3810173479E+06  0.3476164311E+05  -.5173679754E+06
L7 0.0000000000E+00  0.4775992115E+04  0.1293387390E+05  0.2023659926E+05
L8 0.5732566127E+04  0.5790995299E+05  0.0000000000E+00  0.0000000000E+00
L9 0.0000000000E+00  0.0000000000E+00  0.0000000000E+00  0.1044408526E+01  0.0000000000E+00
L0    21000  0.1520000000E+03  -.3003472975E+06  0.8096088219E+05
L1 0.3004436093E+03  0.3004436093E+03  -.3813081797E+12  0.1000000000E+01
L2 0.1000000000E+01  0.1184728913E+03  0.1184728913E+03  0.1184728913E+03
L3 0.1280081133E+07  0.6505038292E+02  -.3374316609E+02  -.2140994749E+03
L4 -.6093075268E+02  0.1050090370E+05  0.1048568616E+05  0.1045776173E+05
L5 0.3144435159E+05  0.9901604177E+04  0.1079655694E+05  0.1243022842E+05
L6 0.3312838954E+05  -.3813081797E+06  0.3498921647E+05  -.5181654613E+06
L7 0.0000000000E+00  0.4670250283E+04  0.1318260676E+05  0.2031440607E+05
L8 0.5794180744E+04  0.5790662128E+05  0.0000000000E+00  0.0000000000E+00
L9 0.0000000000E+00  0.0000000000E+00  0.0000000000E+00  0.1044495633E+01  0.0000000000E+00
L0    22000  0.1540000000E+03  -.3007223311E+06  0.8084602017E+05
L1 0.3000173595E+03  0.3000173595E+03  -.3815683512E+12  0.1000000000E+01
L2 0.1000000000E+01  0.1184564750E+03  0.1184564750E+03  0.1184564750E+03
L3 0.1279536720E+07  -.1137201725E+02  0.1392462419E+03  0.1420522766E+02
L4 0.4735981743E+02  0.1058821502E+05  0.1041511751E+05  0.1043060933E+05
L5 0.3143394186E+05  0.1069293917E+05  0.9132808135E+04  0.1029979433E+05
L6 0.3012554164E+05  -.3815683512E+06  0.3492604076E+05  -.5182425692E+06
L7 0.0000000000E+00  0.4703823947E+04  0.1306231350E+05  0.2032833252E+05
L8 0.5782163807E+04  0.5787154347E+05  0.0000000000E+00  0.0000000000E+00
L9 0.0000000000E+00  0.0000000000E+00  0.0000000000E+00  0.1044940041E+01  0.0000000000E+00
L0    23000  0.1560000000E+03  -.3008150506E+06  0.8068857213E+05
L1 0.2994330742E+03  0.2994330742E+03  -.3815036227E+12  0.1000000000E+01
L2 0.1000000000E+01  0.1184569983E+03  0.1184569983E+03  0.1184569983E+03
L3 0.1279566925E+07  -.9115323850E+02  -.8462990814E+02  -.3028245964E+02
L4 -.6868853543E+02  0.1039722470E+05  0.1036657538E+05  0.1050416278E+05
L5 0.3126796287E+05  0.1123666862E+05  0.1114594497E+05  0.1078303852E+05
L6 0.3316565212E+05  -.3815036227E+06  0.3476390279E+05  -.5182356344E+06
L7 0.0000000000E+00  0.4841980199E+04  0.1306627469E+05  0.2029778401E+05
L8 0.5775087085E+04  0.5798698294E+05  0.0000000000E+00  0.0000000000E+00
L9 0.0000000000E+00  0.0000000000E+00  0.0000000000E+00  0.1044915375E+01  0.0000000000E+00
L0    24000  0.1580000000E+03  -.3016280287E+06  0.8059911127E+05
L1 0.2991010874E+03  0.2991010874E+03  -.3822271400E+12  0.1000000000E+01
L2 0.1000000000E+01  0.1184156004E+03  0.1184156004E+03  0.1184156004E+03
L3 0.1278231636E+07  0.2369668492E+02  -.2838584124E+03  -.9785951172E+02
L4 -.1193404131E+03  0.1045830916E+05  0.1058540525E+05  0.1034871229E+05
L5 0.3139242670E+05  0.1024031054E+05  0.1319677225E+05  0.1124897485E+05
L6 0.3468605763E+05  -.3822271400E+06  0.3466375661E+05  -.5183301743E+06
L7 0.0000000000E+00  0.4628592281E+04  0.1291671310E+05  0.2020052476E+05
L8 0.5756279646E+04  0.5793716797E+05  0.0000000000E+00  0.0000000000E+00
L9 0.0000000000E+00  0.0000000000E+00  0.0000000000E+00  0.1046006933E+01  0.0000000000E+00
L0    25000  0.1600000000E+03  -.3004321186E+06  0.8074071027E+05
L1 0.2996265574E+03  0.2996265574E+03  -.3811728289E+12  0.1000000000E+01
L2 0.1000000000E+01  0.1184309396E+03  0.1184309396E+03  0.1184309396E+03
L3 0.1278714112E+07  -.2319873289E+03  -.7587343575E+02  0.3264690902E+03
L4 0.6202775184E+01  0.1053431943E+05  0.1038739584E+05  0.1051050929E+05
L5 0.3143222455E+05  0.1266930184E+05  0.1108566006E+05  0.7506009985E+04
L6 0.3126097188E+05  -.3811728289E+06  0.3502019663E+05  -.5179677262E+06
L7 0.0000000000E+00  0.4750184704E+04  0.1296325320E+05  0.2028029697E+05
L8 0.5735249019E+04  0.5804571676E+05  0.0000000000E+00  0.0000000000E+00
L9 0.0000000000E+00  0.0000000000E+00  0.0000000000E+00  0.1045612260E+01  0.0000000000E+00
L0    26000  0.1620000000E+03  -.3007949201E+06  0.8090630926E+05
L1 0.3002410907E+03  0.3002410907E+03  -.3817012293E+12  0.1000000000E+01
L2 0.1000000000E+01  0.1184630569E+03  0.1184630569E+03  0.1184630569E+03
L3 0.1279764813E+07  0.1183725921E+03  -.2017939348E+03  -.1632270286E+03
L4 -.8221612378E+02  0.1048399477E+05  0.1049708368E+05  0.1050313247E+05
L5 0.3148421091E+05  0.9393715126E+04  0.1235572186E+05  0.1200654726E+05
L6 0.3375598424E+05  -.3817012293E+06  0.3490570040E+05  -.5181893780E+06
L7 0.0000000000E+00  0.4677818013E+04  0.1292079741E+05  0.2029312960E+05
L8 0.5743508634E+04  0.5794719460E+05  0.0000000000E+00  0.0000000000E+00
L9 0.0000000000E+00  0.0000000000E+00  0.0000000000E+00  0.1044753801E+01  0.0000000000E+00
L0    27000  0.1640000000E+03  -.3014564519E+06  0.8037352649E+05
L1 0.2982639485E+03  0.2982639485E+03  -.3818299784E+12  0.1000000000E+01
L2 0.1000000000E+01  0.1184491915E+03  0.1184491915E+03  0.1184491915E+03
L3 0.1279304415E+07  0.9844123552E+02  0.1541765600E+02  -.6912732142E+02
L4 0.1491052336E+02  0.1064053118E+05  0.1038329250E+05  0.1049205109E+05
L5 0.3151587477E+05  0.9734156978E+04  0.1024133811E+05  0.1112852442E+05
L6 0.3110401951E+05  -.3818299784E+06  0.3456235450E+05  -.5179004991E+06
L7 0.0000000000E+00  0.4684833780E+04  0.1285982036E+05  0.2023257900E+05
L8 0.5755990801E+04  0.5797494235E+05  0.0000000000E+00  0.0000000000E+00
L9 0.0000000000E+00  0.0000000000E+00  0.0000000000E+00  0.1045129789E+01  0.0000000000E+00
L0    28000  0.1660000000E+03  -.2997464624E+06  0.8094432379E+05
L1 0.3003821615E+03  0.3003821615E+03  -.3806907862E+12  0.1000000000E+01
L2 0.1000000000E+01  0.1184853054E+03  0.1184853054E+03  0.1184853054E+03
L3 0.1280474134E+07  -.1238306264E+03  -.5160097767E+02  0.2405936374E+03
L4 0.2172067775E+02  0.1037804935E+05  0.1043110210E+05  0.1054796231E+05
L5 0.3135711375E+05  0.1151923278E+05  0.1090664020E+05  0.8330728315E+04
L6 0.3075660130E+05  -.3806907862E+06  0.3494106021E+05  -.5173311334E+06
L7 0.0000000000E+00  0.4725683818E+04  0.1290499892E+05  0.2028823353E+05
L8 0.5731719314E+04  0.5804865134E+05  0.0000000000E+00  0.0000000000E+00
L9 0.0000000000E+00  0.0000000000E+00  0.0000000000E+00  0.1044175058E+01  0.0000000000E+00
L0    29000  0.1680000000E+03  -.2998882117E+06  0.8084477126E+05
L1 0.3000127249E+03  0.3000127249E+03  -.3807329829E+12  0.1000000000E+01
L2 0.1000000000E+01  0.1185372696E+03  0.1185372696E+03  0.1185372696E+03
L3 0.1282148123E+07  0.1183708262E+03  0.3387254585E+03  -.9065701715E+02
L4 0.1221464225E+03  0.1039386913E+05  0.1047657938E+05  0.1046149305E+05
L5 0.3133194156E+05  0.9301575347E+04  0.7350913010E+04  0.1129805134E+05
L6 0.2795053970E+05  -.3807329829E+06  0.3487751810E+05  -.5173679253E+06
L7 0.0000000000E+00  0.4748059266E+04  0.1305719112E+05  0.2028310667E+05
L8 0.5724827362E+04  0.5794423989E+05  0.0000000000E+00  0.0000000000E+00
L9 0.0000000000E+00  0.0000000000E+00  0.0000000000E+00  0.1042811769E+01  0.0000000000E+00
L0    30000  0.1700000000E+03  -.3000833326E+06  0.8115324043E+05
L1 0.3011574455E+03  0.3011574455E+03  -.3812365731E+12  0.1000000000E+01
L2 0.1000000000E+01  0.1184965435E+03  0.1184965435E+03  0.1184965435E+03
L3 0.1280851259E+07  -.3770058130E+03  0.2406391199E+03  -.1329788348E+03
L4 -.8978184263E+02  0.1038702962E+05  0.1050253867E+05  0.1048653510E+05
L5 0.3137610339E+05  0.1386241785E+05  0.8284232387E+04  0.1171238643E+05
L6 0.3385903666E+05  -.3812365731E+06  0.3454918244E+05  -.5172774178E+06
L7 0.0000000000E+00  0.4692070605E+04  0.1288895171E+05  0.2025575344E+05
L8 0.5730981283E+04  0.5792390529E+05  0.0000000000E+00  0.0000000000E+00
L9 0.0000000000E+00  0.0000000000E+00  0.0000000000E+00  0.1043867618E+01  0.0000000000E+00
L0    31000  0.1720000000E+03  -.3000528364E+06  0.8094929479E+05
L1 0.3004006088E+03  0.3004006088E+03  -.3810021312E+12  0.1000000000E+01
L2 0.1000000000E+01  0.1184848186E+03  0.1184848186E+03  0.1184848186E+03
L3 0.1280461795E+07  -.1417459518E+03  -.4955972836E+01  0.1214207822E+03
L4 -.8427047466E+01  0.1049609885E+05  0.1046326356E+05  0.1039684096E+05
L5 0.3135620336E+05  0.1180237161E+05  0.1050893578E+05  0.9277876658E+04
L6 0.3158918404E+05  -.3810021312E+06  0.3428980628E+05  -.5167634969E+06
L7 0.0000000000E+00  0.4754262955E+04  0.1304437591E+05  0.2024690477E+05
L8 0.5708911325E+04  0.5771710444E+05  0.0000000000E+00  0.0000000000E+00
L9 0.0000000000E+00  0.0000000000E+00  0.0000000000E+00  0.1044185120E+01  0.0000000000E+00
L0    32000  0.1740000000E+03  -.3004250795E+06  0.8111423730E+05
L1 0.3010127059E+03  0.3010127059E+03  -.3815393168E+12  0.1000000000E+01
L2 0.1000000000E+01  0.1184190660E+03  0.1184190660E+03  0.1184190660E+03
L3 0.1278331973E+07  -.1985309577E+03  -.4981869523E+02  0.2031675480E+03
L4 -.1506070163E+02  0.1050049779E+05  0.1051120743E+05  0.1051496759E+05
L5 0.3152667282E+05  0.1232703477E+05  0.1096955252E+05  0.8645772760E+04
L6 0.3194236005E+05  -.3815393168E+06  0.3475767015E+05  -.5179923496E+06
L7 0.0000000000E+00  0.4736343440E+04  0.1294853574E+05  0.2025247833E+05
L8 0.5766835702E+04  0.5799116942E+05  0.0000000000E+00  0.0000000000E+00
L9 0.0000000000E+00  0.0000000000E+00  0.0000000000E+00  0.1045924831E+01  0.0000000000E+00
L0    33000  0.1760000000E+03  -.3005255123E+06  0.8105266331E+05
L1 0.3007842065E+03  0.3007842065E+03  -.3815781756E+12  0.1000000000E+01
L2 0.1000000000E+01  0.1184872509E+03  0.1184872509E+03  0.1184872509E+03
L3 0.1280545016E+07  -.9519366647E+02  0.1523331407E+03  -.1970152098E+03
L4 -.4662524517E+02  0.1055488360E+05  0.1055723868E+05  0.1047299084E+05
L5 0.3158511312E+05  0.1143220654E+05  0.9153307476E+04  0.1228872050E+05
L6 0.3287423451E+05  -.3815781756E+06  0.3490699278E+05  -.5180492046E+06
L7 0.0000000000E+00  0.4712659278E+04  0.1290761596E+05  0.2029294437E+05
L8 0.5738355751E+04  0.5791246085E+05  0.0000000000E+00  0.0000000000E+00
L9 0.0000000000E+00  0.0000000000E+00  0.0000000000E+00  0.1044117260E+01  0.0000000000E+00
L0    34000  0.1780000000E+03  -.3000948666E+06  0.8079198444E+05
L1 0.2998168344E+03  0.2998168344E+03  -.3808868510E+12  0.1000000000E+01
L2 0.1000000000E+01  0.1184430923E+03  0.1184430923E+03  0.1184430923E+03
L3 0.1279109215E+07  -.1232429134E+03  -.5270744029E+02  0.1572240224E+03
L4 -.6242110437E+01  0.1050883680E+05  0.1051750286E+05  0.1049296514E+05
L5 0.3151930480E+05  0.1164339339E+05  0.1100272000E+05  0.9045583326E+04
L6 0.3169169672E+05  -.3808868510E+06  0.3463653232E+05  -.5172753507E+06
L7 0.0000000000E+00  0.4784536290E+04  0.1296613226E+05  0.2025546398E+05
L8 0.5768228893E+04  0.5797760595E+05  0.0000000000E+00  0.0000000000E+00
L9 0.0000000000E+00  0.0000000000E+00  0.0000000000E+00  0.1045289282E+01  0.0000000000E+00
L0    35000  0.1800000000E+03  -.3001379795E+06  0.8091361631E+05
L1 0.3002682069E+03  0.3002682069E+03  -.3810515958E+12  0.1000000000E+01
L2 0.1000000000E+01  0.1184283349E+03  0.1184283349E+03  0.1184283349E+03
L3 0.1278622425E+07  0.1966317902E+03  0.7205671320E+02  -.5749801651E+02
L4 0.7039682895E+02  0.1046672262E+05  0.1043980865E+05  0.1055830117E+05
L5 0.3146483244E+05  0.8657247442E+04  0.9776717326E+04  0.1108741822E+05
L6 0.2952138299E+05  -.3810515958E+06  0.3474089649E+05  -.5175719844E+06
L7 0.0000000000E+00  0.4778687281E+04  0.1305780330E+05  0.2027112797E+05
L8 0.5789096910E+04  0.5788277664E+05  0.0000000000E+00  0.0000000000E+00
L9 0.0000000000E+00  0.0000000000E+00  0.0000000000E+00  0.1045687239E+01  0.0000000000E+00
L0    36000  0.1820000000E+03  -.3005167504E+06  0.8093635112E+05
L1 0.3003525752E+03  0.3003525752E+03  -.3814531015E+12  0.1000000000E+01
L2 0.1000000000E+01  0.1184433715E+03  0.1184433715E+03  0.1184433715E+03
L3 0.1279141379E+07  -.4007176181E+03  -.6704439539E+02  -.1588072841E+03
L4 -.2088564325E+03  0.1050234600E+05  0.1049242272E+05  0.1035988315E+05
L5 0.3135465188E+05  0.1419138771E+05  0.1110963933E+05  0.1182187700E+05
L6 0.3712290405E+05  -.3814531015E+06  0.3419906169E+05  -.5174261796E+06
L7 0.0000000000E+00  0.4714931807E+04  0.1310633986E+05  0.2017649747E+05
L8 0.5764283004E+04  0.5801196429E+05  0.0000000000E+00  0.0000000000E+00
L9 0.0000000000E+00  0.0000000000E+00  0.0000000000E+00  0.1045262998E+01  0.0000000000E+00
L0    37000  0.1840000000E+03  -.3008588888E+06  0.8068206580E+05
L1 0.2994089294E+03  0.2994089294E+03  -.3815409546E+12  0.1000000000E+01
L2 0.1000000000E+01  0.1184673466E+03  0.1184673466E+03  0.1184673466E+03
L3 0.1279881027E+07  0.5068083711E+02  0.1977422289E+03  0.1045407211E+03
L4 0.1176545957E+03  0.1038531166E+05  0.1046115881E+05  0.1044571761E+05
L5 0.3129218807E+05  0.9918469613E+04  0.8639673776E+04  0.9482750014E+04
L6 0.2804089340E+05  -.3815409546E+06  0.3453361169E+05  -.5176787144E+06
L7 0.0000000000E+00  0.4717295739E+04  0.1286930906E+05  0.2031259372E+05
L8 0.5754545177E+04  0.5795040444E+05  0.0000000000E+00  0.0000000000E+00
L9 0.0000000000E+00  0.0000000000E+00  0.0000000000E+00  0.1044658937E+01  0.0000000000E+00
L0    38000  0.1860000000E+03  -.3007792108E+06  0.8101190727E+05
L1 0.3006329620E+03  0.3006329620E+03  -.3817911181E+12  0.1000000000E+01
L2 0.1000000000E+01  0.1184744092E+03  0.1184744092E+03  0.1184744092E+03
L3 0.1280119988E+07  0.1190867988E+03  0.3398416549E+02  -.6401584777E+02
L4 0.2968503883E+02  0.1054833915E+05  0.1039417005E+05  0.1034819155E+05
L5 0.3129070075E+05  0.9451176843E+04  0.1008106947E+05  0.1093797796E+05
L6 0.3047022428E+05  -.3817911181E+06  0.3470794143E+05  -.5181570697E+06
L7 0.0000000000E+00  0.4735612213E+04  0.1294502868E+05  0.2019114247E+05
L8 0.5788880336E+04  0.5799734651E+05  0.0000000000E+00  0.0000000000E+00
L9 0.0000000000E+00  0.0000000000E+00  0.0000000000E+00  0.1044463929E+01  0.0000000000E+00
L0    39000  0.1880000000E+03  -.3008208307E+06  0.8074616014E+05
L1 0.2996467817E+03  0.2996467817E+03  -.3815669909E+12  0.1000000000E+01
L2 0.1000000000E+01  0.1184871219E+03  0.1184871219E+03  0.1184871219E+03
L3 0.1280541297E+07  0.1906332833E+03  0.6036419366E+02  -.4030503180E+03
L4 -.5068428036E+02  0.1051101826E+05  0.1045356901E+05  0.1052545789E+05
L5 0.3149004515E+05  0.8754110758E+04  0.9897242733E+04  0.1424003550E+05
L6 0.3289138899E+05  -.3815669909E+06  0.3462492901E+05  -.5178009413E+06
L7 0.0000000000E+00  0.4697865610E+04  0.1293237165E+05  0.2030354418E+05
L8 0.5737426146E+04  0.5793781385E+05  0.0000000000E+00  0.0000000000E+00
L9 0.0000000000E+00  0.0000000000E+00  0.0000000000E+00  0.1044120292E+01  0.0000000000E+00
L0    40000  0.1900000000E+03  -.3003125704E+06  0.8095060869E+05
L1 0.3004054846E+03  0.3004054846E+03  -.3812631791E+12  0.1000000000E+01
L2 0.1000000000E+01  0.1184920237E+03  0.1184920237E+03  0.1184920237E+03
L3 0.1280702195E+07  -.3172803220E+03  0.8415718137E+02  0.2950466990E+02
L4 -.6787282356E+02  0.1049681492E+05  0.1054877584E+05  0.1056255258E+05
L5 0.3160814335E+05  0.1342128964E+05  0.9773072049E+04  0.1029059856E+05
L6 0.3348496025E+05  -.3812631791E+06  0.3480899043E+05  -.5177654082E+06
L7 0.0000000000E+00  0.4801366680E+04  0.1307758527E+05  0.2033313787E+05
L8 0.5713658666E+04  0.5776749020E+05  0.0000000000E+00  0.0000000000E+00
L9 0.0000000000E+00  0.0000000000E+00  0.0000000000E+00  0.1043989116E+01  0.0000000000E+00
L0    41000  0.1920000000E+03  -.3004940169E+06  0.8075767102E+05
L1 0.2996894982E+03  0.2996894982E+03  -.3812516880E+12  0.1000000000E+01
L2 0.1000000000E+01  0.1184777680E+03  0.1184777680E+03  0.1184777680E+03
L3 0.1280226263E+07  0.1220606716E+03  -.5863696839E+02  0.9405409053E+02
L4 0.5249259791E+02  0.1033280160E+05  0.1046952584E+05  0.1045183578E+05
L5 0.3125416321E+05  0.9208147247E+04  0.1100980077E+05  0.9585231157E+04
L6 0.2980317918E+05  -.3812516880E+06  0.3482819635E+05  -.5177620759E+06
L7 0.0000000000E+00  0.4743866706E+04  0.1298019996E+05  0.2035277733E+05
L8 0.5774054293E+04  0.5783129329E+05  0.0000000000E+00  0.0000000000E+00
L9 0.0000000000E+00  0.0000000000E+00  0.0000000000E+00  0.1044377226E+01  0.0000000000E+00
L0    42000  0.1940000000E+03  -.3010706191E+06  0.8082335332E+05
L1 0.2999332435E+03  0.2999332435E+03  -.3818939724E+12  0.1000000000E+01
L2 0.1000000000E+01  0.1184874320E+03  0.1184874320E+03  0.1184874320E+03
L3 0.1280558952E+07  -.2527532968E+03  -.2206982368E+02  -.7687666637E+02
L4 -.1172332623E+03  0.1034552095E+05  0.1043204617E+05  0.1051354668E+05
L5 0.3129111380E+05  0.1267496877E+05  0.1063544808E+05  0.1122206437E+05
L6 0.3453248121E+05  -.3818939724E+06  0.3478760405E+05  -.5183092684E+06
L7 0.0000000000E+00  0.4748616646E+04  0.1308918367E+05  0.2019468195E+05
L8 0.5749676313E+04  0.5784553336E+05  0.0000000000E+00  0.0000000000E+00
L9 0.0000000000E+00  0.0000000000E+00  0.0000000000E+00  0.1044105897E+01  0.0000000000E+00
L0    43000  0.1960000000E+03  -.3009250094E+06  0.8063860855E+05
L1 0.2992476607E+03  0.2992476607E+03  -.3815636180E+12  0.1000000000E+01
L2 0.1000000000E+01  0.1184193448E+03  0.1184193448E+03  0.1184193448E+03
L3 0.1278327789E+07  0.1184684580E+03  0.1458842928E+03  0.3810537292E+02
L4 0.1008193746E+03  0.1051490047E+05  0.1039615385E+05  0.1042912787E+05
L5 0.3134018219E+05  0.9424963093E+04  0.9053984411E+04  0.1007854957E+05
L6 0.2855749708E+05  -.3815636180E+06  0.3505165118E+05  -.5183403071E+06
L7 0.0000000000E+00  0.4634484510E+04  0.1309503170E+05  0.2031957274E+05
L8 0.5744404797E+04  0.5793154426E+05  0.0000000000E+00  0.0000000000E+00
L9 0.0000000000E+00  0.0000000000E+00  0.0000000000E+00  0.1045928254E+01  0.0000000000E+00
L0    44000  0.1980000000E+03  -.3005856537E+06  0.8084007479E+05
L1 0.2999952964E+03  0.2999952964E+03  -.3814257285E+12  0.1000000000E+01
L2 0.1000000000E+01  0.1184176656E+03  0.1184176656E+03  0.1184176656E+03
L3 0.1278278254E+07  0.8724174740E+02  0.1474043722E+03  -.5965031370E+02
L4 0.5833193529E+02  0.1035457489E+05  0.1046841721E+05  0.1044862961E+05
L5 0.3127162171E+05  0.9551961618E+04  0.9112315239E+04  0.1099740511E+05
L6 0.2966168197E+05  -.3814257285E+06  0.3467731660E+05  -.5177848884E+06
L7 0.0000000000E+00  0.4792135476E+04  0.1309693647E+05  0.2025009121E+05
L8 0.5740309708E+04  0.5780237046E+05  0.0000000000E+00  0.0000000000E+00
L9 0.0000000000E+00  0.0000000000E+00  0.0000000000E+00  0.1045968786E+01  0.0000000000E+00
L0    45000  0.2000000000E+03  -.3008857984E+06  0.8066968400E+05
L1 0.2993629808E+03  0.2993629808E+03  -.3815554824E+12  0.1000000000E+01
L2 0.1000000000E+01  0.1184932661E+03  0.1184932661E+03  0.1184932661E+03
L3 0.1280721699E+07  0.1567802138E+03  0.1045005175E+03  0.8084667717E+02
L4 0.1140424695E+03  0.1037829974E+05  0.1046558382E+05  0.1045651801E+05
L5 0.3130040157E+05  0.8933184101E+04  0.9502354292E+04  0.9711316845E+04
L6 0.2814685524E+05  -.3815554824E+06  0.3518103218E+05  -.5184344499E+06
L7 0.0000000000E+00  0.4635742016E+04  0.1303122937E+05  0.2035083095E+05
L8 0.5760303001E+04  0.5791983000E+05  0.0000000000E+00  0.0000000000E+00
L9 0.0000000000E+00  0.0000000000E+00  0.0000000000E+00  0.1043973218E+01  0.0000000000E+00
L0    46000  0.2020000000E+03  -.3006116843E+06  0.8105453064E+05
L1 0.3007911362E+03  0.3007911362E+03  -.3816662149E+12  0.1000000000E+01
L2 0.1000000000E+01  0.1184965562E+03  0.1184965562E+03  0.1184965562E+03
L3 0.1280833623E+07  0.4235460339E+03  -.1666915918E+03  -.5227120974E+02
L4 0.6819441079E+02  0.1050171090E+05  0.1046213888E+05  0.1049211991E+05
L5 0.3145596969E+05  0.6597350325E+04  0.1199874654E+05  0.1097396990E+05
L6 0.2957006676E+05  -.3816662149E+06  0.3501890571E+05  -.5184113507E+06
L7 0.0000000000E+00  0.4787650637E+04  0.1298389171E+05  0.2028055494E+05
L8 0.5770227042E+04  0.5790390569E+05  0.0000000000E+00  0.0000000000E+00
L9 0.0000000000E+00  0.0000000000E+00  0.0000000000E+00  0.1043881992E+01  0.0000000000E+00
L0    47000  0.2040000000E+03  -.3005094413E+06  0.8103927913E+05
L1 0.3007345382E+03  0.3007345382E+03  -.3815487205E+12  0.1000000000E+01
L2 0.1000000000E+01  0.1184868807E+03  0.1184868807E+03  0.1184868807E+03
L3 0.1280513769E+07  0.8483909907E+02  0.1096329412E+03  0.1710734812E+03
L4 0.1218485071E+03  0.1049391155E+05  0.1051902544E+05  0.1048540755E+05
L5 0.3149834454E+05  0.9712037349E+04  0.9508652058E+04  0.8908800280E+04
L6 0.2812948969E+05  -.3815487205E+06  0.3506907828E+05  -.5182913648E+06
L7 0.0000000000E+00  0.4788490300E+04  0.1294052969E+05  0.2028567330E+05
L8 0.5733767286E+04  0.5792510549E+05  0.0000000000E+00  0.0000000000E+00
L9 0.0000000000E+00  0.0000000000E+00  0.0000000000E+00  0.1044142738E+01  0.0000000000E+00
L0    48000  0.2060000000E+03  -.3004852244E+06  0.8075295114E+05
L1 0.2996719829E+03  0.2996719829E+03  -.3812381755E+12  0.1000000000E+01
L2 0.1000000000E+01  0.1185063544E+03  0.1185063544E+03  0.1185063544E+03
L3 0.1281145219E+07  0.7873778694E+02  0.2466449396E+02  0.2627581021E+03
L4 0.1220534610E+03  0.1053444128E+05  0.1052247488E+05  0.1043327015E+05
L5 0.3149018631E+05  0.9808438737E+04  0.1029505567E+05  0.8010506457E+04
L6 0.2811400086E+05  -.3812381755E+06  0.3459077374E+05  -.5173990122E+06
L7 0.0000000000E+00  0.4678547244E+04  0.1298300225E+05  0.2025070962E+05
L8 0.5788583816E+04  0.5786921999E+05  0.0000000000E+00  0.0000000000E+00
L9 0.0000000000E+00  0.0000000000E+00  0.0000000000E+00  0.1043628102E+01  0.0000000000E+00
L0    49000  0.2080000000E+03  -.2998607681E+06  0.8125094602E+05
L1 0.3015200282E+03  0.3015200282E+03  -.3811117141E+12  0.1000000000E+01
L2 0.1000000000E+01  0.1184753725E+03  0.1184753725E+03  0.1184753725E+03
L3 0.1280124541E+07  0.2604393667E+03  0.2480819344E+03  0.2813395866E+03
L4 0.2632869626E+03  0.1054989655E+05  0.1051499904E+05  0.1056427332E+05
L5 0.3162916891E+05  0.8150425946E+04  0.8229379489E+04  0.7972245559E+04
L6 0.2435205099E+05  -.3811117141E+06  0.3529759017E+05  -.5181050840E+06
L7 0.0000000000E+00  0.4803293409E+04  0.1304632241E+05  0.2023787479E+05
L8 0.5762336982E+04  0.5784595216E+05  0.0000000000E+00  0.0000000000E+00
L9 0.0000000000E+00  0.0000000000E+00  0.0000000000E+00  0.1044460215E+01  0.0000000000E+00
L0    50000  0.2100000000E+03  -.3002078912E+06  0.8108595627E+05
L1 0.3009077558E+03  0.3009077558E+03  -.3812938475E+12  0.1000000000E+01
L2 0.1000000000E+01  0.1184277208E+03  0.1184277208E+03  0.1184277208E+03
L3 0.1278611861E+07  0.1698932493E+03  -.1272395219E+03  -.7684469241E+02
L4 -.1139698834E+02  0.1049200675E+05  0.1050390961E+05  0.1050508781E+05
L5 0.3150100417E+05  0.8928601984E+04  0.1167480296E+05  0.1121223397E+05
L6 0.3181563891E+05  -.3812938475E+06  0.3463702649E+05  -.5174678118E+06
L7 0.0000000000E+00  0.4852485398E+04  0.1291905232E+05  0.2030414211E+05
L8 0.5689643629E+04  0.5777161440E+05  0.0000000000E+00  0.0000000000E+00
L9 0.0000000000E+00  0.0000000000E+00  0.0000000000E+00  0.1045695878E+01  0.0000000000E+00
L0    51000  0.2120000000E+03  -.3006708833E+06  0.8103007549E+05
L1 0.3007003838E+03  0.3007003838E+03  -.3817009588E+12  0.1000000000E+01
L2 0.1000000000E+01  0.1184361832E+03  0.1184361832E+03  0.1184361832E+03
L3 0.1278877220E+07  0.1415820141E+03  -.1598378736E+02  0.7051778025E+02
L4 0.6537200234E+02  0.1047478346E+05  0.1041241360E+05  0.1055010390E+05
L5 0.3143730096E+05  0.9171636127E+04  0.1055953137E+05  0.9901045063E+04
L6 0.2963221256E+05  -.3817009588E+06  0.3528717906E+05  -.5183834207E+06
L7 0.0000000000E+00  0.4686955623E+04  0.1283973610E+05  0.2024289861E+05
L8 0.5749853322E+04  0.5787583915E+05  0.0000000000E+00  0.0000000000E+00
L9 0.0000000000E+00  0.0000000000E+00  0.0000000000E+00  0.1045478903E+01  0.0000000000E+00
L0    52000  0.2140000000E+03  -.3015641393E+06  0.8066296485E+05
L1 0.2993380463E+03  0.2993380463E+03  -.3822271041E+12  0.1000000000E+01
L2 0.1000000000E+01  0.1184094082E+03  0.1184094082E+03  0.1184094082E+03
L3 0.1278006524E+07  0.6996901195E+02  0.5124005390E+02  0.1680130253E+03
L4 0.9640736371E+02  0.1052827926E+05  0.1041818292E+05  0.1034510113E+05
L5 0.3129156331E+05  0.9884709856E+04  0.9946880974E+04  0.8799730682E+04
L6 0.2863132151E+05  -.3822271041E+06  0.3499207839E+05  -.5187479129E+06
L7 0.0000000000E+00  0.4730193435E+04  0.1296835045E+05  0.2019657324E+05
L8 0.5728219450E+04  0.5790539384E+05  0.0000000000E+00  0.0000000000E+00
L9 0.0000000000E+00  0.0000000000E+00  0.0000000000E+00  0.1046191180E+01  0.0000000000E+00
L0    53000  0.2160000000E+03  -.3008585731E+06  0.8093628707E+05
L1 0.3003523375E+03  0.3003523375E+03  -.3817948602E+12  0.1000000000E+01
L2 0.1000000000E+01  0.1184374497E+03  0.1184374497E+03  0.1184374497E+03
L3 0.1278928886E+07  -.1540529869E+02  0.1527900740E+02  -.8355869155E+02
L4 -.2789499428E+02  0.1046630719E+05  0.1045410188E+05  0.1046675617E+05
L5 0.3138716524E+05  0.1060810616E+05  0.1031346536E+05  0.1123587706E+05
L6 0.3215744858E+05  -.3817948602E+06  0.3474843045E+05  -.5181768928E+06
L7 0.0000000000E+00  0.4701147110E+04  0.1310579654E+05  0.2022609687E+05
L8 0.5746260740E+04  0.5785430099E+05  0.0000000000E+00  0.0000000000E+00
L9 0.0000000000E+00  0.0000000000E+00  0.0000000000E+00  0.1045436668E+01  0.0000000000E+00
L0    54000  0.2180000000E+03  -.3009156591E+06  0.8071807579E+05
L1 0.2995425615E+03  0.2995425615E+03  -.3816337349E+12  0.1000000000E+01
L2 0.1000000000E+01  0.1183863068E+03  0.1183863068E+03  0.1183863068E+03
L3 0.1277259982E+07  0.2278268452E+03  -.8979817080E+01  0.3560310205E+02
L4 0.8481671005E+02  0.1043503228E+05  0.1058606299E+05  0.1045156781E+05
L5 0.3147266307E+05  0.8340723169E+04  0.1066861038E+05  0.1012428460E+05
L6 0.2913361815E+05  -.3816337349E+06  0.3474230838E+05  -.5180082815E+06
L7 0.0000000000E+00  0.4878312568E+04  0.1306679294E+05  0.2023079367E+05
L8 0.5695595380E+04  0.5776074364E+05  0.0000000000E+00  0.0000000000E+00
L9 0.0000000000E+00  0.0000000000E+00  0.0000000000E+00  0.1046802665E+01  0.0000000000E+00
L0    55000  0.2200000000E+03  -.3011128873E+06  0.8062921846E+05
L1 0.2992128143E+03  0.2992128143E+03  -.3817421057E+12  0.1000000000E+01
L2 0.1000000000E+01  0.1184089496E+03  0.1184089496E+03  0.1184089496E+03
L3 0.1277992718E+07  0.2743884817E+03  0.7265794752E+01  -.1988496160E+02
L4 0.8725643827E+02  0.1023221812E+05  0.1047748242E+05  0.1048095224E+05
L5 0.3119065279E+05  0.7708441951E+04  0.1041065294E+05  0.1066385056E+05
L6 0.2878294546E+05  -.3817421057E+06  0.3515997464E+05  -.5184092045E+06
L7 0.0000000000E+00  0.4651336934E+04  0.1307685738E+05  0.2024789751E+05
L8 0.5727349576E+04  0.5780368277E+05  0.0000000000E+00  0.0000000000E+00
L9 0.0000000000E+00  0.0000000000E+00  0.0000000000E+00  0.1046202482E+01  0.0000000000E+00
L0    56000  0.2220000000E+03  -.3012908778E+06  0.8071027548E+05
L1 0.2995136147E+03  0.2995136147E+03  -.3820011533E+12  0.1000000000E+01
L2 0.1000000000E+01  0.1183730722E+03  0.1183730722E+03  0.1183730722E+03
L3 0.1276829911E+07  -.3648182266E+02  0.2742073633E+03  0.6306099296E+02
L4 0.1002621779E+03  0.1045499127E+05  0.1049994843E+05  0.1045904691E+05
L5 0.3141398661E+05  0.1079023924E+05  0.7980132943E+04  0.9879550922E+04
L6 0.2864992310E+05  -.3820011533E+06  0.3486833199E+05  -.5184038095E+06
L7 0.0000000000E+00  0.4590400444E+04  0.1314715043E+05  0.2021465078E+05
L8 0.5804537486E+04  0.5777758514E+05  0.0000000000E+00  0.0000000000E+00
L9 0.0000000000E+00  0.0000000000E+00  0.0000000000E+00  0.1047155256E+01  0.0000000000E+00
L0    57000  0.2240000000E+03  -.3007876998E+06  0.8096858057E+05
L1 0.3004721778E+03  0.3004721778E+03  -.3817562804E+12  0.1000000000E+01
L2 0.1000000000E+01  0.1184225079E+03  0.1184225079E+03  0.1184225079E+03
L3 0.1278443935E+07  0.1793576169E+03  0.3521690522E+02  -.2727409473E+03
L4 -.1938880838E+02  0.1042623421E+05  0.1056684902E+05  0.1049096778E+05
L5 0.3148405101E+05  0.8775952478E+04  0.1024281586E+05  0.1300047594E+05
L6 0.3201924427E+05  -.3817562804E+06  0.3505567187E+05  -.5184071612E+06
L7 0.0000000000E+00  0.4745397984E+04  0.1303377873E+05  0.2027792095E+05
L8 0.5752146173E+04  0.5778596507E+05  0.0000000000E+00  0.0000000000E+00
L9 0.0000000000E+00  0.0000000000E+00  0.0000000000E+00  0.1045833232E+01  0.0000000000E+00
L0    58000  0.2260000000E+03  -.3010254333E+06  0.8064938486E+05
L1 0.2992876513E+03  0.2992876513E+03  -.3816748182E+12  0.1000000000E+01
L2 0.1000000000E+01  0.1184555084E+03  0.1184555084E+03  0.1184555084E+03
L3 0.1279512717E+07  0.2061768806E+03  0.7335875540E+02  -.3298306072E+03
L4 -.1676499041E+02  0.1044273499E+05  0.1049799859E+05  0.1041307130E+05
L5 0.3135380487E+05  0.8544101435E+04  0.9822455368E+04  0.1345040242E+05
L6 0.3181695923E+05  -.3816748182E+06  0.3519856863E+05  -.5185062612E+06
L7 0.0000000000E+00  0.4700903551E+04  0.1308322317E+05  0.2019834548E+05
L8 0.5762064514E+04  0.5788833769E+05  0.0000000000E+00  0.0000000000E+00
L9 0.0000000000E+00  0.0000000000E+00  0.0000000000E+00  0.1044959644E+01  0.0000000000E+00
L0    59000  0.2280000000E+03  -.3013430948E+06  0.8075455294E+05
L1 0.2996779271E+03  0.2996779271E+03  -.3820976478E+12  0.1000000000E+01
L2 0.1000000000E+01  0.1184407964E+03  0.1184407964E+03  0.1184407964E+03
L3 0.1279054948E+07  -.1115226420E+03  -.1228636006E+03  -.3132173368E+03
L4 -.1825345265E+03  0.1047061110E+05  0.1052687510E+05  0.1035670848E+05
L5 0.3135419469E+05  0.1149722900E+05  0.1165789181E+05  0.1324002005E+05
L6 0.3639514087E+05  -.3820976478E+06  0.3478210836E+05  -.5180823719E+06
L7 0.0000000000E+00  0.4785339358E+04  0.1295293062E+05  0.2018715024E+05
L8 0.5714454004E+04  0.5756274156E+05  0.0000000000E+00  0.0000000000E+00
L9 0.0000000000E+00  0.0000000000E+00  0.0000000000E+00  0.1045333631E+01  0.0000000000E+00
L0    60000  0.2300000000E+03  -.3007861802E+06  0.8053988387E+05
L1 0.2988812961E+03  0.2988812961E+03  -.3813260641E+12  0.1000000000E+01
L2 0.1000000000E+01  0.1184311220E+03  0.1184311220E+03  0.1184311220E+03
L3 0.1278725199E+07  -.7749455245E+02  0.1798226132E+03  -.2199299102E+03
L4 -.3920061651E+02  0.1050000041E+05  0.1038570368E+05  0.1041103289E+05
L5 0.3129673698E+05  0.1121318997E+05  0.8730779473E+04  0.1243506828E+05
L6 0.3237903772E+05  -.3813260641E+06  0.3465104747E+05  -.5173710986E+06
L7 0.0000000000E+00  0.4733323794E+04  0.1303148744E+05  0.2021988703E+05
L8 0.5739504394E+04  0.5766978435E+05  0.0000000000E+00  0.0000000000E+00
L9 0.0000000000E+00  0.0000000000E+00  0.0000000000E+00  0.1045603195E+01  0.0000000000E+00
L0    61000  0.2320000000E+03  -.3006523825E+06  0.8103445756E+05
L1 0.3007166455E+03  0.3007166455E+03  -.3816868400E+12  0.1000000000E+01
L2 0.1000000000E+01  0.1184270125E+03  0.1184270125E+03  0.1184270125E+03
L3 0.1278607281E+07  -.5501646284E+02  -.1066180225E+03  -.3554893179E+03
L4 -.1723746011E+03  0.1048157944E+05  0.1060397068E+05  0.1052313270E+05
L5 0.3160868282E+05  0.1098785436E+05  0.1158509576E+05  0.1379443221E+05
L6 0.3636738233E+05  -.3816868400E+06  0.3439724475E+05  -.5174722019E+06
L7 0.0000000000E+00  0.4827192833E+04  0.1289625883E+05  0.2009542899E+05
L8 0.5759202022E+04  0.5781003443E+05  0.0000000000E+00  0.0000000000E+00
L9 0.0000000000E+00  0.0000000000E+00  0.0000000000E+00  0.1045699624E+01  0.0000000000E+00
L0    62000  0.2340000000E+03  -.3000293486E+06  0.8096891714E+05
L1 0.3004734268E+03  0.3004734268E+03  -.3809982657E+12  0.1000000000E+01
L2 0.1000000000E+01  0.1184404319E+03  0.1184404319E+03  0.1184404319E+03
L3 0.1279036512E+07  -.2169348604E+03  -.3281090825E+03  0.1717518355E+03
L4 -.1244307025E+03  0.1050262787E+05  0.1048943049E+05  0.1051616735E+05
L5 0.3150822570E+05  0.1249958558E+05  0.1350978398E+05  0.8935134441E+04
L6 0.3494450401E+05  -.3809982657E+06  0.3422588192E+05  -.5168669364E+06
L7 0.0000000000E+00  0.4750570686E+04  0.1307896486E+05  0.2025357449E+05
L8 0.5735166435E+04  0.5782451230E+05  0.0000000000E+00  0.0000000000E+00
L9 0.0000000000E+00  0.0000000000E+00  0.0000000000E+00  0.1045348698E+01  0.0000000000E+00
L0    63000  0.2360000000E+03  -.3011133292E+06  0.8054192108E+05
L1 0.2988888562E+03  0.2988888562E+03  -.3816552503E+12  0.1000000000E+01
L2 0.1000000000E+01  0.1184347224E+03  0.1184347224E+03  0.1184347224E+03
L3 0.1278841366E+07  -.2057551875E+03  0.4637214351E+01  0.9563088758E+02
L4 -.3516236185E+02  0.1044842230E+05  0.1043747230E+05  0.1038831135E+05
L5 0.3127420596E+05  0.1234217842E+05  0.1039479171E+05  0.9508131462E+04
L6 0.3224510159E+05  -.3816552503E+06  0.3470259037E+05  -.5177714371E+06
L7 0.0000000000E+00  0.4798008101E+04  0.1296791199E+05  0.2022408660E+05
L8 0.5683250998E+04  0.5774033870E+05  0.0000000000E+00  0.0000000000E+00
L9 0.0000000000E+00  0.0000000000E+00  0.0000000000E+00  0.1045508214E+01  0.0000000000E+00
L0    64000  0.2380000000E+03  -.3004581160E+06  0.8077664067E+05
L1 0.2997598941E+03  0.2997598941E+03  -.3812347567E+12  0.1000000000E+01
L2 0.1000000000E+01  0.1184782647E+03  0.1184782647E+03  0.1184782647E+03
L3 0.1280263573E+07  -.2123641235E+02  -.8776465275E+02  -.2906011473E+03
L4 -.1332007375E+03  0.1043405147E+05  0.1041951330E+05  0.1052591406E+05
L5 0.3137947884E+05  0.1062972727E+05  0.1122819126E+05  0.1320356089E+05
L6 0.3506147942E+05  -.3812347567E+06  0.3432952219E+05  -.5170466487E+06
L7 0.0000000000E+00  0.4723491196E+04  0.1303836644E+05  0.2021700397E+05
L8 0.5734755019E+04  0.5776875315E+05  0.0000000000E+00  0.0000000000E+00
L9 0.0000000000E+00  0.0000000000E+00  0.0000000000E+00  0.1044346790E+01  0.0000000000E+00
L0    65000  0.2400000000E+03  -.3012895483E+06  0.8040596783E+05
L1 0.2983843374E+03  0.2983843374E+03  -.3816955161E+12  0.1000000000E+01
L2 0.1000000000E+01  0.1184872796E+03  0.1184872796E+03  0.1184872796E+03
L3 0.1280552337E+07  -.1431459901E+03  -.6948494301E+02  -.9506000342E+02
L4 -.1025636455E+03  0.1044316418E+05  0.1053431097E+05  0.1042715658E+05
L5 0.3140463174E+05  0.1176243240E+05  0.1117470108E+05  0.1130325267E+05
L6 0.3424038615E+05  -.3816955161E+06  0.3456959350E+05  -.5177400281E+06
L7 0.0000000000E+00  0.4722346699E+04  0.1291445898E+05  0.2023189541E+05
L8 0.5754743793E+04  0.5785147362E+05  0.0000000000E+00  0.0000000000E+00
L9 0.0000000000E+00  0.0000000000E+00  0.0000000000E+00  0.1044111290E+01  0.0000000000E+00
L0    66000  0.2420000000E+03  -.3005449264E+06  0.8084406586E+05
L1 0.3000101071E+03  0.3000101071E+03  -.3813889922E+12  0.1000000000E+01
L2 0.1000000000E+01  0.1184464046E+03  0.1184464046E+03  0.1184464046E+03
L3 0.1279212730E+07  -.1493777351E+03  0.1481093454E+03  0.8251957220E+02
L4 0.2708372751E+02  0.1045897175E+05  0.1042891011E+05  0.1059829445E+05
L5 0.3148617631E+05  0.1183423305E+05  0.9065326367E+04  0.9838569619E+04
L6 0.3073812904E+05  -.3813889922E+06  0.3491152110E+05  -.5177525248E+06
L7 0.0000000000E+00  0.4855829252E+04  0.1298532214E+05  0.2015983568E+05
L8 0.5737266915E+04  0.5771375755E+05  0.0000000000E+00  0.0000000000E+00
L9 0.0000000000E+00  0.0000000000E+00  0.0000000000E+00  0.1045204696E+01  0.0000000000E+00
L0    67000  0.2440000000E+03  -.3008539449E+06  0.8102643920E+05
L1 0.3006868896E+03  0.3006868896E+03  -.3818803841E+12  0.1000000000E+01
L2 0.1000000000E+01  0.1184228373E+03  0.1184228373E+03  0.1184228373E+03
L3 0.1278442176E+07  -.1407648958E+03  0.4837286581E+02  0.3612140987E+03
L4 0.8960735625E+02  0.1039634834E+05  0.1064320082E+05  0.1055016167E+05
L5 0.3158971082E+05  0.1169153401E+05  0.1019811937E+05  0.7226610551E+04
L6 0.2911626394E+05  -.3818803841E+06  0.3490117655E+05  -.5180799403E+06
L7 0.0000000000E+00  0.4612017439E+04  0.1312658047E+05  0.2013571809E+05
L8 0.5749236505E+04  0.5767482715E+05  0.0000000000E+00  0.0000000000E+00
L9 0.0000000000E+00  0.0000000000E+00  0.0000000000E+00  0.1045834671E+01  0.0000000000E+00
L0    68000  0.2460000000E+03  -.3013712545E+06  0.8070602532E+05
L1 0.2994978425E+03  0.2994978425E+03  -.3820772798E+12  0.1000000000E+01
L2 0.1000000000E+01  0.1184267704E+03  0.1184267704E+03  0.1184267704E+03
L3 0.1278573719E+07  -.1518206299E+03  -.3335990016E+02  0.3446356684E+03
L4 0.5315171276E+02  0.1044752520E+05  0.1041722170E+05  0.1039144744E+05
L5 0.3125619435E+05  0.1184457904E+05  0.1072419959E+05  0.7220109116E+04
L6 0.2978888774E+05  -.3820772798E+06  0.3487756129E+05  -.5183289054E+06
L7 0.0000000000E+00  0.4745709472E+04  0.1293703837E+05  0.2016678369E+05
L8 0.5783580189E+04  0.5774095257E+05  0.0000000000E+00  0.0000000000E+00
L9 0.0000000000E+00  0.0000000000E+00  0.0000000000E+00  0.1045727073E+01  0.0000000000E+00
L0    69000  0.2480000000E+03  -.3010870965E+06  0.8069434485E+05
L1 0.2994544966E+03  0.2994544966E+03  -.3817814413E+12  0.1000000000E+01
L2 0.1000000000E+01  0.1184175191E+03  0.1184175191E+03  0.1184175191E+03
L3 0.1278272359E+07  0.1914685220E+03  0.3916921403E+02  -.2534783495E+02
L4 0.6842996702E+02  0.1059624702E+05  0.1050855748E+05  0.1033095663E+05
L5 0.3143576113E+05  0.8834768458E+04  0.1014820722E+05  0.1056415249E+05
L6 0.2954712818E+05  -.3817814413E+06  0.3435275729E+05  -.5177172679E+06
L7 0.0000000000E+00  0.4744945846E+04  0.1293612973E+05  0.2023807986E+05
L8 0.5781910221E+04  0.5788200363E+05  0.0000000000E+00  0.0000000000E+00
L9 0.0000000000E+00  0.0000000000E+00  0.0000000000E+00  0.1045973609E+01  0.0000000000E+00
L0    70000  0.2500000000E+03  -.3011097629E+06  0.8107544287E+05
L1 0.3008687409E+03  0.3008687409E+03  -.3821852058E+12  0.1000000000E+01
L2 0.1000000000E+01  0.1183921316E+03  0.1183921316E+03  0.1183921316E+03
L3 0.1277468594E+07  -.1545206137E+03  -.2889020790E+03  0.1694555828E+03
L4 -.9132236996E+02  0.1047172579E+05  0.1044759074E+05  0.1052225368E+05
L5 0.3144157021E+05  0.1189239588E+05  0.1310377060E+05  0.8964270757E+04
L6 0.3396043723E+05  -.3821852058E+06  0.3469160973E+05  -.5181974985E+06
L7 0.0000000000E+00  0.4772548902E+04  0.1288027906E+05  0.2014094755E+05
L8 0.5797682744E+04  0.5772922472E+05  0.0000000000E+00  0.0000000000E+00
L9 0.0000000000E+00  0.0000000000E+00  0.0000000000E+00  0.1046631721E+01  0.0000000000E+00
L0    71000  0.2520000000E+03  -.3007369741E+06  0.8084443097E+05
L1 0.3000114621E+03  0.3000114621E+03  -.3815814051E+12  0.1000000000E+01
L2 0.1000000000E+01  0.1184276038E+03  0.1184276038E+03  0.1184276038E+03
L3 0.1278607211E+07  -.3246541095E+03  0.2423545160E+03  0.7072973061E+02
L4 -.3856620973E+01  0.1044427597E+05  0.1045043983E+05  0.1052360137E+05
L5 0.3141831717E+05  0.1343182220E+05  0.8220234511E+04  0.9872729155E+04
L6 0.3152478587E+05  -.3815814051E+06  0.3496268241E+05  -.5179408444E+06
L7 0.0000000000E+00  0.4748019531E+04  0.1307081005E+05  0.2016252792E+05
L8 0.5677097641E+04  0.5773830174E+05  0.0000000000E+00  0.0000000000E+00
L9 0.0000000000E+00  0.0000000000E+00  0.0000000000E+00  0.1045699681E+01  0.0000000000E+00
L0    72000  0.2540000000E+03  -.3005686264E+06  0.8099744526E+05
L1 0.3005792939E+03  0.3005792939E+03  -.3815660717E+12  0.1000000000E+01
L2 0.1000000000E+01  0.1184194703E+03  0.1184194703E+03  0.1184194703E+03
L3 0.1278350066E+07  0.1984153739E+03  0.4971497226E+02  -.4248183720E+03
L4 -.5889600862E+02  0.1055566498E+05  0.1045537907E+05  0.1069577143E+05
L5 0.3170681547E+05  0.8730165564E+04  0.9997981786E+04  0.1460426740E+05
L6 0.3333241475E+05  -.3815660717E+06  0.3469476507E+05  -.5180073479E+06
L7 0.0000000000E+00  0.4776551351E+04  0.1316940261E+05  0.2024811027E+05
L8 0.5719925536E+04  0.5783252141E+05  0.0000000000E+00  0.0000000000E+00
L9 0.0000000000E+00  0.0000000000E+00  0.0000000000E+00  0.1045910028E+01  0.0000000000E+00
L0    73000  0.2560000000E+03  -.3011462967E+06  0.8099355694E+05
L1 0.3005648644E+03  0.3005648644E+03  -.3821398537E+12  0.1000000000E+01
L2 0.1000000000E+01  0.1184239733E+03  0.1184239733E+03  0.1184239733E+03
L3 0.1278501560E+07  -.2309168642E+03  -.2094400045E+03  0.1148360854E+03
L4 -.1085069278E+03  0.1046460995E+05  0.1043852444E+05  0.1036775017E+05
L5 0.3127088455E+05  0.1258938762E+05  0.1236568314E+05  0.9311087849E+04
L6 0.3426615861E+05  -.3821398537E+06  0.3478088987E+05  -.5184216130E+06
L7 0.0000000000E+00  0.4861985727E+04  0.1300357173E+05  0.2023417099E+05
L8 0.5699708569E+04  0.5770143241E+05  0.0000000000E+00  0.0000000000E+00
L9 0.0000000000E+00  0.0000000000E+00  0.0000000000E+00  0.1045786094E+01  0.0000000000E+00
L0    74000  0.2580000000E+03  -.3008353840E+06  0.8086161533E+05
L1 0.3000752328E+03  0.3000752328E+03  -.3816969994E+12  0.1000000000E+01
L2 0.1000000000E+01  0.1184362863E+03  0.1184362863E+03  0.1184362863E+03
L3 0.1278877653E+07  0.7399021112E+02  0.1444622641E+03  0.5408335514E+02
L4 0.9084527679E+02  0.1048271016E+05  0.1044374798E+05  0.1048218822E+05
L5 0.3140864636E+05  0.9801690197E+04  0.9114089839E+04  0.9984394740E+04
L6 0.2890017478E+05  -.3816969994E+06  0.3486167712E+05  -.5179548578E+06
L7 0.0000000000E+00  0.4764508555E+04  0.1294373803E+05  0.2017499399E+05
L8 0.5731666282E+04  0.5778127441E+05  0.0000000000E+00  0.0000000000E+00
L9 0.0000000000E+00  0.0000000000E+00  0.0000000000E+00  0.1045478549E+01  0.0000000000E+00
L0    75000  0.2600000000E+03  -.3008271731E+06  0.8067977101E+05
L1 0.2994004135E+03  0.2994004135E+03  -.3815069441E+12  0.1000000000E+01
L2 0.1000000000E+01  0.1184520130E+03  0.1184520130E+03  0.1184520130E+03
L3 0.1279394740E+07  -.2257916239E+03  0.2044433123E+03  0.9496290013E+02
L4 0.2453819617E+02  0.1043643761E+05  0.1047373842E+05  0.1039006465E+05
L5 0.3130024069E+05  0.1251550692E+05  0.8591242477E+04  0.9515654665E+04
L6 0.3062240406E+05  -.3815069441E+06  0.3525235331E+05  -.5184483234E+06
L7 0.0000000000E+00  0.4718688180E+04  0.1315738924E+05  0.2024836905E+05
L8 0.5774119290E+04  0.5779046023E+05  0.0000000000E+00  0.0000000000E+00
L9 0.0000000000E+00  0.0000000000E+00  0.0000000000E+00  0.1045056002E+01  0.0000000000E+00
L0    76000  0.2620000000E+03  -.3012316949E+06  0.8104142503E+05
L1 0.3007425016E+03  0.3007425016E+03  -.3822731199E+12  0.1000000000E+01
L2 0.1000000000E+01  0.1184497624E+03  0.1184497624E+03  0.1184497624E+03
L3 0.1279321949E+07  0.1654287816E+03  -.9788165296E+02  0.2534036552E+01
L4 0.2336038841E+02  0.1056093891E+05  0.1037860982E+05  0.1062150360E+05
L5 0.3156105234E+05  0.9037771984E+04  0.1127984415E+05  0.1059817174E+05
L6 0.3091578788E+05  -.3822731199E+06  0.3494469510E+05  -.5185326531E+06
L7 0.0000000000E+00  0.4689870033E+04  0.1301921048E+05  0.2010590752E+05
L8 0.5735750658E+04  0.5776409940E+05  0.0000000000E+00  0.0000000000E+00
L9 0.0000000000E+00  0.0000000000E+00  0.0000000000E+00  0.1045115464E+01  0.0000000000E+00
L0    77000  0.2640000000E+03  -.3010863676E+06  0.8101745694E+05
L1 0.3006535567E+03  0.3006535567E+03  -.3821038246E+12  0.1000000000E+01
L2 0.1000000000E+01  0.1184248701E+03  0.1184248701E+03  0.1184248701E+03
L3 0.1278497783E+07  0.4895923959E+03  -.9483167324E+01  0.5784250429E+02
L4 0.1793172443E+03  0.1042746203E+05  0.1047584872E+05  0.1045444248E+05
L5 0.3135775323E+05  0.5922499084E+04  0.1056310766E+05  0.9922207216E+04
L6 0.2640781396E+05  -.3821038246E+06  0.3496054377E+05  -.5185948638E+06
L7 0.0000000000E+00  0.4725354151E+04  0.1297472138E+05  0.2022569176E+05
L8 0.5715063719E+04  0.5788966440E+05  0.0000000000E+00  0.0000000000E+00
L9 0.0000000000E+00  0.0000000000E+00  0.0000000000E+00  0.1045789184E+01  0.0000000000E+00
L0    78000  0.2660000000E+03  -.3007515368E+06  0.8088598439E+05
L1 0.3001656656E+03  0.3001656656E+03  -.3816375212E+12  0.1000000000E+01
L2 0.1000000000E+01  0.1184491058E+03  0.1184491058E+03  0.1184491058E+03
L3 0.1279312318E+07  0.3568614071E+02  -.2031996393E+03  -.6848900873E+02
L4 -.7866750243E+02  0.1046650482E+05  0.1056051616E+05  0.1044868195E+05
L5 0.3147570293E+05  0.1013793116E+05  0.1243143994E+05  0.1107928205E+05
L6 0.3364865315E+05  -.3816375212E+06  0.3466182505E+05  -.5178633597E+06
L7 0.0000000000E+00  0.4732426220E+04  0.1307866102E+05  0.2026364684E+05
L8 0.5754288809E+04  0.5773499055E+05  0.0000000000E+00  0.0000000000E+00
L9 0.0000000000E+00  0.0000000000E+00  0.0000000000E+00  0.1045123333E+01  0.0000000000E+00
L0    79000  0.2680000000E+03  -.3007105581E+06  0.8114949967E+05
L1 0.3011435636E+03  0.3011435636E+03  -.3818600577E+12  0.1000000000E+01
L2 0.1000000000E+01  0.1184140120E+03  0.1184140120E+03  0.1184140120E+03
L3 0.1278156019E+07  0.2554049460E+03  -.1717612365E+03  0.1945442947E+03
L4 0.9272933475E+02  0.1060250101E+05  0.1051734473E+05  0.1050044326E+05
L5 0.3162028900E+05  0.8253031833E+04  0.1209737573E+05  0.8710830991E+04
L6 0.2906123855E+05  -.3818600577E+06  0.3492468672E+05  -.5183978094E+06
L7 0.0000000000E+00  0.4729914261E+04  0.1300892615E+05  0.2021634449E+05
L8 0.5752567664E+04  0.5790531241E+05  0.0000000000E+00  0.0000000000E+00
L9 0.0000000000E+00  0.0000000000E+00  0.0000000000E+00  0.1046068816E+01  0.0000000000E+00
L0    80000  0.2700000000E+03  -.3015447097E+06  0.8058185224E+05
L1 0.2990370396E+03  0.2990370396E+03  -.3821265619E+12  0.1000000000E+01
L2 0.1000000000E+01  0.1184235916E+03  0.1184235916E+03  0.1184235916E+03
L3 0.1278489575E+07  -.9160751289E+02  -.2462447096E+02  -.2192563061E+03
L4 -.1118294300E+03  0.1040482232E+05  0.1049543559E+05  0.1044957865E+05
L5 0.3134983656E+05  0.1124773942E+05  0.1072201513E+05  0.1246704298E+05
L6 0.3443679753E+05  -.3821265619E+06  0.3450964894E+05  -.5179054299E+06
L7 0.0000000000E+00  0.4847009201E+04  0.1289411591E+05  0.2014273416E+05
L8 0.5752244811E+04  0.5763311499E+05  0.0000000000E+00  0.0000000000E+00
L9 0.0000000000E+00  0.0000000000E+00  0.0000000000E+00  0.1045795897E+01  0.0000000000E+00
L0    81000  0.2720000000E+03  -.3012959563E+06  0.8036844580E+05
L1 0.2982450942E+03  0.2982450942E+03  -.3816644021E+12  0.1000000000E+01
L2 0.1000000000E+01  0.1184514536E+03  0.1184514536E+03  0.1184514536E+03
L3 0.1279379438E+07  -.4373907967E+02  -.4237913763E+02  0.8548740761E+02
L4 -.2102698975E+00  0.1052469237E+05  0.1045843466E+05  0.1040337898E+05
L5 0.3138650602E+05  0.1092743313E+05  0.1084865335E+05  0.9616227907E+04
L6 0.3139231439E+05  -.3816644021E+06  0.3505164400E+05  -.5183246579E+06
L7 0.0000000000E+00  0.4705131710E+04  0.1306067199E+05  0.2022945952E+05
L8 0.5739315613E+04  0.5787403302E+05  0.0000000000E+00  0.0000000000E+00
L9 0.0000000000E+00  0.0000000000E+00  0.0000000000E+00  0.1045068502E+01  0.0000000000E+00
L0    82000  0.2740000000E+03  -.3012236729E+06  0.8056871146E+05
L1 0.2989882745E+03  0.2989882745E+03  -.3817923844E+12  0.1000000000E+01
L2 0.1000000000E+01  0.1184433526E+03  0.1184433526E+03  0.1184433526E+03
L3 0.1279108987E+07  0.1923454571E+03  -.3423813228E+02  0.5093305451E+02
L4 0.6968012645E+02  0.1033081226E+05  0.1059959315E+05  0.1042616411E+05
L5 0.3135656953E+05  0.8560107873E+04  0.1091478444E+05  0.9957281799E+04
L6 0.2943217411E+05  -.3817923844E+06  0.3467179077E+05  -.5181381442E+06
L7 0.0000000000E+00  0.4684960740E+04  0.1311090784E+05  0.2016288418E+05
L8 0.5798897184E+04  0.5791631915E+05  0.0000000000E+00  0.0000000000E+00
L9 0.0000000000E+00  0.0000000000E+00  0.0000000000E+00  0.1045289468E+01  0.0000000000E+00
L0    83000  0.2760000000E+03  -.3006347778E+06  0.8095791495E+05
L1 0.3004325980E+03  0.3004325980E+03  -.3815926928E+12  0.1000000000E+01
L2 0.1000000000E+01  0.1183929903E+03  0.1183929903E+03  0.1183929903E+03
L3 0.1277476826E+07  0.2444150328E+02  0.2747179587E+03  -.5808955023E+02
L4 0.8035663725E+02  0.1051853274E+05  0.1053626696E+05  0.1052651100E+05
L5 0.3158131070E+05  0.1029381492E+05  0.8010480319E+04  0.1106059261E+05
L6 0.2936488785E+05  -.3815926928E+06  0.3493931014E+05  -.5181283087E+06
L7 0.0000000000E+00  0.4733189486E+04  0.1313427404E+05  0.2011358659E+05
L8 0.5725702926E+04  0.5788955272E+05  0.0000000000E+00  0.0000000000E+00
L9 0.0000000000E+00  0.0000000000E+00  0.0000000000E+00  0.1046624977E+01  0.0000000000E+00
L0    84000  0.2780000000E+03  -.3012806252E+06  0.8077789924E+05
L1 0.2997645646E+03  0.2997645646E+03  -.3820585244E+12  0.1000000000E+01
L2 0.1000000000E+01  0.1184209389E+03  0.1184209389E+03  0.1184209389E+03
L3 0.1278369383E+07  0.3769603501E+03  0.2308754241E+03  -.4144271000E+02
L4 0.1887976881E+03  0.1051114082E+05  0.1041284415E+05  0.1048494133E+05
L5 0.3140892630E+05  0.7042905049E+04  0.8288667424E+04  0.1086623631E+05
L6 0.2619780878E+05  -.3820585244E+06  0.3501592553E+05  -.5184874966E+06
L7 0.0000000000E+00  0.4838248696E+04  0.1305940989E+05  0.2016765775E+05
L8 0.5711454167E+04  0.5763627613E+05  0.0000000000E+00  0.0000000000E+00
L9 0.0000000000E+00  0.0000000000E+00  0.0000000000E+00  0.1045894224E+01  0.0000000000E+00
L0    85000  0.2800000000E+03  -.3006769165E+06  0.8078398263E+05
L1 0.2997871399E+03  0.2997871399E+03  -.3814608991E+12  0.1000000000E+01
L2 0.1000000000E+01  0.1184208080E+03  0.1184208080E+03  0.1184208080E+03
L3 0.1278395576E+07  0.3442403747E+02  -.2681861617E+03  -.5300701553E+00
L4 -.7809739814E+02  0.1056582456E+05  0.1064111301E+05  0.1037136300E+05
L5 0.3157830057E+05  0.1024909861E+05  0.1310861894E+05  0.1037624002E+05
L6 0.3373395757E+05  -.3814608991E+06  0.3484269789E+05  -.5178485067E+06
L7 0.0000000000E+00  0.4828093739E+04  0.1297046426E+05  0.2017521313E+05
L8 0.5749225735E+04  0.5782191288E+05  0.0000000000E+00  0.0000000000E+00
L9 0.0000000000E+00  0.0000000000E+00  0.0000000000E+00  0.1045872794E+01  0.0000000000E+00
L0    86000  0.2820000000E+03  -.3007187813E+06  0.8089876108E+05
L1 0.3002130796E+03  0.3002130796E+03  -.3816175424E+12  0.1000000000E+01
L2 0.1000000000E+01  0.1184245211E+03  0.1184245211E+03  0.1184245211E+03
L3 0.1278514743E+07  0.8928016204E-01  -.7791289938E+02  -.1277329310E+03
L4 -.6851885008E+02  0.1038036379E+05  0.1050958711E+05  0.1046497189E+05
L5 0.3135492278E+05  0.1037954227E+05  0.1122650874E+05  0.1164031644E+05
L6 0.3324636745E+05  -.3816175424E+06  0.3463978666E+05  -.5177310914E+06
L7 0.0000000000E+00  0.4716011647E+04  0.1289906235E+05  0.2020330183E+05
L8 0.5790038070E+04  0.5786534846E+05  0.0000000000E+00  0.0000000000E+00
L9 0.0000000000E+00  0.0000000000E+00  0.0000000000E+00  0.1045775311E+01  0.0000000000E+00
L0    87000  0.2840000000E+03  -.3006158511E+06  0.8114342860E+05
L1 0.3011210341E+03  0.3011210341E+03  -.3817592797E+12  0.1000000000E+01
L2 0.1000000000E+01  0.1184512422E+03  0.1184512422E+03  0.1184512422E+03
L3 0.1279354736E+07  0.1823753361E+03  0.6834793029E+02  0.2178817347E+03
L4 0.1562016670E+03  0.1051636485E+05  0.1047800851E+05  0.1054737401E+05
L5 0.3154174738E+05  0.8837121388E+04  0.9848686492E+04  0.8541200989E+04
L6 0.2722700887E+05  -.3817592797E+06  0.3504746064E+05  -.5183352922E+06
L7 0.0000000000E+00  0.4833018261E+04  0.1286330685E+05  0.2026781576E+05
L8 0.5697932947E+04  0.5786647805E+05  0.0000000000E+00  0.0000000000E+00
L9 0.0000000000E+00  0.0000000000E+00  0.0000000000E+00  0.1045088680E+01  0.0000000000E+00
L0    88000  0.2860000000E+03  -.3007379534E+06  0.8055743691E+05
L1 0.2989464350E+03  0.2989464350E+03  -.3812953903E+12  0.1000000000E+01
L2 0.1000000000E+01  0.1184385404E+03  0.1184385404E+03  0.1184385404E+03
L3 0.1278959028E+07  0.8887369214E+02  0.1311577539E+03  -.1671688847E+03
L4 0.1762085378E+02  0.1037866088E+05  0.1036217396E+05  0.1052547628E+05
L5 0.3126631112E+05  0.9560598474E+04  0.9154896250E+04  0.1206422837E+05
L6 0.3077972310E+05  -.3812953903E+06  0.3487400568E+05  -.5176563370E+06
L7 0.0000000000E+00  0.4757368348E+04  0.1291441094E+05  0.2019273360E+05
L8 0.5735159497E+04  0.5788726868E+05  0.0000000000E+00  0.0000000000E+00
L9 0.0000000000E+00  0.0000000000E+00  0.0000000000E+00  0.1045412030E+01  0.0000000000E+00
L0    89000  0.2880000000E+03  -.2999862808E+06  0.8129430473E+05
L1 0.3016809312E+03  0.3016809312E+03  -.3812805856E+12  0.1000000000E+01
L2 0.1000000000E+01  0.1184794596E+03  0.1184794596E+03  0.1184794596E+03
L3 0.1280271970E+07  0.2818194623E+03  0.4328618713E+02  0.7227463828E+02
L4 0.1324600959E+03  0.1041687220E+05  0.1046866485E+05  0.1059380901E+05
L5 0.3147934607E+05  0.7820124242E+04  0.1006981618E+05  0.9927854229E+04
L6 0.2781779465E+05  -.3812805856E+06  0.3485564657E+05  -.5176425759E+06
L7 0.0000000000E+00  0.4798526465E+04  0.1308675953E+05  0.2012647666E+05
L8 0.5791770829E+04  0.5770281025E+05  0.0000000000E+00  0.0000000000E+00
L9 0.0000000000E+00  0.0000000000E+00  0.0000000000E+00  0.1044339941E+01  0.0000000000E+00
L0    90000  0.2900000000E+03  -.3003998273E+06  0.8087044486E+05
L1 0.3001079989E+03  0.3001079989E+03  -.3812702721E+12  0.1000000000E+01
L2 0.1000000000E+01  0.1184717972E+03  0.1184717972E+03  0.1184717972E+03
L3 0.1280042061E+07  0.1252148994E+03  -.1789726115E+02  -.1953131669E+03
L4 -.2933184290E+02  0.1050163344E+05  0.1060342769E+05  0.1034030111E+05
L5 0.3144536224E+05  0.9348082364E+04  0.1076830747E+05  0.1213963741E+05
L6 0.3225602724E+05  -.3812702721E+06  0.3456420946E+05  -.5174193102E+06
L7 0.0000000000E+00  0.4733390555E+04  0.1316897285E+05  0.2016248707E+05
L8 0.5713468700E+04  0.5780650944E+05  0.0000000000E+00  0.0000000000E+00
L9 0.0000000000E+00  0.0000000000E+00  0.0000000000E+00  0.1044527515E+01  0.0000000000E+00
L0    91000  0.2920000000E+03  -.3009972469E+06  0.8088989690E+05
L1 0.3001801849E+03  0.3001801849E+03  -.3818871438E+12  0.1000000000E+01
L2 0.1000000000E+01  0.1184356845E+03  0.1184356845E+03  0.1184356845E+03
L3 0.1278871672E+07  0.1720979563E+03  -.2696052527E+02  -.2280002800E+03
L4 -.2762094966E+02  0.1053162530E+05  0.1037921570E+05  0.1038870656E+05
L5 0.3129954756E+05  0.8947610411E+04  0.1062736434E+05  0.1248725466E+05
L6 0.3206222941E+05  -.3818871438E+06  0.3474775362E+05  -.5179787066E+06
L7 0.0000000000E+00  0.4679252443E+04  0.1290385710E+05  0.2015135482E+05
L8 0.5737376011E+04  0.5787196884E+05  0.0000000000E+00  0.0000000000E+00
L9 0.0000000000E+00  0.0000000000E+00  0.0000000000E+00  0.1045483438E+01  0.0000000000E+00
L0    92000  0.2940000000E+03  -.3009060112E+06  0.8069092136E+05
L1 0.2994417921E+03  0.2994417921E+03  -.3815969326E+12  0.1000000000E+01
L2 0.1000000000E+01  0.1184377131E+03  0.1184377131E+03  0.1184377131E+03
L3 0.1278940077E+07  0.8404981921E+02  0.9231282502E+01  -.2468833362E+03
L4 -.5120074482E+02  0.1042959870E+05  0.1052197416E+05  0.1037133511E+05
L5 0.3132290796E+05  0.9655950425E+04  0.1043700353E+05  0.1264380718E+05
L6 0.3273676113E+05  -.3815969326E+06  0.3493850704E+05  -.5179895369E+06
L7 0.0000000000E+00  0.4795305326E+04  0.1282019157E+05  0.2023252147E+05
L8 0.5780691084E+04  0.5782538784E+05  0.0000000000E+00  0.0000000000E+00
L9 0.0000000000E+00  0.0000000000E+00  0.0000000000E+00  0.1045427520E+01  0.0000000000E+00
L0    93000  0.2960000000E+03  -.3004146965E+06  0.8108191149E+05
L1 0.3008927457E+03  0.3008927457E+03  -.3814966080E+12  0.1000000000E+01
L2 0.1000000000E+01  0.1183877709E+03  0.1183877709E+03  0.1183877709E+03
L3 0.1277303663E+07  0.2845528661E+02  0.5618798021E+01  0.3180167489E+03
L4 0.1173636112E+03  0.1054142463E+05  0.1050643547E+05  0.1051077457E+05
L5 0.3155863467E+05  0.1027983911E+05  0.1045478264E+05  0.7587290502E+04
L6 0.2832191225E+05  -.3814966080E+06  0.3489633973E+05  -.5177879018E+06
L7 0.0000000000E+00  0.4695458199E+04  0.1296832175E+05  0.2015901249E+05
L8 0.5719112669E+04  0.5785304898E+05  0.0000000000E+00  0.0000000000E+00
L9 0.0000000000E+00  0.0000000000E+00  0.0000000000E+00  0.1046766867E+01  0.0000000000E+00
L0    94000  0.2980000000E+03  -.3002526741E+06  0.8103520047E+05
L1 0.3007194024E+03  0.3007194024E+03  -.3812878746E+12  0.1000000000E+01
L2 0.1000000000E+01  0.1184165328E+03  0.1184165328E+03  0.1184165328E+03
L3 0.1278242438E+07  0.9526680680E+02  0.5441846011E+02  0.2456891431E+01
L4 0.5071405278E+02  0.1052663911E+05  0.1056033915E+05  0.1061539963E+05
L5 0.3170237789E+05  0.9650220841E+04  0.1005971009E+05  0.1059279717E+05
L6 0.3030272810E+05  -.3812878746E+06  0.3454045376E+05  -.5171711658E+06
L7 0.0000000000E+00  0.4679478594E+04  0.1299887973E+05  0.2013159005E+05
L8 0.5773046201E+04  0.5775984285E+05  0.0000000000E+00  0.0000000000E+00
L9 0.0000000000E+00  0.0000000000E+00  0.0000000000E+00  0.1045998093E+01  0.0000000000E+00
L0    95000  0.3000000000E+03  -.3003295841E+06  0.8090843587E+05
L1 0.3002489825E+03  0.3002489825E+03  -.3812380200E+12  0.1000000000E+01
L2 0.1000000000E+01  0.1184657872E+03  0.1184657872E+03  0.1184657872E+03
L3 0.1279833668E+07  -.1870337869E+03  0.4194870924E+03  0.3682884042E+02
L4 0.8976071530E+02  0.1054950960E+05  0.1052130260E+05  0.1044518984E+05
L5 0.3151600204E+05  0.1227229101E+05  0.6657377380E+04  0.1010595679E+05
L6 0.2903562519E+05  -.3812380200E+06  0.3488100170E+05  -.5175379375E+06
L7 0.0000000000E+00  0.4798745759E+04  0.1300940608E+05  0.2013487057E+05
L8 0.5687907464E+04  0.5778798588E+05  0.0000000000E+00  0.0000000000E+00
L9 0.0000000000E+00  0.0000000000E+00  0.0000000000E+00  0.1044697593E+01  0.0000000000E+00
L0    96000  0.3020000000E+03  -.3006692150E+06  0.8061955038E+05
L1 0.2991769363E+03  0.2991769363E+03  -.3812887653E+12  0.1000000000E+01
L2 0.1000000000E+01  0.1184485281E+03  0.1184485281E+03  0.1184485281E+03
L3 0.1279287046E+07  -.6313540377E+02  -.1887204092E+03  0.1881446515E+03
L4 -.2123705383E+02  0.1045259876E+05  0.1046700312E+05  0.1042496413E+05
L5 0.3134456601E+05  0.1103389504E+05  0.1220457769E+05  0.8692690644E+04
L6 0.3193116337E+05  -.3812887653E+06  0.3478875543E+05  -.5175788373E+06
L7 0.0000000000E+00  0.4812682458E+04  0.1312473510E+05  0.2016613570E+05
L8 0.5731631540E+04  0.5766613173E+05  0.0000000000E+00  0.0000000000E+00
L9 0.0000000000E+00  0.0000000000E+00  0.0000000000E+00  0.1045143978E+01  0.0000000000E+00
L0    97000  0.3040000000E+03  -.3013673740E+06  0.8087913646E+05
L1 0.3001402532E+03  0.3001402532E+03  -.3822465105E+12  0.1000000000E+01
L2 0.1000000000E+01  0.1184420029E+03  0.1184420029E+03  0.1184420029E+03
L3 0.1279082061E+07  -.5388829890E+03  0.5158764526E+02  0.2545806650E+03
L4 -.7757155956E+02  0.1060978905E+05  0.1043634843E+05  0.1046718305E+05
L5 0.3151332053E+05  0.1557056328E+05  0.9961450044E+04  0.8123599693E+04
L6 0.3365561302E+05  -.3822465105E+06  0.3455590751E+05  -.5178489445E+06
L7 0.0000000000E+00  0.4632364316E+04  0.1285263153E+05  0.2009592829E+05
L8 0.5747705691E+04  0.5771789668E+05  0.0000000000E+00  0.0000000000E+00
L9 0.0000000000E+00  0.0000000000E+00  0.0000000000E+00  0.1045311473E+01  0.0000000000E+00
L0    98000  0.3060000000E+03  -.3010297474E+06  0.8079041074E+05
L1 0.2998109945E+03  0.2998109945E+03  -.3818201581E+12  0.1000000000E+01
L2 0.1000000000E+01  0.1184203002E+03  0.1184203002E+03  0.1184203002E+03
L3 0.1278371137E+07  0.7681304216E+02  0.5060891606E+02  -.1513718985E+03
L4 -.7983313415E+01  0.1055033885E+05  0.1049440441E+05  0.1056139008E+05
L5 0.3160613334E+05  0.9843617032E+04  0.1002877481E+05  0.1195409399E+05
L6 0.3182648584E+05  -.3818201581E+06  0.3470230982E+05  -.5179526671E+06
L7 0.0000000000E+00  0.4828165868E+04  0.1314382773E+05  0.2013337576E+05
L8 0.5676137413E+04  0.5764869237E+05  0.0000000000E+00  0.0000000000E+00
L9 0.0000000000E+00  0.0000000000E+00  0.0000000000E+00  0.1045892789E+01  0.0000000000E+00
L0    99000  0.3080000000E+03  -.3011631283E+06  0.8057348882E+05
L1 0.2990060032E+03  0.2990060032E+03  -.3817366172E+12  0.1000000000E+01
L2 0.1000000000E+01  0.1184395008E+03  0.1184395008E+03  0.1184395008E+03
L3 0.1278989851E+07  0.1358621079E+03  -.1875156017E+03  0.1121522586E+03
L4 0.2016625492E+02  0.1038391474E+05  0.1049267219E+05  0.1042918311E+05
L5 0.3130577004E+05  0.9133304366E+04  0.1221875285E+05  0.9396821842E+04
L6 0.3074887906E+05  -.3817366172E+06  0.3460187038E+05  -.5178525602E+06
L7 0.0000000000E+00  0.4853205080E+04  0.1303439884E+05  0.2022534885E+05
L8 0.5701346823E+04  0.5769977303E+05  0.0000000000E+00  0.0000000000E+00
L9 0.0000000000E+00  0.0000000000E+00  0.0000000000E+00  0.1045386835E+01  0.0000000000E+00
L0   100000  0.3100000000E+03  -.3004697549E+06  0.8118162591E+05
L1 0.3012627832E+03  0.3012627832E+03  -.3816513808E+12  0.1000000000E+01
L2 0.1000000000E+01  0.1184102948E+03  0.1184102948E+03  0.1184102948E+03
L3 0.1278040284E+07  0.1600930458E+03  0.9513898904E+02  -.9892015354E+02
L4 0.5210396045E+02  0.1051233949E+05  0.1054266984E+05  0.1054766174E+05
L5 0.3160267107E+05  0.9039777486E+04  0.9667565865E+04  0.1145754548E+05
L6 0.3016488883E+05  -.3816513808E+06  0.3506550197E+05  -.5182808724E+06
L7 0.0000000000E+00  0.4697196198E+04  0.1303875795E+05  0.2020176578E+05
L8 0.5758130131E+04  0.5786813956E+05  0.0000000000E+00  0.0000000000E+00
L9 0.0000000000E+00  0.0000000000E+00  0.0000000000E+00  0.1046163544E+01  0.0000000000E+00
