L0  Nsteps           time(ps)         Etot             EKinetic        
L1  Temp             T_solute         T_solv           Pres_scal_solu  
L2  Pres_scal_solv   BoxX             BoxY             BoxZ            
L3  volume           pres_X           pres_Y           pres_Z          
L4  Pressure         EKCoM_x          EKCoM_y          EKCoM_z         
L5  EKComTot         VIRIAL_x         VIRIAL_y         VIRIAL_z        
L6  VIRIAL_tot       E_pot            E_vdw            E_el            
L7  E_hbon           E_bon            E_angle          E_dih           
L8  E_14vdw          E_14el           E_const          E_pol           
L9  AV_permMoment    AV_indMoment     AV_totMoment     Density          dV/dlambda      
L0     1000  0.1120000000E+03  -.3114969487E+06  0.8317428939E+05
L1 0.2992071600E+03  0.2992071600E+03  -.3946712380E+12  0.1000000000E+01
L2 0.1000000000E+01  0.1198557250E+03  0.1198557250E+03  0.1198557250E+03
L3 0.1325433560E+07  0.7063688638E+02  -.6369013360E+03  0.2999451164E+03
L4 -.8877311107E+02  0.1081778198E+05  0.1084007742E+05  0.1090187867E+05
L5 0.3255973807E+05  0.1014395857E+05  0.1691564285E+05  0.8040625163E+04
L6 0.3510022659E+05  -.3946712380E+06  0.3664710054E+05  -.5328854445E+06
L7 0.0000000000E+00  0.4709744884E+04  0.1302354277E+05  0.2046713173E+05
L8 0.5774224438E+04  0.5759246207E+05  0.0000000000E+00  0.0000000000E+00
L9 0.0000000000E+00  0.0000000000E+00  0.0000000000E+00  0.1040937751E+01  0.0000000000E+00
L0     2000  0.1140000000E+03  -.3114733049E+06  0.8330065719E+05
L1 0.2996617494E+03  0.2996617494E+03  -.3947739621E+12  0.1000000000E+01
L2 0.1000000000E+01  0.1198176734E+03  0.1198176734E+03  0.1198176734E+03
L3 0.1324172085E+07  -.9289049610E+02  -.1577773364E+03  -.2868985706E+02
L4 -.9311922987E+02  0.1084298868E+05  0.1100475702E+05  0.1085015711E+05
L5 0.3269790280E+05  0.1172825164E+05  0.1250840310E+05  0.1112357655E+05
L6 0.3536023129E+05  -.3947739621E+06  0.3669223549E+05  -.5328020359E+06
L7 0.0000000000E+00  0.4657580218E+04  0.1297639579E+05  0.2032981186E+05
L8 0.5743046160E+04  0.5762900428E+05  0.0000000000E+00  0.0000000000E+00
L9 0.0000000000E+00  0.0000000000E+00  0.0000000000E+00  0.1041929402E+01  0.0000000000E+00
L0     3000  0.1160000000E+03  -.3108355871E+06  0.8394419538E+05
L1 0.3019767825E+03  0.3019767825E+03  -.3947797825E+12  0.1000000000E+01
L2 0.1000000000E+01  0.1198366044E+03  0.1198366044E+03  0.1198366044E+03
L3 0.1324792574E+07  -.6618509678E+02  0.4243178103E+02  -.7124359950E+02
L4 -.3166563842E+02  0.1089051889E+05  0.1094892645E+05  0.1102314141E+05
L5 0.3286258674E+05  0.1152157020E+05  0.1054435454E+05  0.1170242374E+05
L6 0.3376834848E+05  -.3947797825E+06  0.3702736790E+05  -.5332778567E+06
L7 0.0000000000E+00  0.4732604082E+04  0.1293651275E+05  0.2039696976E+05
L8 0.5780809380E+04  0.5762381030E+05  0.0000000000E+00  0.0000000000E+00
L9 0.0000000000E+00  0.0000000000E+00  0.0000000000E+00  0.1041441396E+01  0.0000000000E+00
L0     4000  0.1180000000E+03  -.3113186862E+06  0.8339287181E+05
L1 0.2999934778E+03  0.2999934778E+03  -.3947115580E+12  0.1000000000E+01
L2 0.1000000000E+01  0.1198452646E+03  0.1198452646E+03  0.1198452646E+03
L3 0.1325082337E+07  -.1511073771E+02  0.1336620314E+02  -.1573812090E+03
L4 -.5304191454E+02  0.1093870868E+05  0.1091556815E+05  0.1099439239E+05
L5 0.3284866922E+05  0.1108281569E+05  0.1078809830E+05  0.1249529435E+05
L6 0.3436620833E+05  -.3947115580E+06  0.3668230155E+05  -.5326467616E+06
L7 0.0000000000E+00  0.4706059666E+04  0.1304360010E+05  0.2035672012E+05
L8 0.5750250660E+04  0.5739627154E+05  0.0000000000E+00  0.0000000000E+00
L9 0.0000000000E+00  0.0000000000E+00  0.0000000000E+00  0.1041213658E+01  0.0000000000E+00
L0     5000  0.1200000000E+03  -.3115524366E+06  0.8328066286E+05
L1 0.2995898228E+03  0.2995898228E+03  -.3948330994E+12  0.1000000000E+01
L2 0.1000000000E+01  0.1198324729E+03  0.1198324729E+03  0.1198324729E+03
L3 0.1324654882E+07  0.1234262416E+03  -.1160332392E+03  -.8520055657E+02
L4 -.2593585139E+02  0.1094492311E+05  0.1084959372E+05  0.1096697633E+05
L5 0.3276149315E+05  0.9768220193E+04  0.1195581431E+05  0.1177924884E+05
L6 0.3350328335E+05  -.3948330994E+06  0.3625058222E+05  -.5322726302E+06
L7 0.0000000000E+00  0.4748214035E+04  0.1291229357E+05  0.2031690789E+05
L8 0.5727792561E+04  0.5748374055E+05  0.0000000000E+00  0.0000000000E+00
L9 0.0000000000E+00  0.0000000000E+00  0.0000000000E+00  0.1041549650E+01  0.0000000000E+00
L0     6000  0.1220000000E+03  -.3113222439E+06  0.8338911153E+05
L1 0.2999799507E+03  0.2999799507E+03  -.3947113554E+12  0.1000000000E+01
L2 0.1000000000E+01  0.1197738521E+03  0.1197738521E+03  0.1197738521E+03
L3 0.1322706239E+07  -.6366572835E+02  0.2262198776E+03  -.9870571531E+02
L4 0.2128281132E+02  0.1076168933E+05  0.1095379253E+05  0.1097563632E+05
L5 0.3269111818E+05  0.1136776339E+05  0.8800263424E+04  0.1191527802E+05
L6 0.3208330484E+05  -.3947113554E+06  0.3690105092E+05  -.5329528248E+06
L7 0.0000000000E+00  0.4686103572E+04  0.1314122751E+05  0.2027988808E+05
L8 0.5805216553E+04  0.5742798274E+05  0.0000000000E+00  0.0000000000E+00
L9 0.0000000000E+00  0.0000000000E+00  0.0000000000E+00  0.1043084086E+01  0.0000000000E+00
L0     7000  0.1240000000E+03  -.3113003483E+06  0.8338018122E+05
L1 0.2999478253E+03  0.2999478253E+03  -.3946805296E+12  0.1000000000E+01
L2 0.1000000000E+01  0.1197960376E+03  0.1197960376E+03  0.1197960376E+03
L3 0.1323445302E+07  -.1031902572E+03  -.6660250353E+01  0.7409917734E+02
L4 -.1191711006E+02  0.1096795228E+05  0.1075361177E+05  0.1087445645E+05
L5 0.3259602050E+05  0.1195083403E+05  0.1081705030E+05  0.1016866570E+05
L6 0.3293655003E+05  -.3946805296E+06  0.3647140037E+05  -.5325393230E+06
L7 0.0000000000E+00  0.4756609639E+04  0.1295923329E+05  0.2024252025E+05
L8 0.5761013912E+04  0.5766801603E+05  0.0000000000E+00  0.0000000000E+00
L9 0.0000000000E+00  0.0000000000E+00  0.0000000000E+00  0.1042501587E+01  0.0000000000E+00
L0     8000  0.1260000000E+03  -.3110934504E+06  0.8369537612E+05
L1 0.3010816921E+03  0.3010816921E+03  -.3947888265E+12  0.1000000000E+01
L2 0.1000000000E+01  0.1198389195E+03  0.1198389195E+03  0.1198389195E+03
L3 0.1324861665E+07  -.1863690196E+03  0.2271528415E+03  0.5942241301E+02
L4 0.3340207828E+02  0.1107310409E+05  0.1090814100E+05  0.1074809442E+05
L5 0.3272933951E+05  0.1285015895E+05  0.8742206658E+04  0.1018149334E+05
L6 0.3177385895E+05  -.3947888265E+06  0.3681044342E+05  -.5328448421E+06
L7 0.0000000000E+00  0.4673070532E+04  0.1290851856E+05  0.2034167826E+05
L8 0.5750627295E+04  0.5757167757E+05  0.0000000000E+00  0.0000000000E+00
L9 0.0000000000E+00  0.0000000000E+00  0.0000000000E+00  0.1041387086E+01  0.0000000000E+00
L0     9000  0.1280000000E+03  -.3108873314E+06  0.8345061515E+05
L1 0.3002012009E+03  0.3002012009E+03  -.3943379465E+12  0.1000000000E+01
L2 0.1000000000E+01  0.1198150050E+03  0.1198150050E+03  0.1198150050E+03
L3 0.1324086455E+07  -.2810706808E+03  -.6099188476E+02  -.9386061408E+01
L4 -.1171495423E+03  0.1093005464E+05  0.1083652726E+05  0.1077011708E+05
L5 0.3253669899E+05  0.1360853502E+05  0.1141775318E+05  0.1085956214E+05
L6 0.3588585034E+05  -.3943379465E+06  0.3623476530E+05  -.5319462108E+06
L7 0.0000000000E+00  0.4738610753E+04  0.1296025595E+05  0.2032148500E+05
L8 0.5776403906E+04  0.5757674337E+05  0.0000000000E+00  0.0000000000E+00
L9 0.0000000000E+00  0.0000000000E+00  0.0000000000E+00  0.1041996784E+01  0.0000000000E+00
L0    10000  0.1300000000E+03  -.3112211466E+06  0.8346250951E+05
L1 0.3002439891E+03  0.3002439891E+03  -.3946836562E+12  0.1000000000E+01
L2 0.1000000000E+01  0.1198190325E+03  0.1198190325E+03  0.1198190325E+03
L3 0.1324199060E+07  0.1621080117E+03  0.1657472138E+02  0.1290670287E+01
L4 0.5999113446E+02  0.1090251415E+05  0.1081045619E+05  0.1096262208E+05
L5 0.3267559243E+05  0.9357564489E+04  0.1065249293E+05  0.1095032152E+05
L6 0.3096037893E+05  -.3946836562E+06  0.3682665967E+05  -.5326661951E+06
L7 0.0000000000E+00  0.4730235436E+04  0.1294829945E+05  0.2028735589E+05
L8 0.5774274183E+04  0.5741571433E+05  0.0000000000E+00  0.0000000000E+00
L9 0.0000000000E+00  0.0000000000E+00  0.0000000000E+00  0.1041908177E+01  0.0000000000E+00
L0    11000  0.1320000000E+03  -.3113922535E+06  0.8350873344E+05
L1 0.3004102728E+03  0.3004102728E+03  -.3949009870E+12  0.1000000000E+01
L2 0.1000000000E+01  0.1197992863E+03  0.1197992863E+03  0.1197992863E+03
L3 0.1323547336E+07  0.4289423361E+02  0.1205650757E+03  -.5595938671E+02
L4 0.3583330753E+02  0.1101885277E+05  0.1088614369E+05  0.1080580332E+05
L5 0.3271079978E+05  0.1061025596E+05  0.9737679179E+04  0.1133885461E+05
L6 0.3168678975E+05  -.3949009870E+06  0.3674625081E+05  -.5329841282E+06
L7 0.0000000000E+00  0.4800683230E+04  0.1308963577E+05  0.2027050095E+05
L8 0.5766071131E+04  0.5740999937E+05  0.0000000000E+00  0.0000000000E+00
L9 0.0000000000E+00  0.0000000000E+00  0.0000000000E+00  0.1042421220E+01  0.0000000000E+00
L0    12000  0.1340000000E+03  -.3108423682E+06  0.8347575344E+05
L1 0.3002916322E+03  0.3002916322E+03  -.3943181216E+12  0.1000000000E+01
L2 0.1000000000E+01  0.1198349057E+03  0.1198349057E+03  0.1198349057E+03
L3 0.1324754932E+07  -.4213958026E+03  -.1063564463E+03  -.4184824391E+02
L4 -.1898668309E+03  0.1088493105E+05  0.1092302665E+05  0.1077471067E+05
L5 0.3258266837E+05  0.1490267568E+05  0.1193706865E+05  0.1117370743E+05
L6 0.3801345176E+05  -.3943181216E+06  0.3597753921E+05  -.5316277320E+06
L7 0.0000000000E+00  0.4661507779E+04  0.1310928711E+05  0.2028166591E+05
L8 0.5780037562E+04  0.5749957279E+05  0.0000000000E+00  0.0000000000E+00
L9 0.0000000000E+00  0.0000000000E+00  0.0000000000E+00  0.1041470988E+01  0.0000000000E+00
L0    13000  0.1360000000E+03  -.3119252551E+06  0.8335447050E+05
L1 0.2998553348E+03  0.2998553348E+03  -.3952797256E+12  0.1000000000E+01
L2 0.1000000000E+01  0.1197933633E+03  0.1197933633E+03  0.1197933633E+03
L3 0.1323349666E+07  0.1204634560E+03  0.5026050656E+02  -.2850949754E+02
L4 0.4740482168E+02  0.1094009010E+05  0.1086197464E+05  0.1095191551E+05
L5 0.3275398025E+05  0.9792764958E+04  0.1038328056E+05  0.1122344734E+05
L6 0.3139949286E+05  -.3952797256E+06  0.3696647474E+05  -.5335635380E+06
L7 0.0000000000E+00  0.4761976520E+04  0.1306198409E+05  0.2025536497E+05
L8 0.5735838658E+04  0.5750217346E+05  0.0000000000E+00  0.0000000000E+00
L9 0.0000000000E+00  0.0000000000E+00  0.0000000000E+00  0.1042576927E+01  0.0000000000E+00
L0    14000  0.1380000000E+03  -.3116539873E+06  0.8341761961E+05
L1 0.3000825043E+03  0.3000825043E+03  -.3950716069E+12  0.1000000000E+01
L2 0.1000000000E+01  0.1198521851E+03  0.1198521851E+03  0.1198521851E+03
L3 0.1325308424E+07  -.2280322338E+03  -.6422056785E+02  0.2213983431E+03
L4 -.2361815287E+02  0.1094462834E+05  0.1101039228E+05  0.1083716527E+05
L5 0.3279218590E+05  0.1311968102E+05  0.1162295094E+05  0.8725389006E+04
L6 0.3346802097E+05  -.3950716069E+06  0.3683811647E+05  -.5332699430E+06
L7 0.0000000000E+00  0.4757455079E+04  0.1307573019E+05  0.2026172656E+05
L8 0.5745592069E+04  0.5751971573E+05  0.0000000000E+00  0.0000000000E+00
L9 0.0000000000E+00  0.0000000000E+00  0.0000000000E+00  0.1041036036E+01  0.0000000000E+00
L0    15000  0.1400000000E+03  -.3118637659E+06  0.8349794652E+05
L1 0.3003714685E+03  0.3003714685E+03  -.3953617124E+12  0.1000000000E+01
L2 0.1000000000E+01  0.1197805685E+03  0.1197805685E+03  0.1197805685E+03
L3 0.1322920273E+07  -.6042863278E+01  0.2232902383E+03  0.6246340536E+02
L4 0.9323692678E+02  0.1083201057E+05  0.1092966577E+05  0.1084582997E+05
L5 0.3260750632E+05  0.1088954569E+05  0.8803681787E+04  0.1025110536E+05
L6 0.2994433284E+05  -.3953617124E+06  0.3691489960E+05  -.5336727052E+06
L7 0.0000000000E+00  0.4783572857E+04  0.1290600400E+05  0.2034778709E+05
L8 0.5754706603E+04  0.5760402264E+05  0.0000000000E+00  0.0000000000E+00
L9 0.0000000000E+00  0.0000000000E+00  0.0000000000E+00  0.1042915326E+01  0.0000000000E+00
L0    16000  0.1420000000E+03  -.3119613736E+06  0.8338944148E+05
L1 0.2999811377E+03  0.2999811377E+03  -.3953508151E+12  0.1000000000E+01
L2 0.1000000000E+01  0.1197484652E+03  0.1197484652E+03  0.1197484652E+03
L3 0.1321864173E+07  0.6487411850E+02  0.6122441190E+02  -.3239301389E+02
L4 0.3123517217E+02  0.1071914132E+05  0.1097490309E+05  0.1103829681E+05
L5 0.3273234121E+05  0.1010195700E+05  0.1039244050E+05  0.1134646994E+05
L6 0.3184086744E+05  -.3953508151E+06  0.3694461168E+05  -.5335177585E+06
L7 0.0000000000E+00  0.4840091561E+04  0.1296774205E+05  0.2026467235E+05
L8 0.5732770431E+04  0.5741705536E+05  0.0000000000E+00  0.0000000000E+00
L9 0.0000000000E+00  0.0000000000E+00  0.0000000000E+00  0.1043748561E+01  0.0000000000E+00
L0    17000  0.1440000000E+03  -.3122640809E+06  0.8325031618E+05
L1 0.2994806551E+03  0.2994806551E+03  -.3955143971E+12  0.1000000000E+01
L2 0.1000000000E+01  0.1197318813E+03  0.1197318813E+03  0.1197318813E+03
L3 0.1321318287E+07  0.8527167370E+02  0.5825054029E+02  -.1320650776E+03
L4 0.3819045456E+01  0.1101720614E+05  0.1085949529E+05  0.1084216823E+05
L5 0.3271886967E+05  0.1020630332E+05  0.1030555369E+05  0.1209805943E+05
L6 0.3260991644E+05  -.3955143971E+06  0.3616435640E+05  -.5331762731E+06
L7 0.0000000000E+00  0.4664619913E+04  0.1316032077E+05  0.2038403027E+05
L8 0.5723346120E+04  0.5756520254E+05  0.0000000000E+00  0.0000000000E+00
L9 0.0000000000E+00  0.0000000000E+00  0.0000000000E+00  0.1044179773E+01  0.0000000000E+00
L0    18000  0.1460000000E+03  -.3116448846E+06  0.8357746151E+05
L1 0.3006575118E+03  0.3006575118E+03  -.3952223461E+12  0.1000000000E+01
L2 0.1000000000E+01  0.1197211930E+03  0.1197211930E+03  0.1197211930E+03
L3 0.1320968917E+07  -.8439510238E+02  0.2751780611E+02  -.4507612856E+02
L4 -.3398447495E+02  0.1096889422E+05  0.1101286374E+05  0.1080015109E+05
L5 0.3278190905E+05  0.1177124896E+05  0.1075124853E+05  0.1122869545E+05
L6 0.3375119295E+05  -.3952223461E+06  0.3696650484E+05  -.5335873373E+06
L7 0.0000000000E+00  0.4866435744E+04  0.1306737675E+05  0.2017872055E+05
L8 0.5740517277E+04  0.5754543609E+05  0.0000000000E+00  0.0000000000E+00
L9 0.0000000000E+00  0.0000000000E+00  0.0000000000E+00  0.1044455937E+01  0.0000000000E+00
L0    19000  0.1480000000E+03  -.3115954900E+06  0.8349171521E+05
L1 0.3003490522E+03  0.3003490522E+03  -.3950872052E+12  0.1000000000E+01
L2 0.1000000000E+01  0.1197618439E+03  0.1197618439E+03  0.1197618439E+03
L3 0.1322319713E+07  -.4769798382E+02  -.4267501585E+02  -.1323950134E+03
L4 -.7425600434E+02  0.1102473463E+05  0.1090043584E+05  0.1090674440E+05
L5 0.3283191487E+05  0.1147866900E+05  0.1130656740E+05  0.1216672739E+05
L6 0.3495196380E+05  -.3950872052E+06  0.3654345672E+05  -.5329907480E+06
L7 0.0000000000E+00  0.4728551846E+04  0.1298640143E+05  0.2033672562E+05
L8 0.5762250385E+04  0.5754615679E+05  0.0000000000E+00  0.0000000000E+00
L9 0.0000000000E+00  0.0000000000E+00  0.0000000000E+00  0.1043388989E+01  0.0000000000E+00
L0    20000  0.1500000000E+03  -.3119719095E+06  0.8301830047E+05
L1 0.2986460130E+03  0.2986460130E+03  -.3949902099E+12  0.1000000000E+01
L2 0.1000000000E+01  0.1197683997E+03  0.1197683997E+03  0.1197683997E+03
L3 0.1322543746E+07  -.1263608386E+03  -.3513954861E+03  0.8030352683E+02
L4 -.1324842660E+03  0.1082690072E+05  0.1104687141E+05  0.1086038762E+05
L5 0.3273415975E+05  0.1202966113E+05  0.1439161481E+05  0.1009602182E+05
L6 0.3651729776E+05  -.3949902099E+06  0.3618312040E+05  -.5323427690E+06
L7 0.0000000000E+00  0.4684307166E+04  0.1298651650E+05  0.2024518126E+05
L8 0.5763461273E+04  0.5748997250E+05  0.0000000000E+00  0.0000000000E+00
L9 0.0000000000E+00  0.0000000000E+00  0.0000000000E+00  0.1043212243E+01  0.0000000000E+00
L0    21000  0.1520000000E+03  -.3118441512E+06  0.8335806889E+05
L1 0.2998682794E+03  0.2998682794E+03  -.3952022201E+12  0.1000000000E+01
L2 0.1000000000E+01  0.1197615907E+03  0.1197615907E+03  0.1197615907E+03
L3 0.1322297219E+07  0.1489183679E+03  -.5309126872E+02  0.4024469269E+02
L4 0.4535726396E+02  0.1092857240E+05  0.1102962917E+05  0.1092695614E+05
L5 0.3288515771E+05  0.9511363298E+04  0.1153488202E+05  0.1054396011E+05
L6 0.3159020542E+05  -.3952022201E+06  0.3697248138E+05  -.5331931343E+06
L7 0.0000000000E+00  0.4783661291E+04  0.1291694909E+05  0.2029855534E+05
L8 0.5661069338E+04  0.5735819783E+05  0.0000000000E+00  0.0000000000E+00
L9 0.0000000000E+00  0.0000000000E+00  0.0000000000E+00  0.1043406738E+01  0.0000000000E+00
L0    22000  0.1540000000E+03  -.3118025421E+06  0.8362520552E+05
L1 0.3008292638E+03  0.3008292638E+03  -.3954277476E+12  0.1000000000E+01
L2 0.1000000000E+01  0.1197721026E+03  0.1197721026E+03  0.1197721026E+03
L3 0.1322655463E+07  -.2584667805E+03  -.5086613053E+02  0.1905119681E+03
L4 -.3960698097E+02  0.1096183516E+05  0.1098340267E+05  0.1082531207E+05
L5 0.3277054990E+05  0.1342224833E+05  0.1146761073E+05  0.9011778606E+04
L6 0.3390163766E+05  -.3954277476E+06  0.3681546404E+05  -.5335719312E+06
L7 0.0000000000E+00  0.4803043692E+04  0.1294630229E+05  0.2035307812E+05
L8 0.5725114001E+04  0.5750118135E+05  0.0000000000E+00  0.0000000000E+00
L9 0.0000000000E+00  0.0000000000E+00  0.0000000000E+00  0.1043124130E+01  0.0000000000E+00
L0    23000  0.1560000000E+03  -.3118182634E+06  0.8335969649E+05
L1 0.2998741345E+03  0.2998741345E+03  -.3951779598E+12  0.1000000000E+01
L2 0.1000000000E+01  0.1197374974E+03  0.1197374974E+03  0.1197374974E+03
L3 0.1321502347E+07  0.6386491858E+02  -.2790194368E+02  0.2337946863E+02
L4 0.1978081451E+02  0.1088748179E+05  0.1085813836E+05  0.1093953374E+05
L5 0.3268515389E+05  0.1028006488E+05  0.1112351273E+05  0.1071717247E+05
L6 0.3212075007E+05  -.3951779598E+06  0.3670508987E+05  -.5331499582E+06
L7 0.0000000000E+00  0.4812615030E+04  0.1298636010E+05  0.2028126778E+05
L8 0.5748284539E+04  0.5743838106E+05  0.0000000000E+00  0.0000000000E+00
L9 0.0000000000E+00  0.0000000000E+00  0.0000000000E+00  0.1044034338E+01  0.0000000000E+00
L0    24000  0.1580000000E+03  -.3115958652E+06  0.8360816996E+05
L1 0.3007679809E+03  0.3007679809E+03  -.3952040351E+12  0.1000000000E+01
L2 0.1000000000E+01  0.1197500402E+03  0.1197500402E+03  0.1197500402E+03
L3 0.1321913431E+07  0.2314478349E+03  -.5294508096E+02  -.1099388264E+02
L4 0.5583629044E+02  0.1095789997E+05  0.1093926491E+05  0.1107233560E+05
L5 0.3296950048E+05  0.8755923283E+04  0.1144298029E+05  0.1117693054E+05
L6 0.3137583411E+05  -.3952040351E+06  0.3749509031E+05  -.5338541870E+06
L7 0.0000000000E+00  0.4738893037E+04  0.1287999062E+05  0.2028987366E+05
L8 0.5782323765E+04  0.5746398046E+05  0.0000000000E+00  0.0000000000E+00
L9 0.0000000000E+00  0.0000000000E+00  0.0000000000E+00  0.1043709668E+01  0.0000000000E+00
L0    25000  0.1600000000E+03  -.3123571668E+06  0.8309812232E+05
L1 0.2989331602E+03  0.2989331602E+03  -.3954552891E+12  0.1000000000E+01
L2 0.1000000000E+01  0.1197376595E+03  0.1197376595E+03  0.1197376595E+03
L3 0.1321509166E+07  -.2056104788E+03  0.2341077210E+03  -.6167878862E+01
L4 0.7443121111E+01  0.1087150808E+05  0.1094405893E+05  0.1084428033E+05
L5 0.3265984734E+05  0.1282707194E+05  0.8717457428E+04  0.1090294311E+05
L6 0.3244747248E+05  -.3954552891E+06  0.3702415182E+05  -.5334886220E+06
L7 0.0000000000E+00  0.4634991223E+04  0.1282216605E+05  0.2031921549E+05
L8 0.5764397154E+04  0.5746841117E+05  0.0000000000E+00  0.0000000000E+00
L9 0.0000000000E+00  0.0000000000E+00  0.0000000000E+00  0.1044028951E+01  0.0000000000E+00
L0    26000  0.1620000000E+03  -.3111294329E+06  0.8370488634E+05
L1 0.3011159037E+03  0.3011159037E+03  -.3948343192E+12  0.1000000000E+01
L2 0.1000000000E+01  0.1197675380E+03  0.1197675380E+03  0.1197675380E+03
L3 0.1322508046E+07  0.5806052894E+02  -.9082980883E+02  -.1827471560E+03
L4 -.7183881196E+02  0.1096848541E+05  0.1080664269E+05  0.1091655726E+05
L5 0.3269168535E+05  0.1041585358E+05  0.1167117913E+05  0.1265598154E+05
L6 0.3474301425E+05  -.3948343192E+06  0.3655538916E+05  -.5328326256E+06
L7 0.0000000000E+00  0.4755665361E+04  0.1314031410E+05  0.2034154444E+05
L8 0.5745903763E+04  0.5745948953E+05  0.0000000000E+00  0.0000000000E+00
L9 0.0000000000E+00  0.0000000000E+00  0.0000000000E+00  0.1043240403E+01  0.0000000000E+00
L0    27000  0.1640000000E+03  -.3111107172E+06  0.8370052869E+05
L1 0.3011002277E+03  0.3011002277E+03  -.3948112459E+12  0.1000000000E+01
L2 0.1000000000E+01  0.1197254710E+03  0.1197254710E+03  0.1197254710E+03
L3 0.1321102959E+07  0.1800236947E+03  -.4037548331E+02  -.4894718038E+02
L4 0.3023367701E+02  0.1088729869E+05  0.1098011069E+05  0.1093545149E+05
L5 0.3280286088E+05  0.9175617354E+04  0.1136400439E+05  0.1140084565E+05
L6 0.3194046739E+05  -.3948112459E+06  0.3675088867E+05  -.5328832154E+06
L7 0.0000000000E+00  0.4804755785E+04  0.1302539945E+05  0.2026022778E+05
L8 0.5759671293E+04  0.5747102652E+05  0.0000000000E+00  0.0000000000E+00
L9 0.0000000000E+00  0.0000000000E+00  0.0000000000E+00  0.1044349964E+01  0.0000000000E+00
L0    28000  0.1660000000E+03  -.3118506112E+06  0.8333811508E+05
L1 0.2997964986E+03  0.2997964986E+03  -.3951887262E+12  0.1000000000E+01
L2 0.1000000000E+01  0.1197310179E+03  0.1197310179E+03  0.1197310179E+03
L3 0.1321284008E+07  0.1519088524E+03  0.2433360697E+02  -.1986067061E+02
L4 0.5212726292E+02  0.1092739495E+05  0.1095904648E+05  0.1089972371E+05
L5 0.3278616514E+05  0.9482834093E+04  0.1072764867E+05  0.1108858662E+05
L6 0.3129906938E+05  -.3951887262E+06  0.3619590487E+05  -.5325306307E+06
L7 0.0000000000E+00  0.4741563282E+04  0.1301111048E+05  0.2024848569E+05
L8 0.5750605428E+04  0.5739423473E+05  0.0000000000E+00  0.0000000000E+00
L9 0.0000000000E+00  0.0000000000E+00  0.0000000000E+00  0.1044206862E+01  0.0000000000E+00
L0    29000  0.1680000000E+03  -.3118141556E+06  0.8333459913E+05
L1 0.2997838505E+03  0.2997838505E+03  -.3951487548E+12  0.1000000000E+01
L2 0.1000000000E+01  0.1197507973E+03  0.1197507973E+03  0.1197507973E+03
L3 0.1321948088E+07  0.1386549662E+03  -.2128039474E+03  -.2186815349E+01
L4 -.2544526551E+02  0.1083933663E+05  0.1088546036E+05  0.1094489546E+05
L5 0.3266969244E+05  0.9520149482E+04  0.1291011363E+05  0.1096570120E+05
L6 0.3339596431E+05  -.3951487548E+06  0.3704758742E+05  -.5335172417E+06
L7 0.0000000000E+00  0.4668337182E+04  0.1309963370E+05  0.2033105488E+05
L8 0.5707474878E+04  0.5751439885E+05  0.0000000000E+00  0.0000000000E+00
L9 0.0000000000E+00  0.0000000000E+00  0.0000000000E+00  0.1043682305E+01  0.0000000000E+00
L0    30000  0.1700000000E+03  -.3118971745E+06  0.8355078158E+05
L1 0.3005615347E+03  0.3005615347E+03  -.3954479561E+12  0.1000000000E+01
L2 0.1000000000E+01  0.1197254469E+03  0.1197254469E+03  0.1197254469E+03
L3 0.1321114436E+07  0.1722835192E+03  0.6067065652E+01  -.4000880015E+03
L4 -.7391247220E+02  0.1084137407E+05  0.1095541012E+05  0.1092956716E+05
L5 0.3272635136E+05  0.9203272784E+04  0.1089772342E+05  0.1473367259E+05
L6 0.3483466880E+05  -.3954479561E+06  0.3636728614E+05  -.5331424777E+06
L7 0.0000000000E+00  0.4753262950E+04  0.1299923330E+05  0.2037583883E+05
L8 0.5725204224E+04  0.5747369613E+05  0.0000000000E+00  0.0000000000E+00
L9 0.0000000000E+00  0.0000000000E+00  0.0000000000E+00  0.1044340892E+01  0.0000000000E+00
L0    31000  0.1720000000E+03  -.3117887169E+06  0.8338516556E+05
L1 0.2999657557E+03  0.2999657557E+03  -.3951738824E+12  0.1000000000E+01
L2 0.1000000000E+01  0.1197361933E+03  0.1197361933E+03  0.1197361933E+03
L3 0.1321476013E+07  -.2920015423E+03  -.1384550336E+02  -.6354230183E+02
L4 -.1231297825E+03  0.1089698163E+05  0.1079433753E+05  0.1099021557E+05
L5 0.3268153473E+05  0.1367414232E+05  0.1092601899E+05  0.1159455205E+05
L6 0.3619471335E+05  -.3951738824E+06  0.3651243230E+05  -.5330241587E+06
L7 0.0000000000E+00  0.4745728766E+04  0.1306288808E+05  0.2028662453E+05
L8 0.5774255407E+04  0.5746834719E+05  0.0000000000E+00  0.0000000000E+00
L9 0.0000000000E+00  0.0000000000E+00  0.0000000000E+00  0.1044055143E+01  0.0000000000E+00
L0    32000  0.1740000000E+03  -.3113107632E+06  0.8312516492E+05
L1 0.2990304420E+03  0.2990304420E+03  -.3944359281E+12  0.1000000000E+01
L2 0.1000000000E+01  0.1197589720E+03  0.1197589720E+03  0.1197589720E+03
L3 0.1322207148E+07  0.7544956543E+01  0.1348938774E+03  0.7836539233E+02
L4 0.7360140874E+02  0.1083066958E+05  0.1087630139E+05  0.1087954904E+05
L5 0.3258652001E+05  0.1075887150E+05  0.9592646386E+04  0.1013382114E+05
L6 0.3048533902E+05  -.3944359281E+06  0.3689064036E+05  -.5325212318E+06
L7 0.0000000000E+00  0.4703365809E+04  0.1307281652E+05  0.2026918904E+05
L8 0.5717239704E+04  0.5743205223E+05  0.0000000000E+00  0.0000000000E+00
L9 0.0000000000E+00  0.0000000000E+00  0.0000000000E+00  0.1043477816E+01  0.0000000000E+00
L0    33000  0.1760000000E+03  -.3117973725E+06  0.8329517812E+05
L1 0.2996420392E+03  0.2996420392E+03  -.3950925506E+12  0.1000000000E+01
L2 0.1000000000E+01  0.1197249614E+03  0.1197249614E+03  0.1197249614E+03
L3 0.1321102324E+07  -.7867555013E+02  -.2922874404E+03  0.4845025437E+02
L4 -.1075042454E+03  0.1100643162E+05  0.1082391257E+05  0.1099385435E+05
L5 0.3282419854E+05  0.1175448540E+05  0.1360300628E+05  0.1053318523E+05
L6 0.3589067692E+05  -.3950925506E+06  0.3681860749E+05  -.5328899361E+06
L7 0.0000000000E+00  0.4684827427E+04  0.1285066990E+05  0.2030412996E+05
L8 0.5732917644E+04  0.5740623311E+05  0.0000000000E+00  0.0000000000E+00
L9 0.0000000000E+00  0.0000000000E+00  0.0000000000E+00  0.1044350466E+01  0.0000000000E+00
L0    34000  0.1780000000E+03  -.3114250664E+06  0.8327512148E+05
L1 0.2995698885E+03  0.2995698885E+03  -.3947001879E+12  0.1000000000E+01
L2 0.1000000000E+01  0.1197758633E+03  0.1197758633E+03  0.1197758633E+03
L3 0.1322786829E+07  -.2227533650E+03  0.9624776620E+02  -.1645697081E+03
L4 -.9702510231E+02  0.1094366593E+05  0.1090270971E+05  0.1084898792E+05
L5 0.3269536357E+05  0.1306432432E+05  0.9986410947E+04  0.1241572579E+05
L6 0.3546646106E+05  -.3947001879E+06  0.3690120416E+05  -.5328468067E+06
L7 0.0000000000E+00  0.4740462815E+04  0.1295963131E+05  0.2023226894E+05
L8 0.5723478111E+04  0.5758957347E+05  0.0000000000E+00  0.0000000000E+00
L9 0.0000000000E+00  0.0000000000E+00  0.0000000000E+00  0.1043020536E+01  0.0000000000E+00
L0    35000  0.1800000000E+03  -.3120098557E+06  0.8355973852E+05
L1 0.3005937560E+03  0.3005937560E+03  -.3955695942E+12  0.1000000000E+01
L2 0.1000000000E+01  0.1197352561E+03  0.1197352561E+03  0.1197352561E+03
L3 0.1321433993E+07  -.1576032939E+03  0.1112630778E+03  -.4331476339E+02
L4 -.2988499317E+02  0.1087322936E+05  0.1084589774E+05  0.1095796878E+05
L5 0.3267709588E+05  0.1237211102E+05  0.9787733396E+04  0.1136991261E+05
L6 0.3352975702E+05  -.3955695942E+06  0.3674674387E+05  -.5333463615E+06
L7 0.0000000000E+00  0.4665607302E+04  0.1297685741E+05  0.2024487265E+05
L8 0.5745123582E+04  0.5739756242E+05  0.0000000000E+00  0.0000000000E+00
L9 0.0000000000E+00  0.0000000000E+00  0.0000000000E+00  0.1044088343E+01  0.0000000000E+00
L0    36000  0.1820000000E+03  -.3115575482E+06  0.8345434865E+05
L1 0.3002146316E+03  0.3002146316E+03  -.3950118969E+12  0.1000000000E+01
L2 0.1000000000E+01  0.1197741723E+03  0.1197741723E+03  0.1197741723E+03
L3 0.1322734920E+07  -.3128234529E+03  -.3168953250E+03  0.2339826117E+03
L4 -.1319120554E+03  0.1085499178E+05  0.1103605455E+05  0.1080901283E+05
L5 0.3270005916E+05  0.1383301929E+05  0.1405284560E+05  0.8581537083E+04
L6 0.3646740197E+05  -.3950118969E+06  0.3643771639E+05  -.5326947392E+06
L7 0.0000000000E+00  0.4808710053E+04  0.1297245467E+05  0.2024695379E+05
L8 0.5723953681E+04  0.5749305378E+05  0.0000000000E+00  0.0000000000E+00
L9 0.0000000000E+00  0.0000000000E+00  0.0000000000E+00  0.1043061468E+01  0.0000000000E+00
L0    37000  0.1840000000E+03  -.3120233039E+06  0.8316952047E+05
L1 0.2991900045E+03  0.2991900045E+03  -.3951928244E+12  0.1000000000E+01
L2 0.1000000000E+01  0.1197319019E+03  0.1197319019E+03  0.1197319019E+03
L3 0.1321311960E+07  0.2101414684E+03  -.3115966325E+02  0.1089539812E+02
L4 0.6329240109E+02  0.1101834186E+05  0.1085021589E+05  0.1081810396E+05
L5 0.3268666170E+05  0.9019981944E+04  0.1114653162E+05  0.1071449315E+05
L6 0.3088100671E+05  -.3951928244E+06  0.3719514525E+05  -.5337058696E+06
L7 0.0000000000E+00  0.4839175712E+04  0.1298666406E+05  0.2025067418E+05
L8 0.5756894772E+04  0.5748449121E+05  0.0000000000E+00  0.0000000000E+00
L9 0.0000000000E+00  0.0000000000E+00  0.0000000000E+00  0.1044184772E+01  0.0000000000E+00
L0    38000  0.1860000000E+03  -.3119788374E+06  0.8322231028E+05
L1 0.2993799080E+03  0.2993799080E+03  -.3952011476E+12  0.1000000000E+01
L2 0.1000000000E+01  0.1197880812E+03  0.1197880812E+03  0.1197880812E+03
L3 0.1323181370E+07  -.1355913531E+03  0.8802773390E+02  0.1824555652E+02
L4 -.9772687559E+01  0.1100834861E+05  0.1087208172E+05  0.1095947348E+05
L5 0.3283990381E+05  0.1229959152E+05  0.1003378942E+05  0.1078572018E+05
L6 0.3311910112E+05  -.3952011476E+06  0.3682729745E+05  -.5332231134E+06
L7 0.0000000000E+00  0.4877844599E+04  0.1294349609E+05  0.2022988713E+05
L8 0.5729304873E+04  0.5741413561E+05  0.0000000000E+00  0.0000000000E+00
L9 0.0000000000E+00  0.0000000000E+00  0.0000000000E+00  0.1042709533E+01  0.0000000000E+00
L0    39000  0.1880000000E+03  -.3123640862E+06  0.8316593422E+05
L1 0.2991771035E+03  0.2991771035E+03  -.3955300205E+12  0.1000000000E+01
L2 0.1000000000E+01  0.1197119330E+03  0.1197119330E+03  0.1197119330E+03
L3 0.1320666640E+07  -.6725937449E+02  0.8981136892E+02  -.2319065927E+03
L4 -.6978486608E+02  0.1093782349E+05  0.1091281789E+05  0.1080489604E+05
L5 0.3265553742E+05  0.1157712041E+05  0.1005916542E+05  0.1300915636E+05
L6 0.3464544218E+05  -.3955300205E+06  0.3714712161E+05  -.5340136684E+06
L7 0.0000000000E+00  0.4664919003E+04  0.1298282060E+05  0.2031096503E+05
L8 0.5769799166E+04  0.5760802248E+05  0.0000000000E+00  0.0000000000E+00
L9 0.0000000000E+00  0.0000000000E+00  0.0000000000E+00  0.1044694995E+01  0.0000000000E+00
L0    40000  0.1900000000E+03  -.3124874544E+06  0.8321884721E+05
L1 0.2993674501E+03  0.2993674501E+03  -.3957063016E+12  0.1000000000E+01
L2 0.1000000000E+01  0.1196853470E+03  0.1196853470E+03  0.1196853470E+03
L3 0.1319775752E+07  -.2265588513E+03  0.1662490202E+03  0.1361649432E+03
L4 0.2528503738E+02  0.1093278191E+05  0.1078742579E+05  0.1086090206E+05
L5 0.3258110976E+05  0.1308475957E+05  0.9208303301E+04  0.9567534291E+04
L6 0.3186059717E+05  -.3957063016E+06  0.3692190617E+05  -.5336467903E+06
L7 0.0000000000E+00  0.4788376971E+04  0.1293333570E+05  0.2024972891E+05
L8 0.5703473218E+04  0.5734366774E+05  0.0000000000E+00  0.0000000000E+00
L9 0.0000000000E+00  0.0000000000E+00  0.0000000000E+00  0.1045400194E+01  0.0000000000E+00
L0    41000  0.1920000000E+03  -.3121337691E+06  0.8351615429E+05
L1 0.3004369682E+03  0.3004369682E+03  -.3956499234E+12  0.1000000000E+01
L2 0.1000000000E+01  0.1197026899E+03  0.1197026899E+03  0.1197026899E+03
L3 0.1320340124E+07  0.2831022575E+03  -.1516421593E+03  0.1846683139E+03
L4 0.1053761374E+03  0.1103710967E+05  0.1097775744E+05  0.1088538220E+05
L5 0.3290024931E+05  0.8346902445E+04  0.1241875207E+05  0.9130553270E+04
L6 0.2989620778E+05  -.3956499234E+06  0.3708175076E+05  -.5338391098E+06
L7 0.0000000000E+00  0.4708346039E+04  0.1291326545E+05  0.2029977223E+05
L8 0.5725992355E+04  0.5746005958E+05  0.0000000000E+00  0.0000000000E+00
L9 0.0000000000E+00  0.0000000000E+00  0.0000000000E+00  0.1044953344E+01  0.0000000000E+00
L0    42000  0.1940000000E+03  -.3117383667E+06  0.8346052240E+05
L1 0.3002368407E+03  0.3002368407E+03  -.3951988891E+12  0.1000000000E+01
L2 0.1000000000E+01  0.1197444651E+03  0.1197444651E+03  0.1197444651E+03
L3 0.1321705119E+07  0.1112397818E+03  0.2018860044E+03  0.4571710821E+03
L4 0.2567656228E+03  0.1094355082E+05  0.1099286302E+05  0.1101540406E+05
L5 0.3295181790E+05  0.9885390962E+04  0.9072437959E+04  0.6666599369E+04
L6 0.2562442829E+05  -.3951988891E+06  0.3689412859E+05  -.5332200892E+06
L7 0.0000000000E+00  0.4728873538E+04  0.1284794169E+05  0.2031621107E+05
L8 0.5759715800E+04  0.5747432943E+05  0.0000000000E+00  0.0000000000E+00
L9 0.0000000000E+00  0.0000000000E+00  0.0000000000E+00  0.1043874165E+01  0.0000000000E+00
L0    43000  0.1960000000E+03  -.3116032363E+06  0.8343309445E+05
L1 0.3001381728E+03  0.3001381728E+03  -.3950363307E+12  0.1000000000E+01
L2 0.1000000000E+01  0.1197655227E+03  0.1197655227E+03  0.1197655227E+03
L3 0.1322419620E+07  0.6480167816E+02  0.3601325932E+03  -.8934427921E+02
L4 0.1118633307E+03  0.1094824512E+05  0.1097830216E+05  0.1095991612E+05
L5 0.3288646340E+05  0.1033149092E+05  0.7550716696E+04  0.1181025613E+05
L6 0.2969246374E+05  -.3950363307E+06  0.3699317747E+05  -.5332176011E+06
L7 0.0000000000E+00  0.4796955776E+04  0.1296223772E+05  0.2025566056E+05
L8 0.5713906263E+04  0.5745933259E+05  0.0000000000E+00  0.0000000000E+00
L9 0.0000000000E+00  0.0000000000E+00  0.0000000000E+00  0.1043310162E+01  0.0000000000E+00
L0    44000  0.1980000000E+03  -.3121102188E+06  0.8326580531E+05
L1 0.2995363749E+03  0.2995363749E+03  -.3953760241E+12  0.1000000000E+01
L2 0.1000000000E+01  0.1197715361E+03  0.1197715361E+03  0.1197715361E+03
L3 0.1322630312E+07  0.5300989334E+02  0.9498517780E+02  -.1045732296E+03
L4 0.1447394719E+02  0.1083493525E+05  0.1086976245E+05  0.1079763338E+05
L5 0.3250233109E+05  0.1033032975E+05  0.9965590789E+04  0.1179307449E+05
L6 0.3208899503E+05  -.3953760241E+06  0.3683819977E+05  -.5333655669E+06
L7 0.0000000000E+00  0.4700215020E+04  0.1288839428E+05  0.2027306468E+05
L8 0.5731064850E+04  0.5755860422E+05  0.0000000000E+00  0.0000000000E+00
L9 0.0000000000E+00  0.0000000000E+00  0.0000000000E+00  0.1043143965E+01  0.0000000000E+00
L0    45000  0.2000000000E+03  -.3116258434E+06  0.8355352673E+05
L1 0.3005714100E+03  0.3005714100E+03  -.3951793701E+12  0.1000000000E+01
L2 0.1000000000E+01  0.1197148786E+03  0.1197148786E+03  0.1197148786E+03
L3 0.1320758491E+07  -.1111054584E+02  -.1121558147E+03  0.5754717452E+02
L4 -.2190639535E+02  0.1091800922E+05  0.1098810503E+05  0.1103091449E+05
L5 0.3293702873E+05  0.1102362173E+05  0.1205421447E+05  0.1048389349E+05
L6 0.3356172969E+05  -.3951793701E+06  0.3644487330E+05  -.5328747018E+06
L7 0.0000000000E+00  0.4675500504E+04  0.1299067493E+05  0.2029810606E+05
L8 0.5793859584E+04  0.5749231729E+05  0.0000000000E+00  0.0000000000E+00
L9 0.0000000000E+00  0.0000000000E+00  0.0000000000E+00  0.1044622342E+01  0.0000000000E+00
L0    46000  0.2020000000E+03  -.3118015933E+06  0.8359981534E+05
L1 0.3007379264E+03  0.3007379264E+03  -.3954014086E+12  0.1000000000E+01
L2 0.1000000000E+01  0.1196986119E+03  0.1196986119E+03  0.1196986119E+03
L3 0.1320229491E+07  0.1211026952E+03  -.4249038598E+03  0.7384931284E+00
L4 -.1010208905E+03  0.1091539098E+05  0.1092252652E+05  0.1091602621E+05
L5 0.3275394371E+05  0.9764697057E+04  0.1495987918E+05  0.1090900919E+05
L6 0.3563358543E+05  -.3954014086E+06  0.3673982178E+05  -.5332264790E+06
L7 0.0000000000E+00  0.4707988602E+04  0.1290073510E+05  0.2030638249E+05
L8 0.5756565794E+04  0.5741357665E+05  0.0000000000E+00  0.0000000000E+00
L9 0.0000000000E+00  0.0000000000E+00  0.0000000000E+00  0.1045040909E+01  0.0000000000E+00
L0    47000  0.2040000000E+03  -.3122970594E+06  0.8332924836E+05
L1 0.2997646018E+03  0.2997646018E+03  -.3956263078E+12  0.1000000000E+01
L2 0.1000000000E+01  0.1197225588E+03  0.1197225588E+03  0.1197225588E+03
L3 0.1321010071E+07  0.6382291597E+02  -.1697116200E+03  0.1072022770E+03
L4 0.4378576270E+00  0.1095227902E+05  0.1088725052E+05  0.1093383572E+05
L5 0.3277336526E+05  0.1034548771E+05  0.1250077028E+05  0.9914618582E+04
L6 0.3276087657E+05  -.3956263078E+06  0.3682928535E+05  -.5337020853E+06
L7 0.0000000000E+00  0.4673814841E+04  0.1308039573E+05  0.2033629472E+05
L8 0.5775389717E+04  0.5738059715E+05  0.0000000000E+00  0.0000000000E+00
L9 0.0000000000E+00  0.0000000000E+00  0.0000000000E+00  0.1044423398E+01  0.0000000000E+00
L0    48000  0.2060000000E+03  -.3118018569E+06  0.8324452949E+05
L1 0.2994598383E+03  0.2994598383E+03  -.3950463864E+12  0.1000000000E+01
L2 0.1000000000E+01  0.1197377245E+03  0.1197377245E+03  0.1197377245E+03
L3 0.1321519359E+07  -.4306735292E+02  -.6186730397E+02  -.7733022177E+02
L4 -.6075495955E+02  0.1084797232E+05  0.1079141019E+05  0.1103199377E+05
L5 0.3267137627E+05  0.1125758961E+05  0.1137983544E+05  0.1176748816E+05
L6 0.3440491321E+05  -.3950463864E+06  0.3662117898E+05  -.5330161098E+06
L7 0.0000000000E+00  0.4762746963E+04  0.1290868312E+05  0.2028335900E+05
L8 0.5756996734E+04  0.5763675860E+05  0.0000000000E+00  0.0000000000E+00
L9 0.0000000000E+00  0.0000000000E+00  0.0000000000E+00  0.1044020898E+01  0.0000000000E+00
L0    49000  0.2080000000E+03  -.3117979162E+06  0.8304571302E+05
L1 0.2987446256E+03  0.2987446256E+03  -.3948436292E+12  0.1000000000E+01
L2 0.1000000000E+01  0.1197280192E+03  0.1197280192E+03  0.1197280192E+03
L3 0.1321177383E+07  0.1053351256E+03  0.1191713591E+03  0.1190818497E+03
L4 0.1145294448E+03  0.1095354230E+05  0.1083986859E+05  0.1077725201E+05
L5 0.3257066291E+05  0.9951950114E+04  0.9706712850E+04  0.9644947387E+04
L6 0.2930361035E+05  -.3948436292E+06  0.3697971345E+05  -.5330161779E+06
L7 0.0000000000E+00  0.4748411171E+04  0.1302967968E+05  0.2028200137E+05
L8 0.5714324031E+04  0.5741841895E+05  0.0000000000E+00  0.0000000000E+00
L9 0.0000000000E+00  0.0000000000E+00  0.0000000000E+00  0.1044291134E+01  0.0000000000E+00
L0    50000  0.2100000000E+03  -.3122697218E+06  0.8346447836E+05
L1 0.3002510717E+03  0.3002510717E+03  -.3957342002E+12  0.1000000000E+01
L2 0.1000000000E+01  0.1197490135E+03  0.1197490135E+03  0.1197490135E+03
L3 0.1321888771E+07  -.1193390689E+02  0.1145007500E+03  -.1727295835E+03
L4 -.2338758013E+02  0.1104475761E+05  0.1085394679E+05  0.1083992277E+05
L5 0.3273862717E+05  0.1115829375E+05  0.9764615887E+04  0.1248322793E+05
L6 0.3340613757E+05  -.3957342002E+06  0.3704997319E+05  -.5340549226E+06
L7 0.0000000000E+00  0.4842946076E+04  0.1301931349E+05  0.2027003530E+05
L8 0.5682907382E+04  0.5745554697E+05  0.0000000000E+00  0.0000000000E+00
L9 0.0000000000E+00  0.0000000000E+00  0.0000000000E+00  0.1043729139E+01  0.0000000000E+00
L0    51000  0.2120000000E+03  -.3119829066E+06  0.8316005424E+05
L1 0.2991559511E+03  0.2991559511E+03  -.3951429609E+12  0.1000000000E+01
L2 0.1000000000E+01  0.1197130046E+03  0.1197130046E+03  0.1197130046E+03
L3 0.1320704391E+07  -.3754407553E+03  0.8752980800E+02  0.2038545908E+02
L4 -.8917516275E+02  0.1093115340E+05  0.1089395842E+05  0.1085617102E+05
L5 0.3268128284E+05  0.1449980061E+05  0.1006196828E+05  0.1066240274E+05
L6 0.3522417163E+05  -.3951429609E+06  0.3666270124E+05  -.5328779004E+06
L7 0.0000000000E+00  0.4710347394E+04  0.1300688560E+05  0.2025248540E+05
L8 0.5732589675E+04  0.5736993017E+05  0.0000000000E+00  0.0000000000E+00
L9 0.0000000000E+00  0.0000000000E+00  0.0000000000E+00  0.1044665133E+01  0.0000000000E+00
L0    52000  0.2140000000E+03  -.3117982418E+06  0.8325576510E+05
L1 0.2995002567E+03  0.2995002567E+03  -.3950540069E+12  0.1000000000E+01
L2 0.1000000000E+01  0.1197084140E+03  0.1197084140E+03  0.1197084140E+03
L3 0.1320529247E+07  0.3578165406E+02  0.3086430056E+03  -.2066575201E+02
L4 0.1079196359E+03  0.1089528331E+05  0.1084919436E+05  0.1096539042E+05
L5 0.3270986809E+05  0.1055521590E+05  0.7915863545E+04  0.1116179690E+05
L6 0.2963287635E+05  -.3950540069E+06  0.3693317326E+05  -.5332083585E+06
L7 0.0000000000E+00  0.4811833973E+04  0.1295495764E+05  0.2028733504E+05
L8 0.5751530889E+04  0.5741552082E+05  0.0000000000E+00  0.0000000000E+00
L9 0.0000000000E+00  0.0000000000E+00  0.0000000000E+00  0.1044803688E+01  0.0000000000E+00
L0    53000  0.2160000000E+03  -.3121318206E+06  0.8325526586E+05
L1 0.2994984608E+03  0.2994984608E+03  -.3953870865E+12  0.1000000000E+01
L2 0.1000000000E+01  0.1197077311E+03  0.1197077311E+03  0.1197077311E+03
L3 0.1320523969E+07  0.2158727662E+02  0.5526915947E+02  -.1942433444E+03
L4 -.3912896942E+02  0.1095914027E+05  0.1088369885E+05  0.1082149077E+05
L5 0.3266432990E+05  0.1075397648E+05  0.1035842507E+05  0.1266756439E+05
L6 0.3377996593E+05  -.3953870865E+06  0.3623191427E+05  -.5328809988E+06
L7 0.0000000000E+00  0.4792870919E+04  0.1304118582E+05  0.2025836919E+05
L8 0.5719109124E+04  0.5745046298E+05  0.0000000000E+00  0.0000000000E+00
L9 0.0000000000E+00  0.0000000000E+00  0.0000000000E+00  0.1044807865E+01  0.0000000000E+00
L0    54000  0.2180000000E+03  -.3114441413E+06  0.8363835550E+05
L1 0.3008765689E+03  0.3008765689E+03  -.3950824968E+12  0.1000000000E+01
L2 0.1000000000E+01  0.1197175036E+03  0.1197175036E+03  0.1197175036E+03
L3 0.1320852584E+07  -.2105677931E+03  0.4469375416E+02  -.8344725723E+02
L4 -.8310709871E+02  0.1087693138E+05  0.1092759807E+05  0.1093569548E+05
L5 0.3274022492E+05  0.1287864929E+05  0.1050272641E+05  0.1172896907E+05
L6 0.3511034476E+05  -.3950824968E+06  0.3626494857E+05  -.5324214494E+06
L7 0.0000000000E+00  0.4809819388E+04  0.1288826044E+05  0.2017098023E+05
L8 0.5758531398E+04  0.5744641261E+05  0.0000000000E+00  0.0000000000E+00
L9 0.0000000000E+00  0.0000000000E+00  0.0000000000E+00  0.1044547927E+01  0.0000000000E+00
L0    55000  0.2200000000E+03  -.3113006359E+06  0.8344895703E+05
L1 0.3001952360E+03  0.3001952360E+03  -.3947495930E+12  0.1000000000E+01
L2 0.1000000000E+01  0.1197579343E+03  0.1197579343E+03  0.1197579343E+03
L3 0.1322159880E+07  0.1559935548E+03  0.2811795717E+03  0.1118091823E+03
L4 0.1829941029E+03  0.1097817012E+05  0.1086585583E+05  0.1098566988E+05
L5 0.3282969583E+05  0.9493782888E+04  0.8190236531E+04  0.9921727707E+04
L6 0.2760574713E+05  -.3947495930E+06  0.3691564041E+05  -.5328758394E+06
L7 0.0000000000E+00  0.4727680921E+04  0.1303188685E+05  0.2029334312E+05
L8 0.5712092485E+04  0.5744560269E+05  0.0000000000E+00  0.0000000000E+00
L9 0.0000000000E+00  0.0000000000E+00  0.0000000000E+00  0.1043515122E+01  0.0000000000E+00
L0    56000  0.2220000000E+03  -.3116230756E+06  0.8348950367E+05
L1 0.3003410966E+03  0.3003410966E+03  -.3951125793E+12  0.1000000000E+01
L2 0.1000000000E+01  0.1197376744E+03  0.1197376744E+03  0.1197376744E+03
L3 0.1321502340E+07  0.2655827557E+02  0.2408559638E+03  -.5875243502E+02
L4 0.6955393480E+02  0.1090861988E+05  0.1086652572E+05  0.1100520328E+05
L5 0.3278034887E+05  0.1065602509E+05  0.8575753425E+04  0.1156399554E+05
L6 0.3079577406E+05  -.3951125793E+06  0.3660905184E+05  -.5328343247E+06
L7 0.0000000000E+00  0.4780924087E+04  0.1305016191E+05  0.2029986238E+05
L8 0.5726154082E+04  0.5725559110E+05  0.0000000000E+00  0.0000000000E+00
L9 0.0000000000E+00  0.0000000000E+00  0.0000000000E+00  0.1044034343E+01  0.0000000000E+00
L0    57000  0.2240000000E+03  -.3123489544E+06  0.8327037372E+05
L1 0.2995528091E+03  0.2995528091E+03  -.3956193281E+12  0.1000000000E+01
L2 0.1000000000E+01  0.1197145486E+03  0.1197145486E+03  0.1197145486E+03
L3 0.1320740790E+07  -.2465772466E+03  -.4667227279E+02  0.4001936318E+03
L4 0.3564803745E+02  0.1093010190E+05  0.1087560413E+05  0.1084286808E+05
L5 0.3264857411E+05  0.1327393762E+05  0.1131924661E+05  0.7038834483E+04
L6 0.3163201872E+05  -.3956193281E+06  0.3702508687E+05  -.5338370586E+06
L7 0.0000000000E+00  0.4775920346E+04  0.1295376308E+05  0.2026166347E+05
L8 0.5761141778E+04  0.5744015490E+05  0.0000000000E+00  0.0000000000E+00
L9 0.0000000000E+00  0.0000000000E+00  0.0000000000E+00  0.1044636343E+01  0.0000000000E+00
L0    58000  0.2260000000E+03  -.3125512450E+06  0.8310668939E+05
L1 0.2989639790E+03  0.2989639790E+03  -.3956579344E+12  0.1000000000E+01
L2 0.1000000000E+01  0.1197654889E+03  0.1197654889E+03  0.1197654889E+03
L3 0.1322420896E+07  0.8282899221E+02  -.3772736073E+02  0.2295526906E+03
L4 0.9155144069E+02  0.1085028461E+05  0.1088716151E+05  0.1091936436E+05
L5 0.3265681049E+05  0.1006195351E+05  0.1124623447E+05  0.8734579537E+04
L6 0.3004276753E+05  -.3956579344E+06  0.3668004108E+05  -.5334817321E+06
L7 0.0000000000E+00  0.4723200330E+04  0.1295497284E+05  0.2026473656E+05
L8 0.5757467153E+04  0.5744337968E+05  0.0000000000E+00  0.0000000000E+00
L9 0.0000000000E+00  0.0000000000E+00  0.0000000000E+00  0.1043309155E+01  0.0000000000E+00
L0    59000  0.2280000000E+03  -.3124101599E+06  0.8294335774E+05
L1 0.2983764176E+03  0.2983764176E+03  -.3953535176E+12  0.1000000000E+01
L2 0.1000000000E+01  0.1197394919E+03  0.1197394919E+03  0.1197394919E+03
L3 0.1321572952E+07  -.2731241365E+02  0.1195357563E+03  -.1491408883E+03
L4 -.1897251521E+02  0.1090969835E+05  0.1078264271E+05  0.1084677801E+05
L5 0.3253911907E+05  0.1116947960E+05  0.9645681742E+04  0.1226532735E+05
L6 0.3308048870E+05  -.3953535176E+06  0.3695653495E+05  -.5334313647E+06
L7 0.0000000000E+00  0.4676470896E+04  0.1294833804E+05  0.2028634404E+05
L8 0.5757762579E+04  0.5745239658E+05  0.0000000000E+00  0.0000000000E+00
L9 0.0000000000E+00  0.0000000000E+00  0.0000000000E+00  0.1043978560E+01  0.0000000000E+00
L0    60000  0.2300000000E+03  -.3124884920E+06  0.8321208369E+05
L1 0.2993431194E+03  0.2993431194E+03  -.3957005757E+12  0.1000000000E+01
L2 0.1000000000E+01  0.1197525279E+03  0.1197525279E+03  0.1197525279E+03
L3 0.1322017945E+07  -.2933410335E+03  0.5967323939E+02  -.1617725290E+03
L4 -.1318134410E+03  0.1088616788E+05  0.1082324941E+05  0.1095174292E+05
L5 0.3266116021E+05  0.1367721229E+05  0.1025547797E+05  0.1249095586E+05
L6 0.3642364612E+05  -.3957005757E+06  0.3631194331E+05  -.5331736963E+06
L7 0.0000000000E+00  0.4798822705E+04  0.1293970756E+05  0.2021142252E+05
L8 0.5806975898E+04  0.5740424861E+05  0.0000000000E+00  0.0000000000E+00
L9 0.0000000000E+00  0.0000000000E+00  0.0000000000E+00  0.1043627156E+01  0.0000000000E+00
L0    61000  0.2320000000E+03  -.3124213270E+06  0.8310842092E+05
L1 0.2989702079E+03  0.2989702079E+03  -.3955297479E+12  0.1000000000E+01
L2 0.1000000000E+01  0.1197272819E+03  0.1197272819E+03  0.1197272819E+03
L3 0.1321164540E+07  -.3912831257E+02  0.5465015329E+02  0.3362978517E+02
L4 0.1638387530E+02  0.1097570751E+05  0.1095635311E+05  0.1084138269E+05
L5 0.3277344331E+05  0.1134776034E+05  0.1043671036E+05  0.1052161279E+05
L6 0.3230608348E+05  -.3955297479E+06  0.3669869292E+05  -.5333323305E+06
L7 0.0000000000E+00  0.4698041165E+04  0.1295690510E+05  0.2028868424E+05
L8 0.5696722140E+04  0.5746353705E+05  0.0000000000E+00  0.0000000000E+00
L9 0.0000000000E+00  0.0000000000E+00  0.0000000000E+00  0.1044301286E+01  0.0000000000E+00
L0    62000  0.2340000000E+03  -.3120723415E+06  0.8336482395E+05
L1 0.2998925798E+03  0.2998925798E+03  -.3954371654E+12  0.1000000000E+01
L2 0.1000000000E+01  0.1197273256E+03  0.1197273256E+03  0.1197273256E+03
L3 0.1321157475E+07  0.2696221385E+03  -.1532093814E+03  0.1493979361E+03
L4 0.8860356441E+02  0.1081379415E+05  0.1078761992E+05  0.1095055351E+05
L5 0.3255196758E+05  0.8250097035E+04  0.1224440849E+05  0.9530005997E+04
L6 0.3002451152E+05  -.3954371654E+06  0.3677845927E+05  -.5332152608E+06
L7 0.0000000000E+00  0.4672282726E+04  0.1306267222E+05  0.2026662692E+05
L8 0.5783865715E+04  0.5721418856E+05  0.0000000000E+00  0.0000000000E+00
L9 0.0000000000E+00  0.0000000000E+00  0.0000000000E+00  0.1044306870E+01  0.0000000000E+00
L0    63000  0.2360000000E+03  -.3119880412E+06  0.8319143982E+05
L1 0.2992688561E+03  0.2992688561E+03  -.3951794810E+12  0.1000000000E+01
L2 0.1000000000E+01  0.1197299607E+03  0.1197299607E+03  0.1197299607E+03
L3 0.1321244681E+07  -.7080072066E+02  0.1033932055E+03  0.2340200092E+03
L4 0.8887083136E+02  0.1081583129E+05  0.1081110276E+05  0.1084008825E+05
L5 0.3246702230E+05  0.1148908307E+05  0.9827925483E+04  0.8614766439E+04
L6 0.2993177499E+05  -.3951794810E+06  0.3685470924E+05  -.5332377341E+06
L7 0.0000000000E+00  0.4760117010E+04  0.1302498534E+05  0.2028436526E+05
L8 0.5703355674E+04  0.5743072052E+05  0.0000000000E+00  0.0000000000E+00
L9 0.0000000000E+00  0.0000000000E+00  0.0000000000E+00  0.1044237943E+01  0.0000000000E+00
L0    64000  0.2380000000E+03  -.3119407801E+06  0.8332490383E+05
L1 0.2997489731E+03  0.2997489731E+03  -.3952656840E+12  0.1000000000E+01
L2 0.1000000000E+01  0.1197166838E+03  0.1197166838E+03  0.1197166838E+03
L3 0.1320820504E+07  -.1647159751E+03  -.1295434539E+03  0.1708648602E+03
L4 -.4113152293E+02  0.1094161953E+05  0.1092488355E+05  0.1090819504E+05
L5 0.3277469812E+05  0.1250741887E+05  0.1215633091E+05  0.9283944062E+04
L6 0.3394769384E+05  -.3952656840E+06  0.3694021874E+05  -.5334228356E+06
L7 0.0000000000E+00  0.4818475560E+04  0.1303401443E+05  0.2027325186E+05
L8 0.5746011107E+04  0.5734517995E+05  0.0000000000E+00  0.0000000000E+00
L9 0.0000000000E+00  0.0000000000E+00  0.0000000000E+00  0.1044573297E+01  0.0000000000E+00
L0    65000  0.2400000000E+03  -.3127079136E+06  0.8339510154E+05
L1 0.3000014989E+03  0.3000014989E+03  -.3961030151E+12  0.1000000000E+01
L2 0.1000000000E+01  0.1196968125E+03  0.1196968125E+03  0.1196968125E+03
L3 0.1320166821E+07  -.1952427942E+03  -.1316541800E+03  0.1035816551E+03
L4 -.7443843970E+02  0.1092794566E+05  0.1095812241E+05  0.1079059367E+05
L5 0.3267666174E+05  0.1278301611E+05  0.1220901507E+05  0.9806427939E+04
L6 0.3479845912E+05  -.3961030151E+06  0.3699882496E+05  -.5342581647E+06
L7 0.0000000000E+00  0.4752685662E+04  0.1292558045E+05  0.2023840170E+05
L8 0.5736327563E+04  0.5750332920E+05  0.0000000000E+00  0.0000000000E+00
L9 0.0000000000E+00  0.0000000000E+00  0.0000000000E+00  0.1045090519E+01  0.0000000000E+00
L0    66000  0.2420000000E+03  -.3118869142E+06  0.8343183037E+05
L1 0.3001336254E+03  0.3001336254E+03  -.3953187446E+12  0.1000000000E+01
L2 0.1000000000E+01  0.1197505864E+03  0.1197505864E+03  0.1197505864E+03
L3 0.1321941238E+07  0.3254417339E+03  -.2438316385E+03  -.1613750575E+03
L4 -.2658832071E+02  0.1089632598E+05  0.1085292740E+05  0.1081117114E+05
L5 0.3256042452E+05  0.7800033514E+04  0.1317277144E+05  0.1234651318E+05
L6 0.3331931813E+05  -.3953187446E+06  0.3659932729E+05  -.5330207843E+06
L7 0.0000000000E+00  0.4706323518E+04  0.1291724885E+05  0.2024011086E+05
L8 0.5730345865E+04  0.5750868333E+05  0.0000000000E+00  0.0000000000E+00
L9 0.0000000000E+00  0.0000000000E+00  0.0000000000E+00  0.1043687714E+01  0.0000000000E+00
L0    67000  0.2440000000E+03  -.3119775408E+06  0.8352128757E+05
L1 0.3004554344E+03  0.3004554344E+03  -.3954988283E+12  0.1000000000E+01
L2 0.1000000000E+01  0.1197339084E+03  0.1197339084E+03  0.1197339084E+03
L3 0.1321385521E+07  -.4681260909E+02  0.2348108852E+02  0.3168640772E+02
L4 0.2784962383E+01  0.1086491456E+05  0.1098392692E+05  0.1086051326E+05
L5 0.3270935474E+05  0.1131010822E+05  0.1076061888E+05  0.1055917164E+05
L6 0.3262989874E+05  -.3954988283E+06  0.3686039193E+05  -.5332599653E+06
L7 0.0000000000E+00  0.4644750449E+04  0.1282952736E+05  0.2022120569E+05
L8 0.5793460621E+04  0.5741180094E+05  0.0000000000E+00  0.0000000000E+00
L9 0.0000000000E+00  0.0000000000E+00  0.0000000000E+00  0.1044126643E+01  0.0000000000E+00
L0    68000  0.2460000000E+03  -.3119490935E+06  0.8339449090E+05
L1 0.2999993022E+03  0.2999993022E+03  -.3953435844E+12  0.1000000000E+01
L2 0.1000000000E+01  0.1197252247E+03  0.1197252247E+03  0.1197252247E+03
L3 0.1321090091E+07  0.2325423420E+03  0.1600765804E+02  -.3776221055E+02
L4 0.7026259649E+02  0.1092632785E+05  0.1090829903E+05  0.1086738528E+05
L5 0.3270201216E+05  0.8715316066E+04  0.1075609827E+05  0.1122642825E+05
L6 0.3069784258E+05  -.3953435844E+06  0.3691133196E+05  -.5333662022E+06
L7 0.0000000000E+00  0.4716237071E+04  0.1283947066E+05  0.2022914062E+05
L8 0.5754642229E+04  0.5757179528E+05  0.0000000000E+00  0.0000000000E+00
L9 0.0000000000E+00  0.0000000000E+00  0.0000000000E+00  0.1044360137E+01  0.0000000000E+00
L0    69000  0.2480000000E+03  -.3118319054E+06  0.8362836201E+05
L1 0.3008406188E+03  0.3008406188E+03  -.3954602674E+12  0.1000000000E+01
L2 0.1000000000E+01  0.1197484779E+03  0.1197484779E+03  0.1197484779E+03
L3 0.1321879305E+07  -.3284565166E+03  0.1705863549E+03  -.1227529003E+03
L4 -.9354102066E+02  0.1093151875E+05  0.1080146653E+05  0.1099010959E+05
L5 0.3272309487E+05  0.1405634782E+05  0.9178563117E+04  0.1215794098E+05
L6 0.3539285192E+05  -.3954602674E+06  0.3659247504E+05  -.5330382971E+06
L7 0.0000000000E+00  0.4739848815E+04  0.1298643752E+05  0.2025395490E+05
L8 0.5739303863E+04  0.5726600961E+05  0.0000000000E+00  0.0000000000E+00
L9 0.0000000000E+00  0.0000000000E+00  0.0000000000E+00  0.1043736613E+01  0.0000000000E+00
L0    70000  0.2500000000E+03  -.3123962952E+06  0.8309697203E+05
L1 0.2989290222E+03  0.2989290222E+03  -.3954932672E+12  0.1000000000E+01
L2 0.1000000000E+01  0.1197195562E+03  0.1197195562E+03  0.1197195562E+03
L3 0.1320913107E+07  0.6511078662E+02  -.1841675819E+03  0.5858540429E+02
L4 -.2015713033E+02  0.1087755179E+05  0.1081907520E+05  0.1085825002E+05
L5 0.3255487701E+05  0.1025856159E+05  0.1256990535E+05  0.1030129482E+05
L6 0.3312976176E+05  -.3954932672E+06  0.3695443497E+05  -.5335009264E+06
L7 0.0000000000E+00  0.4782240071E+04  0.1299189930E+05  0.2021080571E+05
L8 0.5723686241E+04  0.5734459289E+05  0.0000000000E+00  0.0000000000E+00
L9 0.0000000000E+00  0.0000000000E+00  0.0000000000E+00  0.1044500066E+01  0.0000000000E+00
L0    71000  0.2520000000E+03  -.3116732097E+06  0.8358912152E+05
L1 0.3006994570E+03  0.3006994570E+03  -.3952623313E+12  0.1000000000E+01
L2 0.1000000000E+01  0.1196650293E+03  0.1196650293E+03  0.1196650293E+03
L3 0.1319110694E+07  0.1214292012E+03  -.1165901508E+02  -.2114328077E+03
L4 -.3388754053E+02  0.1083059622E+05  0.1087596111E+05  0.1092459901E+05
L5 0.3263115633E+05  0.9677777661E+04  0.1098664889E+05  0.1293188936E+05
L6 0.3359631591E+05  -.3952623313E+06  0.3657328627E+05  -.5327669497E+06
L7 0.0000000000E+00  0.4762691955E+04  0.1282216594E+05  0.2017444826E+05
L8 0.5732554897E+04  0.5743947111E+05  0.0000000000E+00  0.0000000000E+00
L9 0.0000000000E+00  0.0000000000E+00  0.0000000000E+00  0.1045927256E+01  0.0000000000E+00
L0    72000  0.2540000000E+03  -.3117946040E+06  0.8352926303E+05
L1 0.3004841249E+03  0.3004841249E+03  -.3953238670E+12  0.1000000000E+01
L2 0.1000000000E+01  0.1196911545E+03  0.1196911545E+03  0.1196911545E+03
L3 0.1319969084E+07  -.3282651989E+02  -.3456763420E+02  0.1125915464E+03
L4 0.1506579743E+02  0.1089734823E+05  0.1090838297E+05  0.1098503985E+05
L5 0.3279077105E+05  0.1120919782E+05  0.1123677303E+05  0.9915428202E+04
L6 0.3236139905E+05  -.3953238670E+06  0.3681721871E+05  -.5332542226E+06
L7 0.0000000000E+00  0.4637657584E+04  0.1305953891E+05  0.2034391738E+05
L8 0.5745515951E+04  0.5732650709E+05  0.0000000000E+00  0.0000000000E+00
L9 0.0000000000E+00  0.0000000000E+00  0.0000000000E+00  0.1045247078E+01  0.0000000000E+00
L0    73000  0.2560000000E+03  -.3121869051E+06  0.8321527340E+05
L1 0.2993545939E+03  0.2993545939E+03  -.3954021785E+12  0.1000000000E+01
L2 0.1000000000E+01  0.1197404092E+03  0.1197404092E+03  0.1197404092E+03
L3 0.1321604776E+07  0.2132892227E+03  -.9147043430E+01  -.2979357148E+03
L4 -.3126451186E+02  0.1094134259E+05  0.1090512038E+05  0.1090528558E+05
L5 0.3275174855E+05  0.8912599322E+04  0.1099212432E+05  0.1373916095E+05
L6 0.3364388459E+05  -.3954021785E+06  0.3644697119E+05  -.5328382211E+06
L7 0.0000000000E+00  0.4737019862E+04  0.1293654008E+05  0.2023234951E+05
L8 0.5741366386E+04  0.5734179560E+05  0.0000000000E+00  0.0000000000E+00
L9 0.0000000000E+00  0.0000000000E+00  0.0000000000E+00  0.1043953421E+01  0.0000000000E+00
L0    74000  0.2580000000E+03  -.3118072293E+06  0.8354454991E+05
L1 0.3005391172E+03  0.3005391172E+03  -.3953517792E+12  0.1000000000E+01
L2 0.1000000000E+01  0.1197335430E+03  0.1197335430E+03  0.1197335430E+03
L3 0.1321364951E+07  0.7027218536E+02  -.4346593021E+02  0.1971968753E+03
L4 0.7466771014E+02  0.1096837754E+05  0.1088208022E+05  0.1083821851E+05
L5 0.3268867627E+05  0.1030009083E+05  0.1129544012E+05  0.8962881211E+04
L6 0.3055841216E+05  -.3953517792E+06  0.3685423671E+05  -.5332487274E+06
L7 0.0000000000E+00  0.4699394372E+04  0.1289953634E+05  0.2022945708E+05
L8 0.5761748851E+04  0.5745257477E+05  0.0000000000E+00  0.0000000000E+00
L9 0.0000000000E+00  0.0000000000E+00  0.0000000000E+00  0.1044142897E+01  0.0000000000E+00
L0    75000  0.2600000000E+03  -.3124770600E+06  0.8289636848E+05
L1 0.2982073807E+03  0.2982073807E+03  -.3953734285E+12  0.1000000000E+01
L2 0.1000000000E+01  0.1197362657E+03  0.1197362657E+03  0.1197362657E+03
L3 0.1321451941E+07  -.1252616643E+03  0.5286398359E+03  -.9912563012E+02
L4 0.1014175138E+03  0.1081098059E+05  0.1088357818E+05  0.1089118685E+05
L5 0.3258574562E+05  0.1200229427E+05  0.5855895733E+04  0.1183393115E+05
L6 0.2969212116E+05  -.3953734285E+06  0.3669366617E+05  -.5328462834E+06
L7 0.0000000000E+00  0.4713808461E+04  0.1296518956E+05  0.2013114622E+05
L8 0.5667730547E+04  0.5730131399E+05  0.0000000000E+00  0.0000000000E+00
L9 0.0000000000E+00  0.0000000000E+00  0.0000000000E+00  0.1044074162E+01  0.0000000000E+00
L0    76000  0.2620000000E+03  -.3121295487E+06  0.8329739697E+05
L1 0.2996500212E+03  0.2996500212E+03  -.3954269456E+12  0.1000000000E+01
L2 0.1000000000E+01  0.1197486454E+03  0.1197486454E+03  0.1197486454E+03
L3 0.1321885384E+07  -.1101777181E+03  -.8027370569E+02  -.1036738566E+03
L4 -.9804176013E+02  0.1102366875E+05  0.1097224901E+05  0.1080312284E+05
L5 0.3279904060E+05  0.1207186875E+05  0.1173595060E+05  0.1178944692E+05
L6 0.3559726626E+05  -.3954269456E+06  0.3649602617E+05  -.5328977396E+06
L7 0.0000000000E+00  0.4788470431E+04  0.1276678438E+05  0.2023592975E+05
L8 0.5720095866E+04  0.5746348740E+05  0.0000000000E+00  0.0000000000E+00
L9 0.0000000000E+00  0.0000000000E+00  0.0000000000E+00  0.1043731813E+01  0.0000000000E+00
L0    77000  0.2640000000E+03  -.3123736677E+06  0.8344699206E+05
L1 0.3001881674E+03  0.3001881674E+03  -.3958206598E+12  0.1000000000E+01
L2 0.1000000000E+01  0.1197367062E+03  0.1197367062E+03  0.1197367062E+03
L3 0.1321476539E+07  0.1076715556E+03  -.2819597972E+03  0.2237016635E+03
L4 0.1647114062E+02  0.1087522870E+05  0.1088709757E+05  0.1106232985E+05
L5 0.3282465612E+05  0.9851188452E+04  0.1356875456E+05  0.8934753026E+04
L6 0.3235469604E+05  -.3958206598E+06  0.3672756241E+05  -.5335744984E+06
L7 0.0000000000E+00  0.4765281644E+04  0.1292850536E+05  0.2016879779E+05
L8 0.5723205382E+04  0.5744048608E+05  0.0000000000E+00  0.0000000000E+00
L9 0.0000000000E+00  0.0000000000E+00  0.0000000000E+00  0.1044054728E+01  0.0000000000E+00
L0    78000  0.2660000000E+03  -.3114940933E+06  0.8366748842E+05
L1 0.3009813703E+03  0.3009813703E+03  -.3951615817E+12  0.1000000000E+01
L2 0.1000000000E+01  0.1197669525E+03  0.1197669525E+03  0.1197669525E+03
L3 0.1322490522E+07  -.1257347915E+03  -.1362411972E+03  -.1134867159E+01
L4 -.8770361861E+02  0.1094711741E+05  0.1096420348E+05  0.1095370231E+05
L5 0.3286502320E+05  0.1214387065E+05  0.1226095749E+05  0.1096450406E+05
L6 0.3536933221E+05  -.3951615817E+06  0.3639393666E+05  -.5327847700E+06
L7 0.0000000000E+00  0.4753451813E+04  0.1301336116E+05  0.2028979333E+05
L8 0.5773721794E+04  0.5739892357E+05  0.0000000000E+00  0.0000000000E+00
L9 0.0000000000E+00  0.0000000000E+00  0.0000000000E+00  0.1043254227E+01  0.0000000000E+00
L0    79000  0.2680000000E+03  -.3122126468E+06  0.8330052534E+05
L1 0.2996612751E+03  0.2996612751E+03  -.3955131721E+12  0.1000000000E+01
L2 0.1000000000E+01  0.1197282121E+03  0.1197282121E+03  0.1197282121E+03
L3 0.1321210722E+07  -.1279546456E+03  -.5929347724E+02  -.1552982977E+03
L4 -.1141821402E+03  0.1092384964E+05  0.1092452181E+05  0.1087985995E+05
L5 0.3272823140E+05  0.1214055306E+05  0.1148833547E+05  0.1235657045E+05
L6 0.3598545898E+05  -.3955131721E+06  0.3624679328E+05  -.5328130402E+06
L7 0.0000000000E+00  0.4783753524E+04  0.1291953522E+05  0.2020996465E+05
L8 0.5722610801E+04  0.5741721055E+05  0.0000000000E+00  0.0000000000E+00
L9 0.0000000000E+00  0.0000000000E+00  0.0000000000E+00  0.1044264783E+01  0.0000000000E+00
L0    80000  0.2700000000E+03  -.3120542387E+06  0.8344168752E+05
L1 0.3001690850E+03  0.3001690850E+03  -.3954959263E+12  0.1000000000E+01
L2 0.1000000000E+01  0.1197504479E+03  0.1197504479E+03  0.1197504479E+03
L3 0.1321924957E+07  0.2602034672E+03  -.1863796792E+03  0.1438960338E+03
L4 0.7257327394E+02  0.1086999578E+05  0.1100681601E+05  0.1081293782E+05
L5 0.3268974961E+05  0.8394418657E+04  0.1278003323E+05  0.9443910219E+04
L6 0.3061836211E+05  -.3954959263E+06  0.3690107064E+05  -.5336558317E+06
L7 0.0000000000E+00  0.4763402818E+04  0.1304041426E+05  0.2026151567E+05
L8 0.5789662603E+04  0.5740383950E+05  0.0000000000E+00  0.0000000000E+00
L9 0.0000000000E+00  0.0000000000E+00  0.0000000000E+00  0.1043700568E+01  0.0000000000E+00
L0    81000  0.2720000000E+03  -.3123616037E+06  0.8328242107E+05
L1 0.2995961476E+03  0.2995961476E+03  -.3956440248E+12  0.1000000000E+01
L2 0.1000000000E+01  0.1197599214E+03  0.1197599214E+03  0.1197599214E+03
L3 0.1322261201E+07  -.2026149151E+02  -.1595495121E+03  -.1743618925E+03
L4 -.1180576321E+03  0.1103012180E+05  0.1087408199E+05  0.1089101838E+05
L5 0.3279522217E+05  0.1122293877E+05  0.1239242297E+05  0.1255032028E+05
L6 0.3616568202E+05  -.3956440248E+06  0.3638661041E+05  -.5331973423E+06
L7 0.0000000000E+00  0.4706833405E+04  0.1304078719E+05  0.2021259833E+05
L8 0.5736965340E+04  0.5746952278E+05  0.0000000000E+00  0.0000000000E+00
L9 0.0000000000E+00  0.0000000000E+00  0.0000000000E+00  0.1043435160E+01  0.0000000000E+00
L0    82000  0.2740000000E+03  -.3122803180E+06  0.8319962919E+05
L1 0.2992983162E+03  0.2992983162E+03  -.3954799472E+12  0.1000000000E+01
L2 0.1000000000E+01  0.1197682986E+03  0.1197682986E+03  0.1197682986E+03
L3 0.1322521568E+07  0.1022117455E+02  -.1436085185E+03  0.2148299874E+03
L4 0.2714754781E+02  0.1083667288E+05  0.1087672826E+05  0.1088245480E+05
L5 0.3259585594E+05  0.1073938469E+05  0.1224363708E+05  0.8837638745E+04
L6 0.3182066051E+05  -.3954799472E+06  0.3674053538E+05  -.5334125676E+06
L7 0.0000000000E+00  0.4798754660E+04  0.1298231957E+05  0.2030785728E+05
L8 0.5740582108E+04  0.5736257135E+05  0.0000000000E+00  0.0000000000E+00
L9 0.0000000000E+00  0.0000000000E+00  0.0000000000E+00  0.1043229737E+01  0.0000000000E+00
L0    83000  0.2760000000E+03  -.3127883617E+06  0.8303055872E+05
L1 0.2986901102E+03  0.2986901102E+03  -.3958189204E+12  0.1000000000E+01
L2 0.1000000000E+01  0.1197490017E+03  0.1197490017E+03  0.1197490017E+03
L3 0.1321891538E+07  -.2075590236E+02  -.9327304341E+02  -.3652036834E+02
L4 -.5018310470E+02  0.1091652485E+05  0.1075590560E+05  0.1102215901E+05
L5 0.3269458946E+05  0.1111399162E+05  0.1164328338E+05  0.1136960520E+05
L6 0.3412688020E+05  -.3958189204E+06  0.3661895396E+05  -.5334962586E+06
L7 0.0000000000E+00  0.4802199989E+04  0.1273444624E+05  0.2032981536E+05
L8 0.5781100147E+04  0.5741082243E+05  0.0000000000E+00  0.0000000000E+00
L9 0.0000000000E+00  0.0000000000E+00  0.0000000000E+00  0.1043726954E+01  0.0000000000E+00
L0    84000  0.2780000000E+03  -.3121307855E+06  0.8311870861E+05
L1 0.2990072164E+03  0.2990072164E+03  -.3952494941E+12  0.1000000000E+01
L2 0.1000000000E+01  0.1197551966E+03  0.1197551966E+03  0.1197551966E+03
L3 0.1322097061E+07  0.1289781522E+03  -.3142150906E+03  0.2558936455E+02
L4 -.5321585794E+02  0.1083421670E+05  0.1103927725E+05  0.1097838674E+05
L5 0.3285188070E+05  0.9606958142E+04  0.1402911044E+05  0.1073489770E+05
L6 0.3437096628E+05  -.3952494941E+06  0.3627465787E+05  -.5325533017E+06
L7 0.0000000000E+00  0.4699349657E+04  0.1299693785E+05  0.2023209717E+05
L8 0.5709173222E+04  0.5739159180E+05  0.0000000000E+00  0.0000000000E+00
L9 0.0000000000E+00  0.0000000000E+00  0.0000000000E+00  0.1043564704E+01  0.0000000000E+00
L0    85000  0.2800000000E+03  -.3117576244E+06  0.8340159032E+05
L1 0.3000248413E+03  0.3000248413E+03  -.3951592147E+12  0.1000000000E+01
L2 0.1000000000E+01  0.1196870345E+03  0.1196870345E+03  0.1196870345E+03
L3 0.1319841752E+07  -.1582841493E+02  0.1862835635E+02  -.1862793639E+03
L4 -.6115980749E+02  0.1090773611E+05  0.1096106032E+05  0.1087051157E+05
L5 0.3273930800E+05  0.1105809042E+05  0.1078410934E+05  0.1263998151E+05
L6 0.3448218126E+05  -.3951592147E+06  0.3656952312E+05  -.5328916406E+06
L7 0.0000000000E+00  0.4729342715E+04  0.1297976624E+05  0.2027782578E+05
L8 0.5771053681E+04  0.5740491438E+05  0.0000000000E+00  0.0000000000E+00
L9 0.0000000000E+00  0.0000000000E+00  0.0000000000E+00  0.1045347918E+01  0.0000000000E+00
L0    86000  0.2820000000E+03  -.3120344835E+06  0.8331306534E+05
L1 0.2997063858E+03  0.2997063858E+03  -.3953475488E+12  0.1000000000E+01
L2 0.1000000000E+01  0.1197286269E+03  0.1197286269E+03  0.1197286269E+03
L3 0.1321215722E+07  -.1267466414E+03  0.2051767459E+03  -.1987232370E+03
L4 -.4009771085E+02  0.1081760696E+05  0.1091692932E+05  0.1085314821E+05
L5 0.3258768450E+05  0.1202282819E+05  0.8965924019E+04  0.1274278774E+05
L6 0.3373153995E+05  -.3953475488E+06  0.3630182420E+05  -.5326743482E+06
L7 0.0000000000E+00  0.4754486433E+04  0.1302201491E+05  0.2017346428E+05
L8 0.5730736550E+04  0.5734427303E+05  0.0000000000E+00  0.0000000000E+00
L9 0.0000000000E+00  0.0000000000E+00  0.0000000000E+00  0.1044260831E+01  0.0000000000E+00
L0    87000  0.2840000000E+03  -.3114401747E+06  0.8353651412E+05
L1 0.3005102097E+03  0.3005102097E+03  -.3949766888E+12  0.1000000000E+01
L2 0.1000000000E+01  0.1197882339E+03  0.1197882339E+03  0.1197882339E+03
L3 0.1323174613E+07  -.5109947517E+02  0.1862501191E+03  0.1359219492E+03
L4 0.9035753106E+02  0.1093128662E+05  0.1080379713E+05  0.1091806280E+05
L5 0.3265314655E+05  0.1141790688E+05  0.9030137425E+04  0.9623678213E+04
L6 0.3007172251E+05  -.3949766888E+06  0.3705805266E+05  -.5327732317E+06
L7 0.0000000000E+00  0.4626175497E+04  0.1296782605E+05  0.2019239581E+05
L8 0.5697391717E+04  0.5725470121E+05  0.0000000000E+00  0.0000000000E+00
L9 0.0000000000E+00  0.0000000000E+00  0.0000000000E+00  0.1042714857E+01  0.0000000000E+00
L0    88000  0.2860000000E+03  -.3116386670E+06  0.8357733325E+05
L1 0.3006570504E+03  0.3006570504E+03  -.3952160002E+12  0.1000000000E+01
L2 0.1000000000E+01  0.1197473605E+03  0.1197473605E+03  0.1197473605E+03
L3 0.1321827939E+07  -.3972970810E+02  0.2092971158E+03  -.8474888550E+02
L4 0.2827284073E+02  0.1100838396E+05  0.1096789946E+05  0.1101283145E+05
L5 0.3298911487E+05  0.1138634487E+05  0.8976791763E+04  0.1181907361E+05
L6 0.3218221024E+05  -.3952160002E+06  0.3706839170E+05  -.5332527031E+06
L7 0.0000000000E+00  0.4748227333E+04  0.1307049443E+05  0.2017329308E+05
L8 0.5725412062E+04  0.5725088426E+05  0.0000000000E+00  0.0000000000E+00
L9 0.0000000000E+00  0.0000000000E+00  0.0000000000E+00  0.1043777172E+01  0.0000000000E+00
L0    89000  0.2880000000E+03  -.3112429468E+06  0.8358077876E+05
L1 0.3006694451E+03  0.3006694451E+03  -.3948237256E+12  0.1000000000E+01
L2 0.1000000000E+01  0.1197672186E+03  0.1197672186E+03  0.1197672186E+03
L3 0.1322483288E+07  0.1188223017E+03  -.9457757074E+02  0.1208143328E+03
L4 0.4835302124E+02  0.1092867237E+05  0.1088745173E+05  0.1082970142E+05
L5 0.3264582552E+05  0.9797718907E+04  0.1178764327E+05  0.9679787765E+04
L6 0.3126514994E+05  -.3948237256E+06  0.3705100482E+05  -.5331232375E+06
L7 0.0000000000E+00  0.4715044204E+04  0.1301960677E+05  0.2023014281E+05
L8 0.5761609437E+04  0.5752210387E+05  0.0000000000E+00  0.0000000000E+00
L9 0.0000000000E+00  0.0000000000E+00  0.0000000000E+00  0.1043259934E+01  0.0000000000E+00
L0    90000  0.2900000000E+03  -.3119969924E+06  0.8362762304E+05
L1 0.3008379605E+03  0.3008379605E+03  -.3956246155E+12  0.1000000000E+01
L2 0.1000000000E+01  0.1197937692E+03  0.1197937692E+03  0.1197937692E+03
L3 0.1323383983E+07  -.2604912022E+03  0.1255888698E+03  -.2531418743E+03
L4 -.1293480689E+03  0.1085343300E+05  0.1091448976E+05  0.1099393023E+05
L5 0.3276185298E+05  0.1333448299E+05  0.9718317828E+04  0.1340498150E+05
L6 0.3645778231E+05  -.3956246155E+06  0.3679505512E+05  -.5335524664E+06
L7 0.0000000000E+00  0.4752319107E+04  0.1294581070E+05  0.2015381817E+05
L8 0.5791653929E+04  0.5748919386E+05  0.0000000000E+00  0.0000000000E+00
L9 0.0000000000E+00  0.0000000000E+00  0.0000000000E+00  0.1042549891E+01  0.0000000000E+00
L0    91000  0.2920000000E+03  -.3115513490E+06  0.8348073654E+05
L1 0.3003095581E+03  0.3003095581E+03  -.3950320856E+12  0.1000000000E+01
L2 0.1000000000E+01  0.1197427570E+03  0.1197427570E+03  0.1197427570E+03
L3 0.1321671654E+07  0.2392371162E+03  -.1634878789E+03  0.1068513776E+03
L4 0.6086687162E+02  0.1090964944E+05  0.1104383936E+05  0.1084370488E+05
L5 0.3279719368E+05  0.8633982421E+04  0.1259896583E+05  0.9827315120E+04
L6 0.3106026338E+05  -.3950320856E+06  0.3711978401E+05  -.5333392315E+06
L7 0.0000000000E+00  0.4700602443E+04  0.1300741325E+05  0.2027760170E+05
L8 0.5811233916E+04  0.5739051066E+05  0.0000000000E+00  0.0000000000E+00
L9 0.0000000000E+00  0.0000000000E+00  0.0000000000E+00  0.1043900596E+01  0.0000000000E+00
L0    92000  0.2940000000E+03  -.3119965528E+06  0.8314626595E+05
L1 0.2991063498E+03  0.2991063498E+03  -.3951428187E+12  0.1000000000E+01
L2 0.1000000000E+01  0.1197456851E+03  0.1197456851E+03  0.1197456851E+03
L3 0.1321774425E+07  0.1992098838E+03  -.8615221068E+01  -.1557939330E+03
L4 0.1160024326E+02  0.1086061719E+05  0.1084058049E+05  0.1098491469E+05
L5 0.3268611237E+05  0.8965549152E+04  0.1092253641E+05  0.1246697018E+05
L6 0.3235505575E+05  -.3951428187E+06  0.3668671149E+05  -.5328141376E+06
L7 0.0000000000E+00  0.4708982450E+04  0.1290849925E+05  0.2025967969E+05
L8 0.5739599715E+04  0.5736784628E+05  0.0000000000E+00  0.0000000000E+00
L9 0.0000000000E+00  0.0000000000E+00  0.0000000000E+00  0.1043819431E+01  0.0000000000E+00
L0    93000  0.2960000000E+03  -.3117062789E+06  0.8328649971E+05
L1 0.2996108199E+03  0.2996108199E+03  -.3949927786E+12  0.1000000000E+01
L2 0.1000000000E+01  0.1197576336E+03  0.1197576336E+03  0.1197576336E+03
L3 0.1322158454E+07  -.1149359788E+03  0.2179689736E+03  0.2287880176E+03
L4 0.1106070041E+03  0.1084445612E+05  0.1094123536E+05  0.1092382351E+05
L5 0.3270951499E+05  0.1193815076E+05  0.8867111125E+04  0.8746748655E+04
L6 0.2955201054E+05  -.3949927786E+06  0.3625030672E+05  -.5323814720E+06
L7 0.0000000000E+00  0.4713740255E+04  0.1303471445E+05  0.2017166825E+05
L8 0.5734919172E+04  0.5748334454E+05  0.0000000000E+00  0.0000000000E+00
L9 0.0000000000E+00  0.0000000000E+00  0.0000000000E+00  0.1043516247E+01  0.0000000000E+00
L0    94000  0.2980000000E+03  -.3110414237E+06  0.8367404259E+05
L1 0.3010049479E+03  0.3010049479E+03  -.3947154663E+12  0.1000000000E+01
L2 0.1000000000E+01  0.1197553977E+03  0.1197553977E+03  0.1197553977E+03
L3 0.1322098367E+07  -.7096276988E+01  -.1458297497E+03  0.1294895757E+03
L4 -.7812150332E+01  0.1089666821E+05  0.1100785261E+05  0.1081684675E+05
L5 0.3272136757E+05  0.1096419109E+05  0.1239545960E+05  0.9584720653E+04
L6 0.3294437134E+05  -.3947154663E+06  0.3687203967E+05  -.5328111209E+06
L7 0.0000000000E+00  0.4825405161E+04  0.1299829376E+05  0.2032456187E+05
L8 0.5731439165E+04  0.5734391493E+05  0.0000000000E+00  0.0000000000E+00
L9 0.0000000000E+00  0.0000000000E+00  0.0000000000E+00  0.1043563673E+01  0.0000000000E+00
L0    95000  0.3000000000E+03  -.3117458896E+06  0.8350614744E+05
L1 0.3004009700E+03  0.3004009700E+03  -.3952520370E+12  0.1000000000E+01
L2 0.1000000000E+01  0.1197351603E+03  0.1197351603E+03  0.1197351603E+03
L3 0.1321426424E+07  0.1410098807E+03  -.1685175000E+03  0.4974758824E+02
L4 0.7413322995E+01  0.1076186200E+05  0.1097749778E+05  0.1095040410E+05
L5 0.3268976388E+05  0.9420799207E+04  0.1258016951E+05  0.1047728378E+05
L6 0.3247825249E+05  -.3952520370E+06  0.3689278492E+05  -.5331190364E+06
L7 0.0000000000E+00  0.4753407652E+04  0.1282667341E+05  0.2023141428E+05
L8 0.5771625828E+04  0.5739109328E+05  0.0000000000E+00  0.0000000000E+00
L9 0.0000000000E+00  0.0000000000E+00  0.0000000000E+00  0.1044094323E+01  0.0000000000E+00
L0    96000  0.3020000000E+03  -.3120685739E+06  0.8355076760E+05
L1 0.3005614845E+03  0.3005614845E+03  -.3956193415E+12  0.1000000000E+01
L2 0.1000000000E+01  0.1197400288E+03  0.1197400288E+03  0.1197400288E+03
L3 0.1321594227E+07  0.5176440465E+01  -.1390412559E+03  -.1202924220E+02
L4 -.4863135254E+02  0.1095607346E+05  0.1095016680E+05  0.1108490848E+05
L5 0.3299114874E+05  0.1090683710E+05  0.1227267506E+05  0.1119932612E+05
L6 0.3437883828E+05  -.3956193415E+06  0.3645802261E+05  -.5331197567E+06
L7 0.0000000000E+00  0.4699433406E+04  0.1296875767E+05  0.2025502943E+05
L8 0.5769490916E+04  0.5734968113E+05  0.0000000000E+00  0.0000000000E+00
L9 0.0000000000E+00  0.0000000000E+00  0.0000000000E+00  0.1043961754E+01  0.0000000000E+00
L0    97000  0.3040000000E+03  -.3118315724E+06  0.8314398836E+05
L1 0.2990981565E+03  0.2990981565E+03  -.3949755608E+12  0.1000000000E+01
L2 0.1000000000E+01  0.1197472563E+03  0.1197472563E+03  0.1197472563E+03
L3 0.1321825585E+07  0.1042065931E-01  0.8314487972E+02  -.2622032225E+02
L4 0.1897832604E+02  0.1078723800E+05  0.1089831602E+05  0.1092483015E+05
L5 0.3261038416E+05  0.1078713886E+05  0.1010733467E+05  0.1117427167E+05
L6 0.3206874521E+05  -.3949755608E+06  0.3683100919E+05  -.5330273080E+06
L7 0.0000000000E+00  0.4738663917E+04  0.1302136373E+05  0.2023838024E+05
L8 0.5754508083E+04  0.5746782212E+05  0.0000000000E+00  0.0000000000E+00
L9 0.0000000000E+00  0.0000000000E+00  0.0000000000E+00  0.1043779031E+01  0.0000000000E+00
L0    98000  0.3060000000E+03  -.3115550860E+06  0.8379905122E+05
L1 0.3014546479E+03  0.3014546479E+03  -.3953541372E+12  0.1000000000E+01
L2 0.1000000000E+01  0.1197426712E+03  0.1197426712E+03  0.1197426712E+03
L3 0.1321659301E+07  -.6267141532E+02  0.3809707271E+03  0.1063654261E+03
L4 0.1415549126E+03  0.1090168262E+05  0.1103634160E+05  0.1100837532E+05
L5 0.3294639954E+05  0.1149781896E+05  0.7412512540E+04  0.9996617474E+04
L6 0.2890694898E+05  -.3953541372E+06  0.3681112757E+05  -.5331801704E+06
L7 0.0000000000E+00  0.4741569294E+04  0.1295110521E+05  0.2024147267E+05
L8 0.5754708852E+04  0.5732604958E+05  0.0000000000E+00  0.0000000000E+00
L9 0.0000000000E+00  0.0000000000E+00  0.0000000000E+00  0.1043910353E+01  0.0000000000E+00
L0    99000  0.3080000000E+03  -.3112384283E+06  0.8360261058E+05
L1 0.3007479819E+03  0.3007479819E+03  -.3948410388E+12  0.1000000000E+01
L2 0.1000000000E+01  0.1197710731E+03  0.1197710731E+03  0.1197710731E+03
L3 0.1322609683E+07  0.1715711497E+02  0.9138258416E+02  0.6950082995E+02
L4 0.5934684303E+02  0.1092796280E+05  0.1093054665E+05  0.1096093049E+05
L5 0.3281943993E+05  0.1076464536E+05  0.1006068194E+05  0.1029935673E+05
L6 0.3112468403E+05  -.3948410388E+06  0.3636725688E+05  -.5324895501E+06
L7 0.0000000000E+00  0.4732798523E+04  0.1299704062E+05  0.2019295968E+05
L8 0.5793380548E+04  0.5756507501E+05  0.0000000000E+00  0.0000000000E+00
L9 0.0000000000E+00  0.0000000000E+00  0.0000000000E+00  0.1043160236E+01  0.0000000000E+00
L0   100000  0.3100000000E+03  -.3122284145E+06  0.8355698965E+05
L1 0.3005838673E+03  0.3005838673E+03  -.3957854042E+12  0.1000000000E+01
L2 0.1000000000E+01  0.1197332681E+03  0.1197332681E+03  0.1197332681E+03
L3 0.1321368652E+07  -.4608198223E+02  -.9082030357E+02  0.3506033502E+02
L4 -.3394731692E+02  0.1083204171E+05  0.1094995224E+05  0.1103896227E+05
L5 0.3282095622E+05  0.1127028143E+05  0.1181365345E+05  0.1070553844E+05
L6 0.3378947332E+05  -.3957854042E+06  0.3660109262E+05  -.5332928834E+06
L7 0.0000000000E+00  0.4728878203E+04  0.1294444018E+05  0.2019390852E+05
L8 0.5731273701E+04  0.5730788598E+05  0.0000000000E+00  0.0000000000E+00
L9 0.0000000000E+00  0.0000000000E+00  0.0000000000E+00  0.1044139973E+01  0.0000000000E+00
