L0  Nsteps           time(ps)         Etot             EKinetic        
L1  Temp             T_solute         T_solv           Pres_scal_solu  
L2  Pres_scal_solv   BoxX             BoxY             BoxZ            
L3  volume           pres_X           pres_Y           pres_Z          
L4  Pressure         EKCoM_x          EKCoM_y          EKCoM_z         
L5  EKComTot         VIRIAL_x         VIRIAL_y         VIRIAL_z        
L6  VIRIAL_tot       E_pot            E_vdw            E_el            
L7  E_hbon           E_bon            E_angle          E_dih           
L8  E_14vdw          E_14el           E_const          E_pol           
L9  AV_permMoment    AV_indMoment     AV_totMoment     Density          dV/dlambda      
L0     1000  0.1120000000E+03  -.3000703323E+06  0.8124043369E+05
L1 0.3014810173E+03  0.3014810173E+03  -.3813107660E+12  0.1000000000E+01
L2 0.1000000000E+01  0.1185743686E+03  0.1185743686E+03  0.1185743686E+03
L3 0.1283367726E+07  0.2529541844E+02  0.4148584690E+01  -.6641571575E+02
L4 -.1232390421E+02  0.1051218196E+05  0.1052647181E+05  0.1057378399E+05
L5 0.3161243776E+05  0.1027854069E+05  0.1048815338E+05  0.1118723311E+05
L6 0.3195392719E+05  -.3813107660E+06  0.3514224378E+05  -.5184282780E+06
L7 0.0000000000E+00  0.4777206483E+04  0.1315490364E+05  0.2028774914E+05
L8 0.5807946292E+04  0.5794746265E+05  0.0000000000E+00  0.0000000000E+00
L9 0.0000000000E+00  0.0000000000E+00  0.0000000000E+00  0.1041820770E+01  0.0000000000E+00
L0     2000  0.1140000000E+03  -.3003923792E+06  0.8065917329E+05
L1 0.2993239759E+03  0.2993239759E+03  -.3810515524E+12  0.1000000000E+01
L2 0.1000000000E+01  0.1185286197E+03  0.1185286197E+03  0.1185286197E+03
L3 0.1281896138E+07  -.1997090555E+03  0.1738342775E+03  -.3600599718E+03
L4 -.1286449166E+03  0.1045535320E+05  0.1047057586E+05  0.1040216066E+05
L5 0.3132808972E+05  0.1229785185E+05  0.8866795697E+04  0.1372404313E+05
L6 0.3488869067E+05  -.3810515524E+06  0.3465200781E+05  -.5174411158E+06
L7 0.0000000000E+00  0.4685653987E+04  0.1318933580E+05  0.2027765682E+05
L8 0.5814489796E+04  0.5777041917E+05  0.0000000000E+00  0.0000000000E+00
L9 0.0000000000E+00  0.0000000000E+00  0.0000000000E+00  0.1043016757E+01  0.0000000000E+00
L0     3000  0.1160000000E+03  -.3004307204E+06  0.8061984479E+05
L1 0.2991780289E+03  0.2991780289E+03  -.3810505652E+12  0.1000000000E+01
L2 0.1000000000E+01  0.1184958377E+03  0.1184958377E+03  0.1184958377E+03
L3 0.1280836456E+07  -.1103080597E+03  -.3127734937E+03  -.5854645243E+02
L4 -.1605426686E+03  0.1046173565E+05  0.1036454427E+05  0.1036492270E+05
L5 0.3119120262E+05  0.1147858708E+05  0.1324778034E+05  0.1090462075E+05
L6 0.3563098817E+05  -.3810505652E+06  0.3471296818E+05  -.5176505213E+06
L7 0.0000000000E+00  0.4796781620E+04  0.1306001711E+05  0.2023585188E+05
L8 0.5794646838E+04  0.5799969048E+05  0.0000000000E+00  0.0000000000E+00
L9 0.0000000000E+00  0.0000000000E+00  0.0000000000E+00  0.1043879682E+01  0.0000000000E+00
L0     4000  0.1180000000E+03  -.3001695942E+06  0.8097466328E+05
L1 0.3004947506E+03  0.3004947506E+03  -.3811442574E+12  0.1000000000E+01
L2 0.1000000000E+01  0.1184812706E+03  0.1184812706E+03  0.1184812706E+03
L3 0.1280361956E+07  -.1909983507E+03  0.1318744588E+03  -.3650856956E+03
L4 -.1414031958E+03  0.1054367288E+05  0.1048670896E+05  0.1028112736E+05
L5 0.3131150921E+05  0.1230369838E+05  0.9271502605E+04  0.1364534558E+05
L6 0.3522054656E+05  -.3811442574E+06  0.3466528608E+05  -.5176329550E+06
L7 0.0000000000E+00  0.4736284252E+04  0.1308029192E+05  0.2032586892E+05
L8 0.5763134478E+04  0.5791783187E+05  0.0000000000E+00  0.0000000000E+00
L9 0.0000000000E+00  0.0000000000E+00  0.0000000000E+00  0.1044266542E+01  0.0000000000E+00
L0     5000  0.1200000000E+03  -.3004618589E+06  0.8070098107E+05
L1 0.2994791234E+03  0.2994791234E+03  -.3811628399E+12  0.1000000000E+01
L2 0.1000000000E+01  0.1184673157E+03  0.1184673157E+03  0.1184673157E+03
L3 0.1279895671E+07  -.3117914815E+03  0.1555162933E+03  0.9807091872E+02
L4 -.1940142318E+02  0.1041695808E+05  0.1051276961E+05  0.1048190514E+05
L5 0.3141163284E+05  0.1328903057E+05  0.9080228656E+04  0.9578523224E+04
L6 0.3194778245E+05  -.3811628399E+06  0.3460126390E+05  -.5174885314E+06
L7 0.0000000000E+00  0.4742531906E+04  0.1294428661E+05  0.2031934921E+05
L8 0.5761276462E+04  0.5795698341E+05  0.0000000000E+00  0.0000000000E+00
L9 0.0000000000E+00  0.0000000000E+00  0.0000000000E+00  0.1044646984E+01  0.0000000000E+00
L0     6000  0.1220000000E+03  -.3009617726E+06  0.8070745006E+05
L1 0.2995031297E+03  0.2995031297E+03  -.3816692227E+12  0.1000000000E+01
L2 0.1000000000E+01  0.1184890964E+03  0.1184890964E+03  0.1184890964E+03
L3 0.1280606136E+07  -.1481063691E+03  0.2144239699E+03  -.2398734106E+03
L4 -.5785193660E+02  0.1033436805E+05  0.1059528984E+05  0.1053813293E+05
L5 0.3146779082E+05  0.1169940967E+05  0.8619023423E+04  0.1274895743E+05
L6 0.3306739052E+05  -.3816692227E+06  0.3479789713E+05  -.5183501116E+06
L7 0.0000000000E+00  0.4767415491E+04  0.1305723159E+05  0.2034168578E+05
L8 0.5756585074E+04  0.5796007382E+05  0.0000000000E+00  0.0000000000E+00
L9 0.0000000000E+00  0.0000000000E+00  0.0000000000E+00  0.1044067427E+01  0.0000000000E+00
L0     7000  0.1240000000E+03  -.3000821914E+06  0.8125247433E+05
L1 0.3015256997E+03  0.3015256997E+03  -.3813346658E+12  0.1000000000E+01
L2 0.1000000000E+01  0.1185357425E+03  0.1185357425E+03  0.1185357425E+03
L3 0.1282120510E+07  -.1187885229E+03  -.9694188294E+02  0.6599494110E+01
L4 -.6971030393E+02  0.1048301390E+05  0.1054130185E+05  0.1049402178E+05
L5 0.3151833753E+05  0.1157913846E+05  0.1143583590E+05  0.1043312476E+05
L6 0.3344809912E+05  -.3813346658E+06  0.3520789076E+05  -.5185291252E+06
L7 0.0000000000E+00  0.4806601931E+04  0.1312945556E+05  0.2037205193E+05
L8 0.5781535340E+04  0.5789692390E+05  0.0000000000E+00  0.0000000000E+00
L9 0.0000000000E+00  0.0000000000E+00  0.0000000000E+00  0.1042834228E+01  0.0000000000E+00
L0     8000  0.1260000000E+03  -.3007623902E+06  0.8047616901E+05
L1 0.2986448520E+03  0.2986448520E+03  -.3812385592E+12  0.1000000000E+01
L2 0.1000000000E+01  0.1185193477E+03  0.1185193477E+03  0.1185193477E+03
L3 0.1281578059E+07  0.9640578220E+02  0.1593956014E+03  -.1885664953E+03
L4 0.2241162946E+02  0.1042603783E+05  0.1053021618E+05  0.1044512020E+05
L5 0.3140137422E+05  0.9536827036E+04  0.9060010909E+04  0.1218438687E+05
L6 0.3078122481E+05  -.3812385592E+06  0.3507971498E+05  -.5180615439E+06
L7 0.0000000000E+00  0.4768329779E+04  0.1284479884E+05  0.2032271135E+05
L8 0.5743893566E+04  0.5806353611E+05  0.0000000000E+00  0.0000000000E+00
L9 0.0000000000E+00  0.0000000000E+00  0.0000000000E+00  0.1043275627E+01  0.0000000000E+00
L0     9000  0.1280000000E+03  -.3004482315E+06  0.8076452332E+05
L1 0.2997149269E+03  0.2997149269E+03  -.3812127548E+12  0.1000000000E+01
L2 0.1000000000E+01  0.1184596343E+03  0.1184596343E+03  0.1184596343E+03
L3 0.1279669243E+07  -.4338362614E+03  0.5110831849E+02  -.2673701807E+03
L4 -.2166993745E+03  0.1036576871E+05  0.1047809347E+05  0.1036888426E+05
L5 0.3121274644E+05  0.1436135174E+05  0.1000739162E+05  0.1283133347E+05
L6 0.3720007683E+05  -.3812127548E+06  0.3427818133E+05  -.5173478778E+06
L7 0.0000000000E+00  0.4779886334E+04  0.1300256355E+05  0.2022792060E+05
L8 0.5764391491E+04  0.5808217964E+05  0.0000000000E+00  0.0000000000E+00
L9 0.0000000000E+00  0.0000000000E+00  0.0000000000E+00  0.1044831827E+01  0.0000000000E+00
L0    10000  0.1300000000E+03  -.3000794217E+06  0.8075173559E+05
L1 0.2996674721E+03  0.2996674721E+03  -.3808311573E+12  0.1000000000E+01
L2 0.1000000000E+01  0.1184763001E+03  0.1184763001E+03  0.1184763001E+03
L3 0.1280173501E+07  0.2622390395E+03  0.7664094790E+02  -.4533130679E+02
L4 0.9784956022E+02  0.1048318259E+05  0.1038346254E+05  0.1061930422E+05
L5 0.3148594935E+05  0.8067038902E+04  0.9677329907E+04  0.1103696496E+05
L6 0.2878133377E+05  -.3808311573E+06  0.3449804188E+05  -.5170865311E+06
L7 0.0000000000E+00  0.4792967363E+04  0.1290159861E+05  0.2032179653E+05
L8 0.5747243516E+04  0.5799372584E+05  0.0000000000E+00  0.0000000000E+00
L9 0.0000000000E+00  0.0000000000E+00  0.0000000000E+00  0.1044420270E+01  0.0000000000E+00
L0    11000  0.1320000000E+03  -.3006395538E+06  0.8087596204E+05
L1 0.3001284730E+03  0.3001284730E+03  -.3815155158E+12  0.1000000000E+01
L2 0.1000000000E+01  0.1184321844E+03  0.1184321844E+03  0.1184321844E+03
L3 0.1278759526E+07  0.1907177434E+03  0.1233506063E+03  -.4293372070E+03
L4 -.3842295244E+02  0.1055160662E+05  0.1044008548E+05  0.1052997632E+05
L5 0.3152166842E+05  0.8796366400E+04  0.9304847926E+04  0.1448131257E+05
L6 0.3258252689E+05  -.3815155158E+06  0.3493800250E+05  -.5181630426E+06
L7 0.0000000000E+00  0.4698754667E+04  0.1309102274E+05  0.2029976743E+05
L8 0.5754229324E+04  0.5786575013E+05  0.0000000000E+00  0.0000000000E+00
L9 0.0000000000E+00  0.0000000000E+00  0.0000000000E+00  0.1045575126E+01  0.0000000000E+00
L0    12000  0.1340000000E+03  -.3010649022E+06  0.8057671059E+05
L1 0.2990179591E+03  0.2990179591E+03  -.3816416128E+12  0.1000000000E+01
L2 0.1000000000E+01  0.1184536364E+03  0.1184536364E+03  0.1184536364E+03
L3 0.1279472427E+07  -.4524203370E+03  0.1820274448E+02  -.1515273261E+03
L4 -.1952483062E+03  0.1054551309E+05  0.1044483418E+05  0.1043993513E+05
L5 0.3143028239E+05  0.1471161251E+05  0.1027721474E+05  0.1183527007E+05
L6 0.3682409732E+05  -.3816416128E+06  0.3480270222E+05  -.5182289254E+06
L7 0.0000000000E+00  0.4795838465E+04  0.1304753373E+05  0.2029108866E+05
L8 0.5755180927E+04  0.5789496861E+05  0.0000000000E+00  0.0000000000E+00
L9 0.0000000000E+00  0.0000000000E+00  0.0000000000E+00  0.1044992549E+01  0.0000000000E+00
L0    13000  0.1360000000E+03  -.3008636925E+06  0.8083369409E+05
L1 0.2999716178E+03  0.2999716178E+03  -.3816973866E+12  0.1000000000E+01
L2 0.1000000000E+01  0.1184524565E+03  0.1184524565E+03  0.1184524565E+03
L3 0.1279406912E+07  0.1100923561E+03  -.9009250310E+02  0.1113497450E+03
L4 0.4378319931E+02  0.1038265011E+05  0.1044807613E+05  0.1041609234E+05
L5 0.3124681858E+05  0.9368919783E+04  0.1127764782E+05  0.9390783980E+04
L6 0.3003735158E+05  -.3816973866E+06  0.3499343999E+05  -.5185835607E+06
L7 0.0000000000E+00  0.4723012208E+04  0.1306654947E+05  0.2037072366E+05
L8 0.5748550402E+04  0.5798389842E+05  0.0000000000E+00  0.0000000000E+00
L9 0.0000000000E+00  0.0000000000E+00  0.0000000000E+00  0.1045046060E+01  0.0000000000E+00
L0    14000  0.1380000000E+03  -.3005404131E+06  0.8110493069E+05
L1 0.3009781694E+03  0.3009781694E+03  -.3816453438E+12  0.1000000000E+01
L2 0.1000000000E+01  0.1184982077E+03  0.1184982077E+03  0.1184982077E+03
L3 0.1280913016E+07  -.7483555944E+02  -.9092475474E+02  -.3081793700E+03
L4 -.1579798947E+03  0.1047111623E+05  0.1049752357E+05  0.1060476415E+05
L5 0.3157340395E+05  0.1116101318E+05  0.1133574423E+05  0.1344582007E+05
L6 0.3594257747E+05  -.3816453438E+06  0.3539355602E+05  -.5188936275E+06
L7 0.0000000000E+00  0.4743872581E+04  0.1301684526E+05  0.2031537671E+05
L8 0.5749462536E+04  0.5802917054E+05  0.0000000000E+00  0.0000000000E+00
L9 0.0000000000E+00  0.0000000000E+00  0.0000000000E+00  0.1043817290E+01  0.0000000000E+00
L0    15000  0.1400000000E+03  -.3007623550E+06  0.8048723435E+05
L1 0.2986859152E+03  0.2986859152E+03  -.3812495894E+12  0.1000000000E+01
L2 0.1000000000E+01  0.1184648118E+03  0.1184648118E+03  0.1184648118E+03
L3 0.1279805131E+07  0.2455258445E+03  -.1966458588E+02  -.3737381072E+02
L4 0.6282914932E+02  0.1036475691E+05  0.1042486580E+05  0.1037258137E+05
L5 0.3116220408E+05  0.8103251454E+04  0.1060599365E+05  0.1071682650E+05
L6 0.2942607161E+05  -.3812495894E+06  0.3492718542E+05  -.5179282844E+06
L7 0.0000000000E+00  0.4746996568E+04  0.1294622320E+05  0.2031875478E+05
L8 0.5821656938E+04  0.5791787811E+05  0.0000000000E+00  0.0000000000E+00
L9 0.0000000000E+00  0.0000000000E+00  0.0000000000E+00  0.1044720888E+01  0.0000000000E+00
L0    16000  0.1420000000E+03  -.3011937382E+06  0.8055515892E+05
L1 0.2989379814E+03  0.2989379814E+03  -.3817488972E+12  0.1000000000E+01
L2 0.1000000000E+01  0.1184305655E+03  0.1184305655E+03  0.1184305655E+03
L3 0.1278702557E+07  -.1943899345E+03  0.1921448559E+03  0.6091295701E+01
L4 0.1282072357E+01  0.1033763178E+05  0.1056739110E+05  0.1048566431E+05
L5 0.3139068719E+05  0.1212658872E+05  0.8799095463E+04  0.1042960654E+05
L6 0.3135529073E+05  -.3817488972E+06  0.3488616149E+05  -.5182536418E+06
L7 0.0000000000E+00  0.4783508602E+04  0.1299122816E+05  0.2024632026E+05
L8 0.5725294376E+04  0.5787223171E+05  0.0000000000E+00  0.0000000000E+00
L9 0.0000000000E+00  0.0000000000E+00  0.0000000000E+00  0.1045621709E+01  0.0000000000E+00
L0    17000  0.1440000000E+03  -.3009025434E+06  0.8044997383E+05
L1 0.2985476425E+03  0.2985476425E+03  -.3813525173E+12  0.1000000000E+01
L2 0.1000000000E+01  0.1184453541E+03  0.1184453541E+03  0.1184453541E+03
L3 0.1279178663E+07  0.8908245144E+02  -.1454030182E+03  0.1383783808E+03
L4 0.2735260467E+02  0.1032930658E+05  0.1037597814E+05  0.1050520521E+05
L5 0.3121048994E+05  0.9509181776E+04  0.1171461016E+05  0.9231244512E+04
L6 0.3045503645E+05  -.3813525173E+06  0.3465958923E+05  -.5176401633E+06
L7 0.0000000000E+00  0.4675675724E+04  0.1295166849E+05  0.2030654580E+05
L8 0.5793942991E+04  0.5790022383E+05  0.0000000000E+00  0.0000000000E+00
L9 0.0000000000E+00  0.0000000000E+00  0.0000000000E+00  0.1045232532E+01  0.0000000000E+00
L0    18000  0.1460000000E+03  -.3004872925E+06  0.8105296897E+05
L1 0.3007853408E+03  0.3007853408E+03  -.3815402614E+12  0.1000000000E+01
L2 0.1000000000E+01  0.1185252447E+03  0.1185252447E+03  0.1185252447E+03
L3 0.1281772591E+07  0.1959508972E+03  0.1250724462E+01  -.2145733040E+03
L4 -.5790560798E+01  0.1055253920E+05  0.1047904011E+05  0.1059494814E+05
L5 0.3162652745E+05  0.8744887240E+04  0.1046750214E+05  0.1257439227E+05
L6 0.3178678165E+05  -.3815402614E+06  0.3482442223E+05  -.5179471375E+06
L7 0.0000000000E+00  0.4683777543E+04  0.1300718496E+05  0.2023026763E+05
L8 0.5757241415E+04  0.5790398226E+05  0.0000000000E+00  0.0000000000E+00
L9 0.0000000000E+00  0.0000000000E+00  0.0000000000E+00  0.1043117291E+01  0.0000000000E+00
L0    19000  0.1480000000E+03  -.3002343519E+06  0.8059446467E+05
L1 0.2990838440E+03  0.2990838440E+03  -.3808288166E+12  0.1000000000E+01
L2 0.1000000000E+01  0.1184555597E+03  0.1184555597E+03  0.1184555597E+03
L3 0.1279494850E+07  0.3150477799E+03  0.1937885107E+03  -.4575292535E+02
L4 0.1543611217E+03  0.1042087529E+05  0.1032138734E+05  0.1054144030E+05
L5 0.3128370293E+05  0.7519716191E+04  0.8536860240E+04  0.1096276215E+05
L6 0.2701933858E+05  -.3808288166E+06  0.3510643425E+05  -.5177747966E+06
L7 0.0000000000E+00  0.4797402853E+04  0.1319155290E+05  0.2022714507E+05
L8 0.5785602497E+04  0.5783784245E+05  0.0000000000E+00  0.0000000000E+00
L9 0.0000000000E+00  0.0000000000E+00  0.0000000000E+00  0.1044974235E+01  0.0000000000E+00
L0    20000  0.1500000000E+03  -.3003119921E+06  0.8090386327E+05
L1 0.3002320137E+03  0.3002320137E+03  -.3812158554E+12  0.1000000000E+01
L2 0.1000000000E+01  0.1184556603E+03  0.1184556603E+03  0.1184556603E+03
L3 0.1279501608E+07  0.8629860427E+02  -.3508819140E+01  0.2883407502E+03
L4 0.1237101784E+03  0.1046926353E+05  0.1045693312E+05  0.1059824725E+05
L5 0.3152444390E+05  0.9674567233E+04  0.1048924472E+05  0.7943009340E+04
L6 0.2810682129E+05  -.3812158554E+06  0.3448150809E+05  -.5174232177E+06
L7 0.0000000000E+00  0.4711735248E+04  0.1306594479E+05  0.2034447612E+05
L8 0.5756321070E+04  0.5784737702E+05  0.0000000000E+00  0.0000000000E+00
L9 0.0000000000E+00  0.0000000000E+00  0.0000000000E+00  0.1044968716E+01  0.0000000000E+00
L0    21000  0.1520000000E+03  -.3007919669E+06  0.8092244760E+05
L1 0.3003009796E+03  0.3003009796E+03  -.3817144145E+12  0.1000000000E+01
L2 0.1000000000E+01  0.1184525229E+03  0.1184525229E+03  0.1184525229E+03
L3 0.1279405375E+07  0.1565260784E+03  0.9784549506E+02  -.2602879441E+02
L4 0.7611425968E+02  0.1057699310E+05  0.1047377795E+05  0.1054225728E+05
L5 0.3159302833E+05  0.9135702829E+04  0.9572817791E+04  0.1078193011E+05
L6 0.2949045073E+05  -.3817144145E+06  0.3477774073E+05  -.5182565723E+06
L7 0.0000000000E+00  0.4759710261E+04  0.1297953836E+05  0.2031986532E+05
L8 0.5770160389E+04  0.5793514275E+05  0.0000000000E+00  0.0000000000E+00
L9 0.0000000000E+00  0.0000000000E+00  0.0000000000E+00  0.1045047315E+01  0.0000000000E+00
L0    22000  0.1540000000E+03  -.3006201046E+06  0.8070560506E+05
L1 0.2994962829E+03  0.2994962829E+03  -.3813257096E+12  0.1000000000E+01
L2 0.1000000000E+01  0.1185016602E+03  0.1185016602E+03  0.1185016602E+03
L3 0.1280994083E+07  0.1683150368E+03  0.1204855542E+03  0.4845749037E+02
L4 0.1124193604E+03  0.1052118232E+05  0.1050486591E+05  0.1035738897E+05
L5 0.3138343719E+05  0.8969414931E+04  0.9394058715E+04  0.9910638905E+04
L6 0.2827411255E+05  -.3813257096E+06  0.3477243198E+05  -.5177840477E+06
L7 0.0000000000E+00  0.4733113479E+04  0.1309451713E+05  0.2027268058E+05
L8 0.5693284715E+04  0.5789231022E+05  0.0000000000E+00  0.0000000000E+00
L9 0.0000000000E+00  0.0000000000E+00  0.0000000000E+00  0.1043751232E+01  0.0000000000E+00
L0    23000  0.1560000000E+03  -.3013701789E+06  0.8023802450E+05
L1 0.2977611043E+03  0.2977611043E+03  -.3816082034E+12  0.1000000000E+01
L2 0.1000000000E+01  0.1184671297E+03  0.1184671297E+03  0.1184671297E+03
L3 0.1279882305E+07  0.2379851126E+03  -.1177724202E+03  0.1436526883E+02
L4 0.4485932040E+02  0.1040956519E+05  0.1038920607E+05  0.1041558532E+05
L5 0.3121435659E+05  0.8217384213E+04  0.1147405738E+05  0.1028326079E+05
L6 0.2997470238E+05  -.3816082034E+06  0.3491106854E+05  -.5182997450E+06
L7 0.0000000000E+00  0.4718521691E+04  0.1320505090E+05  0.2037251543E+05
L8 0.5741587670E+04  0.5774279733E+05  0.0000000000E+00  0.0000000000E+00
L9 0.0000000000E+00  0.0000000000E+00  0.0000000000E+00  0.1044657894E+01  0.0000000000E+00
L0    24000  0.1580000000E+03  -.3003885787E+06  0.8085746285E+05
L1 0.3000598230E+03  0.3000598230E+03  -.3812460416E+12  0.1000000000E+01
L2 0.1000000000E+01  0.1184885771E+03  0.1184885771E+03  0.1184885771E+03
L3 0.1280573743E+07  0.1582777981E+03  -.6119374923E+02  0.1378765890E+03
L4 0.7832021261E+02  0.1036570666E+05  0.1054962658E+05  0.1038139316E+05
L5 0.3129672639E+05  0.8906955635E+04  0.1111361247E+05  0.9110667779E+04
L6 0.2913123588E+05  -.3812460416E+06  0.3482587048E+05  -.5179752682E+06
L7 0.0000000000E+00  0.4793971916E+04  0.1285334783E+05  0.2034180126E+05
L8 0.5771237983E+04  0.5814299720E+05  0.0000000000E+00  0.0000000000E+00
L9 0.0000000000E+00  0.0000000000E+00  0.0000000000E+00  0.1044093837E+01  0.0000000000E+00
L0    25000  0.1600000000E+03  -.3003029845E+06  0.8069927927E+05
L1 0.2994728081E+03  0.2994728081E+03  -.3810022638E+12  0.1000000000E+01
L2 0.1000000000E+01  0.1184604428E+03  0.1184604428E+03  0.1184604428E+03
L3 0.1279671648E+07  0.1074075892E+03  -.1531106545E+02  -.1167578541E+03
L4 -.8220443467E+01  0.1058152536E+05  0.1049397648E+05  0.1039813250E+05
L5 0.3147363434E+05  0.9592311714E+04  0.1063498993E+05  0.1147346119E+05
L6 0.3170076284E+05  -.3810022638E+06  0.3508685493E+05  -.5178889452E+06
L7 0.0000000000E+00  0.4768544847E+04  0.1313988824E+05  0.2024455827E+05
L8 0.5768569163E+04  0.5787826594E+05  0.0000000000E+00  0.0000000000E+00
L9 0.0000000000E+00  0.0000000000E+00  0.0000000000E+00  0.1044829863E+01  0.0000000000E+00
L0    26000  0.1620000000E+03  -.3008964255E+06  0.8073943393E+05
L1 0.2996218209E+03  0.2996218209E+03  -.3816358594E+12  0.1000000000E+01
L2 0.1000000000E+01  0.1184730687E+03  0.1184730687E+03  0.1184730687E+03
L3 0.1280086552E+07  -.7043439839E+02  -.9520186898E+02  -.8451775819E+01
L4 -.5802934773E+02  0.1046908697E+05  0.1040250783E+05  0.1045817829E+05
L5 0.3132977309E+05  0.1111799138E+05  0.1127959224E+05  0.1053604358E+05
L6 0.3293362719E+05  -.3816358594E+06  0.3522947672E+05  -.5185459885E+06
L7 0.0000000000E+00  0.4747235015E+04  0.1308172767E+05  0.2025469058E+05
L8 0.5742074525E+04  0.5785492457E+05  0.0000000000E+00  0.0000000000E+00
L9 0.0000000000E+00  0.0000000000E+00  0.0000000000E+00  0.1044491211E+01  0.0000000000E+00
L0    27000  0.1640000000E+03  -.3003384638E+06  0.8075919974E+05
L1 0.2996951713E+03  0.2996951713E+03  -.3810976635E+12  0.1000000000E+01
L2 0.1000000000E+01  0.1185154988E+03  0.1185154988E+03  0.1185154988E+03
L3 0.1281454442E+07  -.4083810275E+03  0.6702706178E+02  0.3761283445E+03
L4 0.1159145960E+02  0.1050362267E+05  0.1049494092E+05  0.1046131863E+05
L5 0.3145988222E+05  0.1427001284E+05  0.9876768065E+04  0.6992386417E+04
L6 0.3113916733E+05  -.3810976635E+06  0.3466018722E+05  -.5174805147E+06
L7 0.0000000000E+00  0.4811960012E+04  0.1304983138E+05  0.2031544918E+05
L8 0.5690464554E+04  0.5785495882E+05  0.0000000000E+00  0.0000000000E+00
L9 0.0000000000E+00  0.0000000000E+00  0.0000000000E+00  0.1043376267E+01  0.0000000000E+00
L0    28000  0.1660000000E+03  -.3007126366E+06  0.8072656646E+05
L1 0.2995740701E+03  0.2995740701E+03  -.3814392031E+12  0.1000000000E+01
L2 0.1000000000E+01  0.1184575548E+03  0.1184575548E+03  0.1184575548E+03
L3 0.1279587490E+07  -.2651917768E+03  -.1719834064E+02  0.9794911864E+01
L4 -.9086506852E+02  0.1044889368E+05  0.1039428452E+05  0.1057806286E+05
L5 0.3142124105E+05  0.1289112400E+05  0.1055266918E+05  0.1048785859E+05
L6 0.3393165176E+05  -.3814392031E+06  0.3497373338E+05  -.5180070595E+06
L7 0.0000000000E+00  0.4710479734E+04  0.1299764231E+05  0.2025007655E+05
L8 0.5794326851E+04  0.5784159755E+05  0.0000000000E+00  0.0000000000E+00
L9 0.0000000000E+00  0.0000000000E+00  0.0000000000E+00  0.1044898581E+01  0.0000000000E+00
L0    29000  0.1680000000E+03  -.3008826578E+06  0.8100699921E+05
L1 0.3006147483E+03  0.3006147483E+03  -.3818896571E+12  0.1000000000E+01
L2 0.1000000000E+01  0.1184799148E+03  0.1184799148E+03  0.1184799148E+03
L3 0.1280293703E+07  0.5106376734E+02  0.4774911026E+02  0.1152395400E+03
L4 0.7135080588E+02  0.1060836494E+05  0.1042442195E+05  0.1058858204E+05
L5 0.3162136893E+05  0.1013784391E+05  0.9984443436E+04  0.9526720954E+04
L6 0.2964900830E+05  -.3818896571E+06  0.3508556223E+05  -.5187844707E+06
L7 0.0000000000E+00  0.4807017097E+04  0.1295148135E+05  0.2038896809E+05
L8 0.5721164078E+04  0.5794062075E+05  0.0000000000E+00  0.0000000000E+00
L9 0.0000000000E+00  0.0000000000E+00  0.0000000000E+00  0.1044322213E+01  0.0000000000E+00
L0    30000  0.1700000000E+03  -.3005150254E+06  0.8115370871E+05
L1 0.3011591832E+03  0.3011591832E+03  -.3816687341E+12  0.1000000000E+01
L2 0.1000000000E+01  0.1184616136E+03  0.1184616136E+03  0.1184616136E+03
L3 0.1279711836E+07  0.6829409161E+02  -.1581285588E+03  0.6171233792E+01
L4 -.2788774446E+02  0.1053162747E+05  0.1060500404E+05  0.1054948039E+05
L5 0.3168611190E+05  0.9902625651E+04  0.1206139871E+05  0.1049264213E+05
L6 0.3245666649E+05  -.3816687341E+06  0.3466830018E+05  -.5180330177E+06
L7 0.0000000000E+00  0.4799258139E+04  0.1294531279E+05  0.2025441806E+05
L8 0.5770718156E+04  0.5792627623E+05  0.0000000000E+00  0.0000000000E+00
L9 0.0000000000E+00  0.0000000000E+00  0.0000000000E+00  0.1044797051E+01  0.0000000000E+00
L0    31000  0.1720000000E+03  -.3004850618E+06  0.8098996785E+05
L1 0.3005515454E+03  0.3005515454E+03  -.3814750296E+12  0.1000000000E+01
L2 0.1000000000E+01  0.1184730866E+03  0.1184730866E+03  0.1184730866E+03
L3 0.1280083794E+07  0.1243340052E+03  0.9865747057E+02  -.3093763631E+03
L4 -.2879496244E+02  0.1043216720E+05  0.1057052253E+05  0.1037080911E+05
L5 0.3137349884E+05  0.9286694079E+04  0.9661603999E+04  0.1322105356E+05
L6 0.3216935164E+05  -.3814750296E+06  0.3490140317E+05  -.5181490639E+06
L7 0.0000000000E+00  0.4778013428E+04  0.1294861803E+05  0.2033498791E+05
L8 0.5761155188E+04  0.5794985657E+05  0.0000000000E+00  0.0000000000E+00
L9 0.0000000000E+00  0.0000000000E+00  0.0000000000E+00  0.1044493461E+01  0.0000000000E+00
L0    32000  0.1740000000E+03  -.3006776422E+06  0.8103303610E+05
L1 0.3007113705E+03  0.3007113705E+03  -.3817106783E+12  0.1000000000E+01
L2 0.1000000000E+01  0.1184372049E+03  0.1184372049E+03  0.1184372049E+03
L3 0.1278913599E+07  0.3996813212E+03  -.2538063198E+03  -.3608883129E+02
L4 0.3659539006E+02  0.1058447672E+05  0.1036505481E+05  0.1052187537E+05
L5 0.3147140690E+05  0.6905630474E+04  0.1270120208E+05  0.1085405316E+05
L6 0.3046088572E+05  -.3817106783E+06  0.3475237863E+05  -.5182576348E+06
L7 0.0000000000E+00  0.4801919358E+04  0.1295052816E+05  0.2027505468E+05
L8 0.5763600619E+04  0.5800347506E+05  0.0000000000E+00  0.0000000000E+00
L9 0.0000000000E+00  0.0000000000E+00  0.0000000000E+00  0.1045449164E+01  0.0000000000E+00
L0    33000  0.1760000000E+03  -.3014154059E+06  0.8051863932E+05
L1 0.2988024582E+03  0.2988024582E+03  -.3819340452E+12  0.1000000000E+01
L2 0.1000000000E+01  0.1184298262E+03  0.1184298262E+03  0.1184298262E+03
L3 0.1278693652E+07  -.1133679698E+02  -.1532057964E+03  -.2272445669E+03
L4 -.1305957201E+03  0.1053070941E+05  0.1041867704E+05  0.1035660137E+05
L5 0.3130598782E+05  0.1063504044E+05  0.1182860943E+05  0.1244790262E+05
L6 0.3491155248E+05  -.3819340452E+06  0.3472930166E+05  -.5183155929E+06
L7 0.0000000000E+00  0.4762170433E+04  0.1299458312E+05  0.2022990850E+05
L8 0.5856685463E+04  0.5780889850E+05  0.0000000000E+00  0.0000000000E+00
L9 0.0000000000E+00  0.0000000000E+00  0.0000000000E+00  0.1045628990E+01  0.0000000000E+00
L0    34000  0.1780000000E+03  -.3014712681E+06  0.8065919177E+05
L1 0.2993240445E+03  0.2993240445E+03  -.3821304599E+12  0.1000000000E+01
L2 0.1000000000E+01  0.1184275625E+03  0.1184275625E+03  0.1184275625E+03
L3 0.1278611037E+07  -.1819947049E+03  0.9332946135E+02  -.5869265455E+02
L4 -.4911929936E+02  0.1041107249E+05  0.1028812913E+05  0.1050345790E+05
L5 0.3120265953E+05  0.1208583713E+05  0.9429286114E+04  0.1104356363E+05
L6 0.3255868687E+05  -.3821304599E+06  0.3497270985E+05  -.5188108124E+06
L7 0.0000000000E+00  0.4768001015E+04  0.1297594114E+05  0.2025496738E+05
L8 0.5796705741E+04  0.5791202737E+05  0.0000000000E+00  0.0000000000E+00
L9 0.0000000000E+00  0.0000000000E+00  0.0000000000E+00  0.1045696552E+01  0.0000000000E+00
L0    35000  0.1800000000E+03  -.3010741557E+06  0.8071862445E+05
L1 0.2995445975E+03  0.2995445975E+03  -.3817927802E+12  0.1000000000E+01
L2 0.1000000000E+01  0.1184466084E+03  0.1184466084E+03  0.1184466084E+03
L3 0.1279234675E+07  -.1162979144E+03  -.4263557181E+02  -.1631618853E+03
L4 -.1073651238E+03  0.1053594598E+05  0.1048996410E+05  0.1029696272E+05
L5 0.3132287280E+05  0.1160667292E+05  0.1088249956E+05  0.1179915498E+05
L6 0.3428832745E+05  -.3817927802E+06  0.3420549846E+05  -.5175616086E+06
L7 0.0000000000E+00  0.4652318110E+04  0.1300298076E+05  0.2020816873E+05
L8 0.5751590241E+04  0.5794827212E+05  0.0000000000E+00  0.0000000000E+00
L9 0.0000000000E+00  0.0000000000E+00  0.0000000000E+00  0.1045186766E+01  0.0000000000E+00
L0    36000  0.1820000000E+03  -.3008537179E+06  0.8082210235E+05
L1 0.2999286012E+03  0.2999286012E+03  -.3816758202E+12  0.1000000000E+01
L2 0.1000000000E+01  0.1183879016E+03  0.1183879016E+03  0.1183879016E+03
L3 0.1277321345E+07  0.7019809516E+02  -.1543652884E+03  0.8205741237E+02
L4 -.7032603065E+00  0.1038814868E+05  0.1041646085E+05  0.1053588404E+05
L5 0.3134049356E+05  0.9742818346E+04  0.1183553927E+05  0.9781531136E+04
L6 0.3135988876E+05  -.3816758202E+06  0.3493156411E+05  -.5183890252E+06
L7 0.0000000000E+00  0.4746719215E+04  0.1309333816E+05  0.2038214811E+05
L8 0.5738720963E+04  0.5782071443E+05  0.0000000000E+00  0.0000000000E+00
L9 0.0000000000E+00  0.0000000000E+00  0.0000000000E+00  0.1046752376E+01  0.0000000000E+00
L0    37000  0.1840000000E+03  -.3008147902E+06  0.8069493759E+05
L1 0.2994566962E+03  0.2994566962E+03  -.3815097278E+12  0.1000000000E+01
L2 0.1000000000E+01  0.1184377472E+03  0.1184377472E+03  0.1184377472E+03
L3 0.1278933441E+07  -.1266877306E+02  -.6193494703E+01  0.6882081463E+02
L4 0.1665284896E+02  0.1049469837E+05  0.1036190681E+05  0.1045305952E+05
L5 0.3130966470E+05  0.1061130925E+05  0.1041891540E+05  0.9819592029E+04
L6 0.3084981668E+05  -.3815097278E+06  0.3455838424E+05  -.5176292141E+06
L7 0.0000000000E+00  0.4701087070E+04  0.1303867952E+05  0.2028566991E+05
L8 0.5758345934E+04  0.5777731971E+05  0.0000000000E+00  0.0000000000E+00
L9 0.0000000000E+00  0.0000000000E+00  0.0000000000E+00  0.1045432944E+01  0.0000000000E+00
L0    38000  0.1860000000E+03  -.3002492159E+06  0.8128259391E+05
L1 0.3016374727E+03  0.3016374727E+03  -.3815318098E+12  0.1000000000E+01
L2 0.1000000000E+01  0.1184752513E+03  0.1184752513E+03  0.1184752513E+03
L3 0.1280151826E+07  -.1196808669E+03  -.1885515340E+02  0.1083126804E+03
L4 -.1007444661E+02  0.1058944927E+05  0.1065259853E+05  0.1049880595E+05
L5 0.3174085376E+05  0.1169211223E+05  0.1082631786E+05  0.9500882192E+04
L6 0.3201931228E+05  -.3815318098E+06  0.3476641419E+05  -.5180165111E+06
L7 0.0000000000E+00  0.4700366347E+04  0.1299239023E+05  0.2036043318E+05
L8 0.5784534925E+04  0.5788056247E+05  0.0000000000E+00  0.0000000000E+00
L9 0.0000000000E+00  0.0000000000E+00  0.0000000000E+00  0.1044437953E+01  0.0000000000E+00
L0    39000  0.1880000000E+03  -.3001059732E+06  0.8098753972E+05
L1 0.3005425347E+03  0.3005425347E+03  -.3810935129E+12  0.1000000000E+01
L2 0.1000000000E+01  0.1184852960E+03  0.1184852960E+03  0.1184852960E+03
L3 0.1280476425E+07  0.1082949128E+03  0.9923986935E+02  -.2105831867E+03
L4 -.1016134826E+01  0.1065664012E+05  0.1047050869E+05  0.1047682529E+05
L5 0.3160397411E+05  0.9658627068E+04  0.9555944167E+04  0.1241749604E+05
L6 0.3163206728E+05  -.3810935129E+06  0.3391141161E+05  -.5167267756E+06
L7 0.0000000000E+00  0.4729549930E+04  0.1298912366E+05  0.2025852473E+05
L8 0.5785110448E+04  0.5795954234E+05  0.0000000000E+00  0.0000000000E+00
L9 0.0000000000E+00  0.0000000000E+00  0.0000000000E+00  0.1044173190E+01  0.0000000000E+00
L0    40000  0.1900000000E+03  -.3004204704E+06  0.8074690400E+05
L1 0.2996495421E+03  0.2996495421E+03  -.3811673744E+12  0.1000000000E+01
L2 0.1000000000E+01  0.1184540403E+03  0.1184540403E+03  0.1184540403E+03
L3 0.1279456599E+07  -.1606339203E+03  0.2468249849E+03  0.8812601882E+02
L4 0.5810569445E+02  0.1056186274E+05  0.1040975290E+05  0.1059276874E+05
L5 0.3156438438E+05  0.1204103719E+05  0.8136900372E+04  0.9781272918E+04
L6 0.2995921048E+05  -.3811673744E+06  0.3444219607E+05  -.5172909162E+06
L7 0.0000000000E+00  0.4728617493E+04  0.1294334119E+05  0.2029389967E+05
L8 0.5811720084E+04  0.5790376724E+05  0.0000000000E+00  0.0000000000E+00
L9 0.0000000000E+00  0.0000000000E+00  0.0000000000E+00  0.1045005476E+01  0.0000000000E+00
L0    41000  0.1920000000E+03  -.2999908023E+06  0.8142203534E+05
L1 0.3021549360E+03  0.3021549360E+03  -.3814128376E+12  0.1000000000E+01
L2 0.1000000000E+01  0.1184378842E+03  0.1184378842E+03  0.1184378842E+03
L3 0.1278951416E+07  -.1586559652E+03  -.1143957527E+03  -.3297958556E+02
L4 -.1020104345E+03  0.1053273304E+05  0.1047727847E+05  0.1053634147E+05
L5 0.3154635298E+05  0.1199311693E+05  0.1153025945E+05  0.1083990936E+05
L6 0.3436328573E+05  -.3814128376E+06  0.3458337625E+05  -.5177184910E+06
L7 0.0000000000E+00  0.4711556852E+04  0.1306374050E+05  0.2022986918E+05
L8 0.5831034842E+04  0.5788607572E+05  0.0000000000E+00  0.0000000000E+00
L9 0.0000000000E+00  0.0000000000E+00  0.0000000000E+00  0.1045418251E+01  0.0000000000E+00
L0    42000  0.1940000000E+03  -.3007979744E+06  0.8064274356E+05
L1 0.2992630056E+03  0.2992630056E+03  -.3814407179E+12  0.1000000000E+01
L2 0.1000000000E+01  0.1184671033E+03  0.1184671033E+03  0.1184671033E+03
L3 0.1279892640E+07  -.1686813284E+03  0.5743943461E+02  -.4821069380E+02
L4 -.5315086252E+02  0.1045491405E+05  0.1043480672E+05  0.1052033790E+05
L5 0.3141005867E+05  0.1200872127E+05  0.9905703649E+04  0.1096443046E+05
L6 0.3287885538E+05  -.3814407179E+06  0.3463382675E+05  -.5178423480E+06
L7 0.0000000000E+00  0.4718791097E+04  0.1287264535E+05  0.2024831751E+05
L8 0.5870337886E+04  0.5805771150E+05  0.0000000000E+00  0.0000000000E+00
L9 0.0000000000E+00  0.0000000000E+00  0.0000000000E+00  0.1044649458E+01  0.0000000000E+00
L0    43000  0.1960000000E+03  -.3013376004E+06  0.8105665250E+05
L1 0.3007990103E+03  0.3007990103E+03  -.3823942529E+12  0.1000000000E+01
L2 0.1000000000E+01  0.1184309127E+03  0.1184309127E+03  0.1184309127E+03
L3 0.1278727238E+07  -.2103755364E+03  -.1030974436E+03  -.3603567686E+02
L4 -.1165028856E+03  0.1053063045E+05  0.1056187831E+05  0.1044166415E+05
L5 0.3153417291E+05  0.1246673913E+05  0.1151069517E+05  0.1077330436E+05
L6 0.3475073866E+05  -.3823942529E+06  0.3441809877E+05  -.5182865751E+06
L7 0.0000000000E+00  0.4667627969E+04  0.1290067649E+05  0.2026545992E+05
L8 0.5722458044E+04  0.5791800099E+05  0.0000000000E+00  0.0000000000E+00
L9 0.0000000000E+00  0.0000000000E+00  0.0000000000E+00  0.1045601527E+01  0.0000000000E+00
L0    44000  0.1980000000E+03  -.3005436850E+06  0.8081029994E+05
L1 0.2998848028E+03  0.2998848028E+03  -.3813539849E+12  0.1000000000E+01
L2 0.1000000000E+01  0.1184708990E+03  0.1184708990E+03  0.1184708990E+03
L3 0.1280005640E+07  -.2210641593E+03  -.6791194968E+02  0.3929594890E+03
L4 0.3466112667E+02  0.1040926198E+05  0.1053338400E+05  0.1054882517E+05
L5 0.3149147114E+05  0.1244577317E+05  0.1115900981E+05  0.6928761206E+04
L6 0.3053354419E+05  -.3813539849E+06  0.3476265236E+05  -.5178398141E+06
L7 0.0000000000E+00  0.4784031929E+04  0.1291549523E+05  0.2027387666E+05
L8 0.5785647830E+04  0.5796412516E+05  0.0000000000E+00  0.0000000000E+00
L9 0.0000000000E+00  0.0000000000E+00  0.0000000000E+00  0.1044557235E+01  0.0000000000E+00
L0    45000  0.2000000000E+03  -.3003057788E+06  0.8111750375E+05
L1 0.3010248276E+03  0.3010248276E+03  -.3814232826E+12  0.1000000000E+01
L2 0.1000000000E+01  0.1184800643E+03  0.1184800643E+03  0.1184800643E+03
L3 0.1280295903E+07  -.1793292403E+03  0.2403623345E+03  0.2225757915E+03
L4 0.9453629523E+02  0.1059174088E+05  0.1053734118E+05  0.1045666616E+05
L5 0.3158574823E+05  0.1224415176E+05  0.8322547129E+04  0.8405764382E+04
L6 0.2897246327E+05  -.3814232826E+06  0.3478823168E+05  -.5177188422E+06
L7 0.0000000000E+00  0.4760322678E+04  0.1288902221E+05  0.2020342004E+05
L8 0.5772089512E+04  0.5788247349E+05  0.0000000000E+00  0.0000000000E+00
L9 0.0000000000E+00  0.0000000000E+00  0.0000000000E+00  0.1044320419E+01  0.0000000000E+00
L0    46000  0.2020000000E+03  -.3011485880E+06  0.8049391398E+05
L1 0.2987107031E+03  0.2987107031E+03  -.3816425019E+12  0.1000000000E+01
L2 0.1000000000E+01  0.1184919966E+03  0.1184919966E+03  0.1184919966E+03
L3 0.1280696922E+07  -.4280344149E+02  0.3145653984E+02  -.7687057791E+02
L4 -.2940582652E+02  0.1049454607E+05  0.1038727001E+05  0.1031713638E+05
L5 0.3119895246E+05  0.1088907753E+05  0.1009732616E+05  0.1102567429E+05
L6 0.3201207798E+05  -.3816425019E+06  0.3457086072E+05  -.5177827820E+06
L7 0.0000000000E+00  0.4755827468E+04  0.1294995041E+05  0.2032997990E+05
L8 0.5714588528E+04  0.5781907302E+05  0.0000000000E+00  0.0000000000E+00
L9 0.0000000000E+00  0.0000000000E+00  0.0000000000E+00  0.1043993415E+01  0.0000000000E+00
L0    47000  0.2040000000E+03  -.3006311704E+06  0.8096588790E+05
L1 0.3004621854E+03  0.3004621854E+03  -.3815970583E+12  0.1000000000E+01
L2 0.1000000000E+01  0.1184631890E+03  0.1184631890E+03  0.1184631890E+03
L3 0.1279755605E+07  -.8719324184E+02  -.1664100225E+03  0.3614287011E+03
L4 0.3594181223E+02  0.1055182012E+05  0.1041002862E+05  0.1054573446E+05
L5 0.3150758320E+05  0.1135491424E+05  0.1194274959E+05  0.7216792236E+04
L6 0.3051445607E+05  -.3815970583E+06  0.3499469941E+05  -.5182843755E+06
L7 0.0000000000E+00  0.4670305982E+04  0.1301873759E+05  0.2030622994E+05
L8 0.5769705697E+04  0.5792763856E+05  0.0000000000E+00  0.0000000000E+00
L9 0.0000000000E+00  0.0000000000E+00  0.0000000000E+00  0.1044761318E+01  0.0000000000E+00
L0    48000  0.2060000000E+03  -.3002086315E+06  0.8122060460E+05
L1 0.3014074320E+03  0.3014074320E+03  -.3814292361E+12  0.1000000000E+01
L2 0.1000000000E+01  0.1184452576E+03  0.1184452576E+03  0.1184452576E+03
L3 0.1279174398E+07  -.1996131458E+03  -.2825062765E+02  0.3398766567E+03
L4 0.3733762774E+02  0.1047261978E+05  0.1052691120E+05  0.1041048732E+05
L5 0.3141001830E+05  0.1231032343E+05  0.1078699568E+05  0.7281472093E+04
L6 0.3037879121E+05  -.3814292361E+06  0.3437269207E+05  -.5173180044E+06
L7 0.0000000000E+00  0.4752425349E+04  0.1297810095E+05  0.2025834186E+05
L8 0.5727850247E+04  0.5779935782E+05  0.0000000000E+00  0.0000000000E+00
L9 0.0000000000E+00  0.0000000000E+00  0.0000000000E+00  0.1045236017E+01  0.0000000000E+00
L0    49000  0.2080000000E+03  -.3004781489E+06  0.8056028118E+05
L1 0.2989569900E+03  0.2989569900E+03  -.3810384301E+12  0.1000000000E+01
L2 0.1000000000E+01  0.1184722964E+03  0.1184722964E+03  0.1184722964E+03
L3 0.1280056742E+07  -.8595307507E+02  0.7592630458E+02  -.3854641435E+02
L4 -.1619106161E+02  0.1036358506E+05  0.1038219007E+05  0.1045189513E+05
L5 0.3119767026E+05  0.1115544290E+05  0.9682705621E+04  0.1080701075E+05
L6 0.3164515927E+05  -.3810384301E+06  0.3473792513E+05  -.5175842535E+06
L7 0.0000000000E+00  0.4694152217E+04  0.1312322426E+05  0.2033687649E+05
L8 0.5773395703E+04  0.5788024959E+05  0.0000000000E+00  0.0000000000E+00
L9 0.0000000000E+00  0.0000000000E+00  0.0000000000E+00  0.1044515535E+01  0.0000000000E+00
L0    50000  0.2100000000E+03  -.3004351563E+06  0.8078713236E+05
L1 0.2997988285E+03  0.2997988285E+03  -.3812222886E+12  0.1000000000E+01
L2 0.1000000000E+01  0.1184899262E+03  0.1184899262E+03  0.1184899262E+03
L3 0.1280629186E+07  -.3572689053E+02  0.1393405837E+03  -.1759719131E+03
L4 -.2411940666E+02  0.1052126840E+05  0.1039931165E+05  0.1049052218E+05
L5 0.3141110223E+05  0.1085055586E+05  0.9115037917E+04  0.1211241940E+05
L6 0.3207801318E+05  -.3812222886E+06  0.3493521204E+05  -.5178588312E+06
L7 0.0000000000E+00  0.4699290881E+04  0.1299448910E+05  0.2024807837E+05
L8 0.5831666524E+04  0.5792780569E+05  0.0000000000E+00  0.0000000000E+00
L9 0.0000000000E+00  0.0000000000E+00  0.0000000000E+00  0.1044048634E+01  0.0000000000E+00
L0    51000  0.2120000000E+03  -.3005982874E+06  0.8080232002E+05
L1 0.2998551895E+03  0.2998551895E+03  -.3814006075E+12  0.1000000000E+01
L2 0.1000000000E+01  0.1184695332E+03  0.1184695332E+03  0.1184695332E+03
L3 0.1279960369E+07  -.4067182936E+03  0.1052104328E+03  0.4318722832E+03
L4 0.4345480747E+02  0.1038772113E+05  0.1062363976E+05  0.1048894023E+05
L5 0.3150030111E+05  0.1413440292E+05  0.9654443096E+04  0.6510540325E+04
L6 0.3029938634E+05  -.3814006075E+06  0.3504684226E+05  -.5182471029E+06
L7 0.0000000000E+00  0.4755508411E+04  0.1296521690E+05  0.2029886242E+05
L8 0.5780904059E+04  0.5799916134E+05  0.0000000000E+00  0.0000000000E+00
L9 0.0000000000E+00  0.0000000000E+00  0.0000000000E+00  0.1044594180E+01  0.0000000000E+00
L0    52000  0.2140000000E+03  -.3004933618E+06  0.8089711843E+05
L1 0.3002069838E+03  0.3002069838E+03  -.3813904803E+12  0.1000000000E+01
L2 0.1000000000E+01  0.1184496455E+03  0.1184496455E+03  0.1184496455E+03
L3 0.1279319374E+07  -.2739307719E+03  -.1076774995E+03  0.4197785923E+03
L4 0.1272344033E+02  0.1047534754E+05  0.1045459618E+05  0.1040845223E+05
L5 0.3133839595E+05  0.1299752928E+05  0.1144602267E+05  0.6543395763E+04
L6 0.3098694771E+05  -.3813904803E+06  0.3479446177E+05  -.5178679166E+06
L7 0.0000000000E+00  0.4700077197E+04  0.1293147788E+05  0.2035792990E+05
L8 0.5777293214E+04  0.5791619637E+05  0.0000000000E+00  0.0000000000E+00
L9 0.0000000000E+00  0.0000000000E+00  0.0000000000E+00  0.1045117568E+01  0.0000000000E+00
L0    53000  0.2160000000E+03  -.3003498647E+06  0.8102819580E+05
L1 0.3006934083E+03  0.3006934083E+03  -.3813780605E+12  0.1000000000E+01
L2 0.1000000000E+01  0.1184541329E+03  0.1184541329E+03  0.1184541329E+03
L3 0.1279474575E+07  0.2669253015E+03  -.3745305277E+03  -.1117047429E+03
L4 -.7310332301E+02  0.1067908171E+05  0.1044067866E+05  0.1052473692E+05
L5 0.3164449729E+05  0.8221103764E+04  0.1388953785E+05  0.1155336850E+05
L6 0.3366401011E+05  -.3813780605E+06  0.3463973588E+05  -.5176598973E+06
L7 0.0000000000E+00  0.4730659576E+04  0.1289989179E+05  0.2032955783E+05
L8 0.5787627303E+04  0.5789436445E+05  0.0000000000E+00  0.0000000000E+00
L9 0.0000000000E+00  0.0000000000E+00  0.0000000000E+00  0.1044990795E+01  0.0000000000E+00
L0    54000  0.2180000000E+03  -.2999970344E+06  0.8081769108E+05
L1 0.2999122311E+03  0.2999122311E+03  -.3808147255E+12  0.1000000000E+01
L2 0.1000000000E+01  0.1184593265E+03  0.1184593265E+03  0.1184593265E+03
L3 0.1279629368E+07  0.6946656136E+02  0.4377023916E+02  0.2252003779E+02
L4 0.4525227944E+02  0.1047550080E+05  0.1046273059E+05  0.1054186268E+05
L5 0.3148009407E+05  0.9835741540E+04  0.1005962419E+05  0.1033446214E+05
L6 0.3022982786E+05  -.3808147255E+06  0.3500109596E+05  -.5175573146E+06
L7 0.0000000000E+00  0.4763039852E+04  0.1280030094E+05  0.2035308564E+05
L8 0.5806421458E+04  0.5801864525E+05  0.0000000000E+00  0.0000000000E+00
L9 0.0000000000E+00  0.0000000000E+00  0.0000000000E+00  0.1044864385E+01  0.0000000000E+00
L0    55000  0.2200000000E+03  -.3003351812E+06  0.8108962045E+05
L1 0.3009213535E+03  0.3009213535E+03  -.3814248017E+12  0.1000000000E+01
L2 0.1000000000E+01  0.1184621978E+03  0.1184621978E+03  0.1184621978E+03
L3 0.1279721475E+07  -.1512970932E+03  0.1694757622E+03  0.1424069411E+03
L4 0.5352853669E+02  0.1051269295E+05  0.1056422756E+05  0.1052673652E+05
L5 0.3160365702E+05  0.1190617899E+05  0.9003311193E+04  0.9215131118E+04
L6 0.3012462130E+05  -.3814248017E+06  0.3475157410E+05  -.5180919633E+06
L7 0.0000000000E+00  0.4794850910E+04  0.1310005333E+05  0.2032531597E+05
L8 0.5789677824E+04  0.5790568946E+05  0.0000000000E+00  0.0000000000E+00
L9 0.0000000000E+00  0.0000000000E+00  0.0000000000E+00  0.1044789182E+01  0.0000000000E+00
L0    56000  0.2220000000E+03  -.3006274921E+06  0.8068716811E+05
L1 0.2994278639E+03  0.2994278639E+03  -.3813146602E+12  0.1000000000E+01
L2 0.1000000000E+01  0.1184902285E+03  0.1184902285E+03  0.1184902285E+03
L3 0.1280620149E+07  0.2590753004E+03  0.1860228409E+03  -.2269200829E+02
L4 0.1408020444E+03  0.1045960002E+05  0.1054836712E+05  0.1049695894E+05
L5 0.3150492608E+05  0.8071772681E+04  0.8833844647E+04  0.1070610507E+05
L6 0.2761172240E+05  -.3813146602E+06  0.3526725277E+05  -.5185247928E+06
L7 0.0000000000E+00  0.4729037528E+04  0.1303392300E+05  0.2031744082E+05
L8 0.5752782617E+04  0.5810969584E+05  0.0000000000E+00  0.0000000000E+00
L9 0.0000000000E+00  0.0000000000E+00  0.0000000000E+00  0.1044056002E+01  0.0000000000E+00
L0    57000  0.2240000000E+03  -.3004743552E+06  0.8090295490E+05
L1 0.3002286427E+03  0.3002286427E+03  -.3813773101E+12  0.1000000000E+01
L2 0.1000000000E+01  0.1184405971E+03  0.1184405971E+03  0.1184405971E+03
L3 0.1279029196E+07  -.3142484895E+03  0.1047486688E+03  0.1692636095E+03
L4 -.1341207038E+02  0.1051919008E+05  0.1066158179E+05  0.1049864391E+05
L5 0.3167941578E+05  0.1341193565E+05  0.9697340886E+04  0.8940524861E+04
L6 0.3204980140E+05  -.3813773101E+06  0.3427109901E+05  -.5172065499E+06
L7 0.0000000000E+00  0.4685976198E+04  0.1293525123E+05  0.2026504690E+05
L8 0.5784258399E+04  0.5788760804E+05  0.0000000000E+00  0.0000000000E+00
L9 0.0000000000E+00  0.0000000000E+00  0.0000000000E+00  0.1045354678E+01  0.0000000000E+00
L0    58000  0.2260000000E+03  -.3001034489E+06  0.8108273922E+05
L1 0.3008958174E+03  0.3008958174E+03  -.3811861881E+12  0.1000000000E+01
L2 0.1000000000E+01  0.1184752563E+03  0.1184752563E+03  0.1184752563E+03
L3 0.1280157523E+07  -.1057407228E+03  -.8858612083E+02  0.1869090492E+02
L4 -.5854531291E+02  0.1053174314E+05  0.1047738680E+05  0.1056194166E+05
L5 0.3157107161E+05  0.1150597487E+05  0.1129356629E+05  0.1038973485E+05
L6 0.3318927601E+05  -.3811861881E+06  0.3435193947E+05  -.5173512554E+06
L7 0.0000000000E+00  0.4668263817E+04  0.1310038000E+05  0.2037372875E+05
L8 0.5765437160E+04  0.5790531808E+05  0.0000000000E+00  0.0000000000E+00
L9 0.0000000000E+00  0.0000000000E+00  0.0000000000E+00  0.1044433305E+01  0.0000000000E+00
L0    59000  0.2280000000E+03  -.3007506966E+06  0.8067992184E+05
L1 0.2994009732E+03  0.2994009732E+03  -.3814306184E+12  0.1000000000E+01
L2 0.1000000000E+01  0.1184724831E+03  0.1184724831E+03  0.1184724831E+03
L3 0.1280075013E+07  0.2353725488E+02  -.2871189655E+03  -.1060437858E+03
L4 -.1232084988E+03  0.1039242576E+05  0.1031537311E+05  0.1043716242E+05
L5 0.3114496129E+05  0.1017558156E+05  0.1296054489E+05  0.1141412341E+05
L6 0.3455024986E+05  -.3814306184E+06  0.3482590017E+05  -.5179393490E+06
L7 0.0000000000E+00  0.4646471664E+04  0.1309014661E+05  0.2030842307E+05
L8 0.5760922066E+04  0.5787686695E+05  0.0000000000E+00  0.0000000000E+00
L9 0.0000000000E+00  0.0000000000E+00  0.0000000000E+00  0.1044500627E+01  0.0000000000E+00
L0    60000  0.2300000000E+03  -.3012918946E+06  0.8052026407E+05
L1 0.2988084876E+03  0.2988084876E+03  -.3818121587E+12  0.1000000000E+01
L2 0.1000000000E+01  0.1184711955E+03  0.1184711955E+03  0.1184711955E+03
L3 0.1280021613E+07  -.2500924766E+03  0.3193251960E+01  0.1836968950E+03
L4 -.2106744322E+02  0.1052797246E+05  0.1047706727E+05  0.1041489560E+05
L5 0.3141993533E+05  0.1283193020E+05  0.1044764968E+05  0.8722602052E+04
L6 0.3200218194E+05  -.3818121587E+06  0.3468578473E+05  -.5180878447E+06
L7 0.0000000000E+00  0.4667268287E+04  0.1301542677E+05  0.2034174596E+05
L8 0.5740331370E+04  0.5782512885E+05  0.0000000000E+00  0.0000000000E+00
L9 0.0000000000E+00  0.0000000000E+00  0.0000000000E+00  0.1044544201E+01  0.0000000000E+00
L0    61000  0.2320000000E+03  -.3006941082E+06  0.8078121041E+05
L1 0.2997768523E+03  0.2997768523E+03  -.3814753187E+12  0.1000000000E+01
L2 0.1000000000E+01  0.1184574095E+03  0.1184574095E+03  0.1184574095E+03
L3 0.1279588981E+07  -.2014055459E+03  -.3961320107E+02  -.1945024102E+03
L4 -.1451737191E+03  0.1049288497E+05  0.1046049495E+05  0.1036004683E+05
L5 0.3131342675E+05  0.1234769099E+05  0.1082530518E+05  0.1215127974E+05
L6 0.3532427591E+05  -.3814753187E+06  0.3468859754E+05  -.5179078745E+06
L7 0.0000000000E+00  0.4808923036E+04  0.1287648663E+05  0.2022733751E+05
L8 0.5773859304E+04  0.5805735179E+05  0.0000000000E+00  0.0000000000E+00
L9 0.0000000000E+00  0.0000000000E+00  0.0000000000E+00  0.1044897364E+01  0.0000000000E+00
L0    62000  0.2340000000E+03  -.3006323641E+06  0.8060078564E+05
L1 0.2991073009E+03  0.2991073009E+03  -.3812331497E+12  0.1000000000E+01
L2 0.1000000000E+01  0.1184467605E+03  0.1184467605E+03  0.1184467605E+03
L3 0.1279232232E+07  0.1297681281E+03  0.5968488919E+02  -.3177650556E+03
L4 -.4277067943E+02  0.1050632337E+05  0.1047133794E+05  0.1048486731E+05
L5 0.3146252862E+05  0.9311581695E+04  0.9921834560E+04  0.1341044820E+05
L6 0.3264386446E+05  -.3812331497E+06  0.3436349782E+05  -.5174100417E+06
L7 0.0000000000E+00  0.4900826429E+04  0.1305880657E+05  0.2030199788E+05
L8 0.5721208120E+04  0.5783055517E+05  0.0000000000E+00  0.0000000000E+00
L9 0.0000000000E+00  0.0000000000E+00  0.0000000000E+00  0.1045188762E+01  0.0000000000E+00
L0    63000  0.2360000000E+03  -.3010290791E+06  0.8064064433E+05
L1 0.2992552154E+03  0.2992552154E+03  -.3816697234E+12  0.1000000000E+01
L2 0.1000000000E+01  0.1184334126E+03  0.1184334126E+03  0.1184334126E+03
L3 0.1278785911E+07  -.1207474489E+03  0.6153766493E+02  0.2962826094E+03
L4 0.7902427515E+02  0.1038843672E+05  0.1041727423E+05  0.1055598661E+05
L5 0.3136169756E+05  0.1149973946E+05  0.9850910498E+04  0.7829140784E+04
L6 0.2917979074E+05  -.3816697234E+06  0.3499750428E+05  -.5183260923E+06
L7 0.0000000000E+00  0.4804781647E+04  0.1301556389E+05  0.2020147527E+05
L8 0.5753644189E+04  0.5788339958E+05  0.0000000000E+00  0.0000000000E+00
L9 0.0000000000E+00  0.0000000000E+00  0.0000000000E+00  0.1045553553E+01  0.0000000000E+00
L0    64000  0.2380000000E+03  -.3009627680E+06  0.8057998040E+05
L1 0.2990300932E+03  0.2990300932E+03  -.3815427484E+12  0.1000000000E+01
L2 0.1000000000E+01  0.1183715894E+03  0.1183715894E+03  0.1183715894E+03
L3 0.1276801607E+07  -.2096690770E+02  -.3105224586E+03  0.1139579331E+03
L4 -.7251047772E+02  0.1034061932E+05  0.1039152482E+05  0.1039466023E+05
L5 0.3112680437E+05  0.1053328945E+05  0.1324499289E+05  0.9347472450E+04
L6 0.3312575479E+05  -.3815427484E+06  0.3457249706E+05  -.5179434597E+06
L7 0.0000000000E+00  0.4795528187E+04  0.1290905564E+05  0.2026909934E+05
L8 0.5792234397E+04  0.5806229672E+05  0.0000000000E+00  0.0000000000E+00
L9 0.0000000000E+00  0.0000000000E+00  0.0000000000E+00  0.1047178470E+01  0.0000000000E+00
L0    65000  0.2400000000E+03  -.3004153654E+06  0.8089202810E+05
L1 0.3001880937E+03  0.3001880937E+03  -.3813073935E+12  0.1000000000E+01
L2 0.1000000000E+01  0.1184625326E+03  0.1184625326E+03  0.1184625326E+03
L3 0.1279736567E+07  0.6999154564E+01  0.1228197797E+03  -.8068748589E+02
L4 0.1637714944E+02  0.1053400485E+05  0.1044590373E+05  0.1047922948E+05
L5 0.3145913806E+05  0.1046954004E+05  0.9314687897E+04  0.1122239122E+05
L6 0.3100661915E+05  -.3813073935E+06  0.3494836821E+05  -.5178634982E+06
L7 0.0000000000E+00  0.4753181183E+04  0.1294186773E+05  0.2029194769E+05
L8 0.5729678216E+04  0.5789106164E+05  0.0000000000E+00  0.0000000000E+00
L9 0.0000000000E+00  0.0000000000E+00  0.0000000000E+00  0.1044776861E+01  0.0000000000E+00
L0    66000  0.2420000000E+03  -.3005822711E+06  0.8069881777E+05
L1 0.2994710955E+03  0.2994710955E+03  -.3812810889E+12  0.1000000000E+01
L2 0.1000000000E+01  0.1184110634E+03  0.1184110634E+03  0.1184110634E+03
L3 0.1278063306E+07  -.1770688299E+03  0.2546756538E+03  0.1277984190E+03
L4 0.6846841430E+02  0.1048576276E+05  0.1049110634E+05  0.1056475719E+05
L5 0.3154162629E+05  0.1211450014E+05  0.8148515853E+04  0.9389225264E+04
L6 0.2965224126E+05  -.3812810889E+06  0.3461425617E+05  -.5174840583E+06
L7 0.0000000000E+00  0.4735756851E+04  0.1286429345E+05  0.2026657142E+05
L8 0.5801941861E+04  0.5792014970E+05  0.0000000000E+00  0.0000000000E+00
L9 0.0000000000E+00  0.0000000000E+00  0.0000000000E+00  0.1046144699E+01  0.0000000000E+00
L0    67000  0.2440000000E+03  -.3016885699E+06  0.8069670159E+05
L1 0.2994632424E+03  0.2994632424E+03  -.3823852715E+12  0.1000000000E+01
L2 0.1000000000E+01  0.1184421180E+03  0.1184421180E+03  0.1184421180E+03
L3 0.1279082737E+07  0.6352111912E+02  -.2219410072E+03  0.5993012291E+01
L4 -.5080895861E+02  0.1041183951E+05  0.1048704844E+05  0.1037695081E+05
L5 0.3127583876E+05  0.9827085297E+04  0.1253016324E+05  0.1032178114E+05
L6 0.3267902968E+05  -.3823852715E+06  0.3477984685E+05  -.5187251252E+06
L7 0.0000000000E+00  0.4786381794E+04  0.1293833364E+05  0.2022557830E+05
L8 0.5731405387E+04  0.5787830774E+05  0.0000000000E+00  0.0000000000E+00
L9 0.0000000000E+00  0.0000000000E+00  0.0000000000E+00  0.1045310921E+01  0.0000000000E+00
L0    68000  0.2460000000E+03  -.3014964071E+06  0.8026645835E+05
L1 0.2978666215E+03  0.2978666215E+03  -.3817628654E+12  0.1000000000E+01
L2 0.1000000000E+01  0.1184601851E+03  0.1184601851E+03  0.1184601851E+03
L3 0.1279649009E+07  0.2242350601E+03  0.6517612530E+02  0.6141461482E+02
L4 0.1169419334E+03  0.1038420229E+05  0.1043540184E+05  0.1031385841E+05
L5 0.3113346254E+05  0.8319055328E+04  0.9835146573E+04  0.9748245673E+04
L6 0.2790244757E+05  -.3817628654E+06  0.3438609658E+05  -.5177074049E+06
L7 0.0000000000E+00  0.4715601473E+04  0.1296590457E+05  0.2021075585E+05
L8 0.5754186341E+04  0.5791199470E+05  0.0000000000E+00  0.0000000000E+00
L9 0.0000000000E+00  0.0000000000E+00  0.0000000000E+00  0.1044848348E+01  0.0000000000E+00
L0    69000  0.2480000000E+03  -.3002966659E+06  0.8070753016E+05
L1 0.2995034269E+03  0.2995034269E+03  -.3810041961E+12  0.1000000000E+01
L2 0.1000000000E+01  0.1184642241E+03  0.1184642241E+03  0.1184642241E+03
L3 0.1279789515E+07  0.1776945100E+03  -.1562341154E+03  0.7681755069E+02
L4 0.3275931508E+02  0.1043215966E+05  0.1057545488E+05  0.1047370417E+05
L5 0.3148131871E+05  0.8795459452E+04  0.1201448870E+05  0.9766156697E+04
L6 0.3057610485E+05  -.3810041961E+06  0.3438651655E+05  -.5170507288E+06
L7 0.0000000000E+00  0.4754221294E+04  0.1308178491E+05  0.2025452578E+05
L8 0.5761838503E+04  0.5780764567E+05  0.0000000000E+00  0.0000000000E+00
L9 0.0000000000E+00  0.0000000000E+00  0.0000000000E+00  0.1044733635E+01  0.0000000000E+00
L0    70000  0.2500000000E+03  -.3003272181E+06  0.8087570983E+05
L1 0.3001275370E+03  0.3001275370E+03  -.3812029279E+12  0.1000000000E+01
L2 0.1000000000E+01  0.1184854130E+03  0.1184854130E+03  0.1184854130E+03
L3 0.1280475367E+07  0.1508538823E+03  0.1405408408E+03  -.1669874763E+03
L4 0.4146908225E+02  0.1059237068E+05  0.1047205544E+05  0.1050176641E+05
L5 0.3156619253E+05  0.9202148226E+04  0.9176874763E+04  0.1204067105E+05
L6 0.3041969404E+05  -.3812029279E+06  0.3464033371E+05  -.5175956246E+06
L7 0.0000000000E+00  0.4745499531E+04  0.1299091092E+05  0.2032636078E+05
L8 0.5782765365E+04  0.5790682636E+05  0.0000000000E+00  0.0000000000E+00
L9 0.0000000000E+00  0.0000000000E+00  0.0000000000E+00  0.1044174052E+01  0.0000000000E+00
L0    71000  0.2520000000E+03  -.3004705255E+06  0.8095758059E+05
L1 0.3004313572E+03  0.3004313572E+03  -.3814281061E+12  0.1000000000E+01
L2 0.1000000000E+01  0.1184631046E+03  0.1184631046E+03  0.1184631046E+03
L3 0.1279747004E+07  0.2037845075E+03  0.1339544955E+02  0.4485944522E+02
L4 0.8734646743E+02  0.1046737482E+05  0.1053119481E+05  0.1050623742E+05
L5 0.3150480706E+05  0.8590428445E+04  0.1040781674E+05  0.1009306189E+05
L6 0.2909130707E+05  -.3814281061E+06  0.3451500383E+05  -.5177504231E+06
L7 0.0000000000E+00  0.4724583912E+04  0.1298232895E+05  0.2030415246E+05
L8 0.5784585842E+04  0.5801166201E+05  0.0000000000E+00  0.0000000000E+00
L9 0.0000000000E+00  0.0000000000E+00  0.0000000000E+00  0.1044768340E+01  0.0000000000E+00
L0    72000  0.2540000000E+03  -.3010174230E+06  0.8095244492E+05
L1 0.3004122988E+03  0.3004122988E+03  -.3819698679E+12  0.1000000000E+01
L2 0.1000000000E+01  0.1183827780E+03  0.1183827780E+03  0.1183827780E+03
L3 0.1277157147E+07  0.6182936084E+02  0.6259401953E+00  -.1075689596E+03
L4 -.1503788617E+02  0.1050612484E+05  0.1069330538E+05  0.1068466378E+05
L5 0.3188409400E+05  0.9937801262E+04  0.1068755186E+05  0.1167341694E+05
L6 0.3229877006E+05  -.3819698679E+06  0.3493253391E+05  -.5186939298E+06
L7 0.0000000000E+00  0.4718764914E+04  0.1301167337E+05  0.2021912554E+05
L8 0.5785670961E+04  0.5805629318E+05  0.0000000000E+00  0.0000000000E+00
L9 0.0000000000E+00  0.0000000000E+00  0.0000000000E+00  0.1046886952E+01  0.0000000000E+00
L0    73000  0.2560000000E+03  -.3014991466E+06  0.8056618913E+05
L1 0.2989789142E+03  0.2989789142E+03  -.3820653357E+12  0.1000000000E+01
L2 0.1000000000E+01  0.1184035602E+03  0.1184035602E+03  0.1184035602E+03
L3 0.1277837698E+07  -.2416771815E+03  0.1793346875E+03  -.1884422595E+03
L4 -.8359491785E+02  0.1041969684E+05  0.1058744025E+05  0.1038621288E+05
L5 0.3139334997E+05  0.1264233069E+05  0.8938151955E+04  0.1211926083E+05
L6 0.3369974348E+05  -.3820653357E+06  0.3459195284E+05  -.5181389871E+06
L7 0.0000000000E+00  0.4669459522E+04  0.1296897394E+05  0.2027873224E+05
L8 0.5756496220E+04  0.5780803665E+05  0.0000000000E+00  0.0000000000E+00
L9 0.0000000000E+00  0.0000000000E+00  0.0000000000E+00  0.1046329401E+01  0.0000000000E+00
L0    74000  0.2580000000E+03  -.3010623986E+06  0.8068698275E+05
L1 0.2994271760E+03  0.2994271760E+03  -.3817493814E+12  0.1000000000E+01
L2 0.1000000000E+01  0.1184345629E+03  0.1184345629E+03  0.1184345629E+03
L3 0.1278836298E+07  -.4684500117E+01  0.2476971443E+03  -.3511281024E+03
L4 -.3603848608E+02  0.1057987666E+05  0.1038385600E+05  0.1036314356E+05
L5 0.3132687622E+05  0.1062299230E+05  0.8104078127E+04  0.1359488885E+05
L6 0.3232195927E+05  -.3817493814E+06  0.3493397401E+05  -.5184295318E+06
L7 0.0000000000E+00  0.4706798504E+04  0.1288789875E+05  0.2025482793E+05
L8 0.5793970522E+04  0.5810268071E+05  0.0000000000E+00  0.0000000000E+00
L9 0.0000000000E+00  0.0000000000E+00  0.0000000000E+00  0.1045512358E+01  0.0000000000E+00
L0    75000  0.2600000000E+03  -.3005425973E+06  0.8089559558E+05
L1 0.3002013325E+03  0.3002013325E+03  -.3814381928E+12  0.1000000000E+01
L2 0.1000000000E+01  0.1184647026E+03  0.1184647026E+03  0.1184647026E+03
L3 0.1279817070E+07  -.6502777375E+02  -.3038741565E+03  0.1506169438E+03
L4 -.7276166216E+02  0.1048926751E+05  0.1054707965E+05  0.1046759770E+05
L5 0.3150394487E+05  0.1108823516E+05  0.1334604966E+05  0.9080272393E+04
L6 0.3351455721E+05  -.3814381928E+06  0.3450280656E+05  -.5177452822E+06
L7 0.0000000000E+00  0.4745261361E+04  0.1297643057E+05  0.2025296444E+05
L8 0.5773817395E+04  0.5805580905E+05  0.0000000000E+00  0.0000000000E+00
L9 0.0000000000E+00  0.0000000000E+00  0.0000000000E+00  0.1044711142E+01  0.0000000000E+00
L0    76000  0.2620000000E+03  -.3004539981E+06  0.8104871729E+05
L1 0.3007695630E+03  0.3007695630E+03  -.3815027154E+12  0.1000000000E+01
L2 0.1000000000E+01  0.1184734449E+03  0.1184734449E+03  0.1184734449E+03
L3 0.1280081984E+07  0.2186301776E+03  0.3157170282E+02  0.1619330590E+02
L4 0.8879839544E+02  0.1044792197E+05  0.1057871589E+05  0.1043042752E+05
L5 0.3145706539E+05  0.8433713248E+04  0.1028785028E+05  0.1028124090E+05
L6 0.2900280443E+05  -.3815027154E+06  0.3456879010E+05  -.5178422177E+06
L7 0.0000000000E+00  0.4734940963E+04  0.1307006016E+05  0.2020190440E+05
L8 0.5715484544E+04  0.5804832214E+05  0.0000000000E+00  0.0000000000E+00
L9 0.0000000000E+00  0.0000000000E+00  0.0000000000E+00  0.1044494939E+01  0.0000000000E+00
L0    77000  0.2640000000E+03  -.3002841725E+06  0.8080294506E+05
L1 0.2998575090E+03  0.2998575090E+03  -.3810871176E+12  0.1000000000E+01
L2 0.1000000000E+01  0.1184570081E+03  0.1184570081E+03  0.1184570081E+03
L3 0.1279573814E+07  -.1403735250E+03  -.4568745481E+02  -.1927408071E+03
L4 -.1262672623E+03  0.1049743893E+05  0.1043578164E+05  0.1042728608E+05
L5 0.3136050665E+05  0.1179016685E+05  0.1085652657E+05  0.1220227480E+05
L6 0.3484896822E+05  -.3810871176E+06  0.3449618316E+05  -.5173673295E+06
L7 0.0000000000E+00  0.4692425261E+04  0.1296417176E+05  0.2038750730E+05
L8 0.5730228290E+04  0.5800969614E+05  0.0000000000E+00  0.0000000000E+00
L9 0.0000000000E+00  0.0000000000E+00  0.0000000000E+00  0.1044909749E+01  0.0000000000E+00
L0    78000  0.2660000000E+03  -.3005040983E+06  0.8105453121E+05
L1 0.3007911383E+03  0.3007911383E+03  -.3815586295E+12  0.1000000000E+01
L2 0.1000000000E+01  0.1184400765E+03  0.1184400765E+03  0.1184400765E+03
L3 0.1279007346E+07  0.1879868460E+02  0.3576844378E+03  -.2856640339E+03
L4 0.3027302952E+02  0.1032248329E+05  0.1051768838E+05  0.1037801172E+05
L5 0.3121818340E+05  0.1014943908E+05  0.7225158964E+04  0.1300758443E+05
L6 0.3038218247E+05  -.3815586295E+06  0.3483353502E+05  -.5182528346E+06
L7 0.0000000000E+00  0.4798001200E+04  0.1308660835E+05  0.2028225689E+05
L8 0.5788149136E+04  0.5790565441E+05  0.0000000000E+00  0.0000000000E+00
L9 0.0000000000E+00  0.0000000000E+00  0.0000000000E+00  0.1045372536E+01  0.0000000000E+00
L0    79000  0.2680000000E+03  -.3010388790E+06  0.8044177045E+05
L1 0.2985171999E+03  0.2985171999E+03  -.3814806494E+12  0.1000000000E+01
L2 0.1000000000E+01  0.1184344641E+03  0.1184344641E+03  0.1184344641E+03
L3 0.1278825023E+07  -.1099418710E+03  0.1627785376E+03  0.5145453946E+02
L4 0.3476373535E+02  0.1049963923E+05  0.1045046098E+05  0.1042047689E+05
L5 0.3137057709E+05  0.1151152346E+05  0.8952278040E+04  0.9946899014E+04
L6 0.3041070051E+05  -.3814806494E+06  0.3495916305E+05  -.5179610778E+06
L7 0.0000000000E+00  0.4659838383E+04  0.1303249715E+05  0.2022529464E+05
L8 0.5741701667E+04  0.5786193348E+05  0.0000000000E+00  0.0000000000E+00
L9 0.0000000000E+00  0.0000000000E+00  0.0000000000E+00  0.1045521575E+01  0.0000000000E+00
L0    80000  0.2700000000E+03  -.3004205097E+06  0.8094512733E+05
L1 0.3003851435E+03  0.3003851435E+03  -.3813656370E+12  0.1000000000E+01
L2 0.1000000000E+01  0.1184593824E+03  0.1184593824E+03  0.1184593824E+03
L3 0.1279634443E+07  -.4276896052E+02  0.1561795052E+03  -.6343100195E+02
L4 0.1665984757E+02  0.1052003414E+05  0.1051511752E+05  0.1045223983E+05
L5 0.3148739149E+05  0.1091392073E+05  0.9076761009E+04  0.1103641632E+05
L6 0.3102709806E+05  -.3813656370E+06  0.3454338876E+05  -.5176855614E+06
L7 0.0000000000E+00  0.4712146864E+04  0.1309969482E+05  0.2026128967E+05
L8 0.5769585184E+04  0.5793381911E+05  0.0000000000E+00  0.0000000000E+00
L9 0.0000000000E+00  0.0000000000E+00  0.0000000000E+00  0.1044860241E+01  0.0000000000E+00
L0    81000  0.2720000000E+03  -.3006452983E+06  0.8075935536E+05
L1 0.2996957488E+03  0.2996957488E+03  -.3814046537E+12  0.1000000000E+01
L2 0.1000000000E+01  0.1184557691E+03  0.1184557691E+03  0.1184557691E+03
L3 0.1279502489E+07  0.1804183564E+03  0.2940152810E+03  -.3382204225E+02
L4 0.1468705317E+03  0.1048854207E+05  0.1033879456E+05  0.1038223693E+05
L5 0.3120957356E+05  0.8827125886E+04  0.7631299844E+04  0.1069369354E+05
L6 0.2715211927E+05  -.3814046537E+06  0.3527538298E+05  -.5184019556E+06
L7 0.0000000000E+00  0.4802870597E+04  0.1306002268E+05  0.2027064822E+05
L8 0.5750912098E+04  0.5783746537E+05  0.0000000000E+00  0.0000000000E+00
L9 0.0000000000E+00  0.0000000000E+00  0.0000000000E+00  0.1044967997E+01  0.0000000000E+00
L0    82000  0.2740000000E+03  -.3007616458E+06  0.8051200000E+05
L1 0.2987778199E+03  0.2987778199E+03  -.3812736458E+12  0.1000000000E+01
L2 0.1000000000E+01  0.1184984221E+03  0.1184984221E+03  0.1184984221E+03
L3 0.1280888157E+07  0.1447385588E+03  -.7193270584E+02  0.2885931450E+03
L4 0.1204663327E+03  0.1040287975E+05  0.1040963264E+05  0.1050211340E+05
L5 0.3131462579E+05  0.9068584212E+04  0.1107275578E+05  0.7841671369E+04
L6 0.2798301136E+05  -.3812736458E+06  0.3526317302E+05  -.5182929846E+06
L7 0.0000000000E+00  0.4709085023E+04  0.1310254801E+05  0.2025683380E+05
L8 0.5753792648E+04  0.5793390628E+05  0.0000000000E+00  0.0000000000E+00
L9 0.0000000000E+00  0.0000000000E+00  0.0000000000E+00  0.1043837548E+01  0.0000000000E+00
L0    83000  0.2760000000E+03  -.3010134107E+06  0.8099438747E+05
L1 0.3005679465E+03  0.3005679465E+03  -.3820077982E+12  0.1000000000E+01
L2 0.1000000000E+01  0.1184796567E+03  0.1184796567E+03  0.1184796567E+03
L3 0.1280287921E+07  0.2870315937E+02  0.3460597708E+00  0.1171075733E+03
L4 0.4871893082E+02  0.1045683900E+05  0.1048545998E+05  0.1050653861E+05
L5 0.3144883759E+05  0.1019235833E+05  0.1048227127E+05  0.9427469628E+04
L6 0.3010209922E+05  -.3820077982E+06  0.3485529304E+05  -.5185660116E+06
L7 0.0000000000E+00  0.4637344661E+04  0.1292551271E+05  0.2023793262E+05
L8 0.5840862165E+04  0.5806126821E+05  0.0000000000E+00  0.0000000000E+00
L9 0.0000000000E+00  0.0000000000E+00  0.0000000000E+00  0.1044326929E+01  0.0000000000E+00
L0    84000  0.2780000000E+03  -.3012913141E+06  0.8082002903E+05
L1 0.2999209071E+03  0.2999209071E+03  -.3821113432E+12  0.1000000000E+01
L2 0.1000000000E+01  0.1184666887E+03  0.1184666887E+03  0.1184666887E+03
L3 0.1279886723E+07  -.1765761877E+03  -.6006250886E+02  -.1204122905E+03
L4 -.1190169957E+03  0.1046936411E+05  0.1051261625E+05  0.1038868491E+05
L5 0.3137066527E+05  0.1209588726E+05  0.1106587920E+05  0.1149785700E+05
L6 0.3465962346E+05  -.3821113432E+06  0.3466497803E+05  -.5183536807E+06
L7 0.0000000000E+00  0.4873540486E+04  0.1300899394E+05  0.2028058779E+05
L8 0.5727451593E+04  0.5768678565E+05  0.0000000000E+00  0.0000000000E+00
L9 0.0000000000E+00  0.0000000000E+00  0.0000000000E+00  0.1044654288E+01  0.0000000000E+00
L0    85000  0.2800000000E+03  -.3009198876E+06  0.8072580246E+05
L1 0.2995712349E+03  0.2995712349E+03  -.3816456900E+12  0.1000000000E+01
L2 0.1000000000E+01  0.1184974851E+03  0.1184974851E+03  0.1184974851E+03
L3 0.1280866497E+07  0.7023741538E+02  -.2141371794E+03  0.2762012054E+03
L4 0.4410048043E+02  0.1041665700E+05  0.1036672014E+05  0.1054371725E+05
L5 0.3132709440E+05  0.9769173112E+04  0.1234074458E+05  0.7997555349E+04
L6 0.3010747304E+05  -.3816456900E+06  0.3457604560E+05  -.5178346727E+06
L7 0.0000000000E+00  0.4732839232E+04  0.1295010904E+05  0.2023616479E+05
L8 0.5738373002E+04  0.5795545103E+05  0.0000000000E+00  0.0000000000E+00
L9 0.0000000000E+00  0.0000000000E+00  0.0000000000E+00  0.1043855199E+01  0.0000000000E+00
L0    86000  0.2820000000E+03  -.3005973174E+06  0.8082806871E+05
L1 0.2999507422E+03  0.2999507422E+03  -.3814253861E+12  0.1000000000E+01
L2 0.1000000000E+01  0.1184528134E+03  0.1184528134E+03  0.1184528134E+03
L3 0.1279411894E+07  0.3181970546E+03  -.1369861206E+03  0.1232037488E+03
L4 0.1014715609E+03  0.1068156011E+05  0.1035510812E+05  0.1039106917E+05
L5 0.3142773739E+05  0.7751590474E+04  0.1161648112E+05  0.9256604729E+04
L6 0.2862467632E+05  -.3814253861E+06  0.3493433803E+05  -.5181691643E+06
L7 0.0000000000E+00  0.4700831633E+04  0.1302149586E+05  0.2030120891E+05
L8 0.5760940900E+04  0.5802496288E+05  0.0000000000E+00  0.0000000000E+00
L9 0.0000000000E+00  0.0000000000E+00  0.0000000000E+00  0.1045041991E+01  0.0000000000E+00
L0    87000  0.2840000000E+03  -.3004888751E+06  0.8080469650E+05
L1 0.2998640085E+03  0.2998640085E+03  -.3812935716E+12  0.1000000000E+01
L2 0.1000000000E+01  0.1184808414E+03  0.1184808414E+03  0.1184808414E+03
L3 0.1280331797E+07  -.1174981630E+03  0.9682322316E+02  0.2314934197E+02
L4 0.8248006958E+00  0.1042767455E+05  0.1056599433E+05  0.1049077592E+05
L5 0.3148444480E+05  0.1151037967E+05  0.9673801667E+04  0.1027746270E+05
L6 0.3146164403E+05  -.3812935716E+06  0.3468696485E+05  -.5177928331E+06
L7 0.0000000000E+00  0.4784106091E+04  0.1305454667E+05  0.2026256161E+05
L8 0.5742299105E+04  0.5796878321E+05  0.0000000000E+00  0.0000000000E+00
L9 0.0000000000E+00  0.0000000000E+00  0.0000000000E+00  0.1044291141E+01  0.0000000000E+00
L0    88000  0.2860000000E+03  -.3004936711E+06  0.8079832834E+05
L1 0.2998403765E+03  0.2998403765E+03  -.3812919994E+12  0.1000000000E+01
L2 0.1000000000E+01  0.1185085803E+03  0.1185085803E+03  0.1185085803E+03
L3 0.1281242200E+07  0.1545100245E+03  0.8135701492E+01  -.4471379657E+03
L4 -.9483074658E+02  0.1049516349E+05  0.1048828959E+05  0.1052318197E+05
L5 0.3150663505E+05  0.9070394429E+04  0.1041326860E+05  0.1464633412E+05
L6 0.3412999714E+05  -.3812919994E+06  0.3438717857E+05  -.5174789346E+06
L7 0.0000000000E+00  0.4748145923E+04  0.1298024508E+05  0.2034832180E+05
L8 0.5758405465E+04  0.5796463832E+05  0.0000000000E+00  0.0000000000E+00
L9 0.0000000000E+00  0.0000000000E+00  0.0000000000E+00  0.1043549107E+01  0.0000000000E+00
L0    89000  0.2880000000E+03  -.3003118711E+06  0.8114745130E+05
L1 0.3011359622E+03  0.3011359622E+03  -.3814593224E+12  0.1000000000E+01
L2 0.1000000000E+01  0.1185135978E+03  0.1185135978E+03  0.1185135978E+03
L3 0.1281391882E+07  0.2749276412E+03  -.2977990222E+03  0.8123008753E+02
L4 0.1945290218E+02  0.1054410814E+05  0.1053925440E+05  0.1047399711E+05
L5 0.3155735965E+05  0.8008647031E+04  0.1328564191E+05  0.9724870074E+04
L6 0.3101915902E+05  -.3814593224E+06  0.3484235896E+05  -.5178715508E+06
L7 0.0000000000E+00  0.4729735054E+04  0.1295787104E+05  0.2025123257E+05
L8 0.5738837346E+04  0.5789219349E+05  0.0000000000E+00  0.0000000000E+00
L9 0.0000000000E+00  0.0000000000E+00  0.0000000000E+00  0.1043427208E+01  0.0000000000E+00
L0    90000  0.2900000000E+03  -.3006208492E+06  0.8070441065E+05
L1 0.2994918505E+03  0.2994918505E+03  -.3813252598E+12  0.1000000000E+01
L2 0.1000000000E+01  0.1184148756E+03  0.1184148756E+03  0.1184148756E+03
L3 0.1278180988E+07  0.1087711044E+03  0.2236290240E+03  0.2463277165E+02
L4 0.1190109667E+03  0.1058580567E+05  0.1037676634E+05  0.1031776207E+05
L5 0.3128033408E+05  0.9585201129E+04  0.8319563565E+04  0.1009116086E+05
L6 0.2799592556E+05  -.3813252598E+06  0.3469177916E+05  -.5176980023E+06
L7 0.0000000000E+00  0.4714469365E+04  0.1298475061E+05  0.2030382454E+05
L8 0.5774799794E+04  0.5790311901E+05  0.0000000000E+00  0.0000000000E+00
L9 0.0000000000E+00  0.0000000000E+00  0.0000000000E+00  0.1046048381E+01  0.0000000000E+00
L0    91000  0.2920000000E+03  -.3003564569E+06  0.8102529126E+05
L1 0.3006826296E+03  0.3006826296E+03  -.3813817482E+12  0.1000000000E+01
L2 0.1000000000E+01  0.1184350619E+03  0.1184350619E+03  0.1184350619E+03
L3 0.1278846277E+07  0.7878456997E+02  -.1633049765E+02  -.7834799817E+01
L4 0.1820642417E+02  0.1055943409E+05  0.1053579379E+05  0.1034029732E+05
L5 0.3143552520E+05  0.9834303726E+04  0.1068609911E+05  0.1041240853E+05
L6 0.3093281137E+05  -.3813817482E+06  0.3482498335E+05  -.5180965619E+06
L7 0.0000000000E+00  0.4794088922E+04  0.1299193416E+05  0.2033489994E+05
L8 0.5772032992E+04  0.5799687436E+05  0.0000000000E+00  0.0000000000E+00
L9 0.0000000000E+00  0.0000000000E+00  0.0000000000E+00  0.1045504200E+01  0.0000000000E+00
L0    92000  0.2940000000E+03  -.3002529822E+06  0.8117290649E+05
L1 0.3012304257E+03  0.3012304257E+03  -.3814258887E+12  0.1000000000E+01
L2 0.1000000000E+01  0.1184691410E+03  0.1184691410E+03  0.1184691410E+03
L3 0.1279958357E+07  -.2516156285E+03  -.8146142135E+02  0.1822659905E+03
L4 -.5027035312E+02  0.1045137599E+05  0.1055705979E+05  0.1052474032E+05
L5 0.3153317609E+05  0.1276925111E+05  0.1130747979E+05  0.8845711845E+04
L6 0.3292244274E+05  -.3814258887E+06  0.3506437750E+05  -.5182585973E+06
L7 0.0000000000E+00  0.4756480188E+04  0.1298605425E+05  0.2029469910E+05
L8 0.5727586111E+04  0.5800351147E+05  0.0000000000E+00  0.0000000000E+00
L9 0.0000000000E+00  0.0000000000E+00  0.0000000000E+00  0.1044595823E+01  0.0000000000E+00
L0    93000  0.2960000000E+03  -.3009639742E+06  0.8088201450E+05
L1 0.3001509335E+03  0.3001509335E+03  -.3818459887E+12  0.1000000000E+01
L2 0.1000000000E+01  0.1184207250E+03  0.1184207250E+03  0.1184207250E+03
L3 0.1278380812E+07  0.3663375228E+03  -.7484579814E+02  -.2080626289E+03
L4 0.2780969860E+02  0.1055167937E+05  0.1051845575E+05  0.1052715783E+05
L5 0.3159729296E+05  0.7181149133E+04  0.1120708307E+05  0.1244146183E+05
L6 0.3082969403E+05  -.3818459887E+06  0.3522505390E+05  -.5187496387E+06
L7 0.0000000000E+00  0.4829920834E+04  0.1286321110E+05  0.2028210517E+05
L8 0.5735206137E+04  0.5796815277E+05  0.0000000000E+00  0.0000000000E+00
L9 0.0000000000E+00  0.0000000000E+00  0.0000000000E+00  0.1045884872E+01  0.0000000000E+00
L0    94000  0.2980000000E+03  -.3004922411E+06  0.8082166303E+05
L1 0.2999269708E+03  0.2999269708E+03  -.3813139042E+12  0.1000000000E+01
L2 0.1000000000E+01  0.1184334537E+03  0.1184334537E+03  0.1184334537E+03
L3 0.1278791919E+07  0.1409918197E+02  -.1197924391E+03  0.2198264544E+03
L4 0.3804439910E+02  0.1049795551E+05  0.1042493730E+05  0.1045869453E+05
L5 0.3138158735E+05  0.1036819266E+05  0.1152745577E+05  0.8435505702E+04
L6 0.3033115413E+05  -.3813139042E+06  0.3480298161E+05  -.5176726728E+06
L7 0.0000000000E+00  0.4762492130E+04  0.1284504968E+05  0.2022484364E+05
L8 0.5736876936E+04  0.5798652459E+05  0.0000000000E+00  0.0000000000E+00
L9 0.0000000000E+00  0.0000000000E+00  0.0000000000E+00  0.1045548641E+01  0.0000000000E+00
L0    95000  0.3000000000E+03  -.3010007063E+06  0.8040232415E+05
L1 0.2983708158E+03  0.2983708158E+03  -.3814030304E+12  0.1000000000E+01
L2 0.1000000000E+01  0.1184112954E+03  0.1184112954E+03  0.1184112954E+03
L3 0.1278073720E+07  -.6248614120E+02  -.8299167459E+02  0.2744957497E+03
L4 0.4300597798E+02  0.1044195171E+05  0.1035738081E+05  0.1041436742E+05
L5 0.3121369994E+05  0.1101672449E+05  0.1112077177E+05  0.7889444590E+04
L6 0.3002694085E+05  -.3814030304E+06  0.3455308105E+05  -.5176094518E+06
L7 0.0000000000E+00  0.4757529321E+04  0.1292148739E+05  0.2023768803E+05
L8 0.5769420383E+04  0.5796721522E+05  0.0000000000E+00  0.0000000000E+00
L9 0.0000000000E+00  0.0000000000E+00  0.0000000000E+00  0.1046136175E+01  0.0000000000E+00
L0    96000  0.3020000000E+03  -.3006292417E+06  0.8042867679E+05
L1 0.2984686097E+03  0.2984686097E+03  -.3810579184E+12  0.1000000000E+01
L2 0.1000000000E+01  0.1183720363E+03  0.1183720363E+03  0.1183720363E+03
L3 0.1276808157E+07  -.1179379092E+03  0.2269893400E+03  -.1182021469E+03
L4 -.3050238666E+01  0.1034944099E+05  0.1038289288E+05  0.1045193750E+05
L5 0.3118427137E+05  0.1143320732E+05  0.8297020704E+04  0.1153813199E+05
L6 0.3126836001E+05  -.3810579184E+06  0.3457953378E+05  -.5173546001E+06
L7 0.0000000000E+00  0.4768646262E+04  0.1294524642E+05  0.2025453307E+05
L8 0.5809173086E+04  0.5793954902E+05  0.0000000000E+00  0.0000000000E+00
L9 0.0000000000E+00  0.0000000000E+00  0.0000000000E+00  0.1047173098E+01  0.0000000000E+00
L0    97000  0.3040000000E+03  -.3007097749E+06  0.8081099665E+05
L1 0.2998873882E+03  0.2998873882E+03  -.3815207716E+12  0.1000000000E+01
L2 0.1000000000E+01  0.1184654707E+03  0.1184654707E+03  0.1184654707E+03
L3 0.1279830016E+07  -.1094647838E+03  -.5592375299E+01  0.2107871329E+03
L4 0.3190999127E+02  0.1045456555E+05  0.1045751415E+05  0.1063270764E+05
L5 0.3154478734E+05  0.1146285053E+05  0.1050902577E+05  0.8691138015E+04
L6 0.3066301431E+05  -.3815207716E+06  0.3495425087E+05  -.5181952630E+06
L7 0.0000000000E+00  0.4729969424E+04  0.1298378483E+05  0.2027016108E+05
L8 0.5784977182E+04  0.5795134806E+05  0.0000000000E+00  0.0000000000E+00
L9 0.0000000000E+00  0.0000000000E+00  0.0000000000E+00  0.1044700574E+01  0.0000000000E+00
L0    98000  0.3060000000E+03  -.3005066492E+06  0.8083286800E+05
L1 0.2999685522E+03  0.2999685522E+03  -.3813395172E+12  0.1000000000E+01
L2 0.1000000000E+01  0.1184589897E+03  0.1184589897E+03  0.1184589897E+03
L3 0.1279622949E+07  0.2581308128E+03  -.7558854564E+01  -.2329946829E+03
L4 0.5859091768E+01  0.1046753378E+05  0.1047639534E+05  0.1049953435E+05
L5 0.3144346347E+05  0.8090264115E+04  0.1054600902E+05  0.1264531147E+05
L6 0.3128158460E+05  -.3813395172E+06  0.3466573483E+05  -.5174909953E+06
L7 0.0000000000E+00  0.4746107056E+04  0.1292697096E+05  0.2021450868E+05
L8 0.5771866666E+04  0.5782628988E+05  0.0000000000E+00  0.0000000000E+00
L9 0.0000000000E+00  0.0000000000E+00  0.0000000000E+00  0.1044869627E+01  0.0000000000E+00
L0    99000  0.3080000000E+03  -.3013476321E+06  0.8044629564E+05
L1 0.2985339928E+03  0.2985339928E+03  -.3817939278E+12  0.1000000000E+01
L2 0.1000000000E+01  0.1184868893E+03  0.1184868893E+03  0.1184868893E+03
L3 0.1280544857E+07  -.3233979148E+03  -.1666664468E+02  -.1035063324E+03
L4 -.1478569640E+03  0.1037392104E+05  0.1054865795E+05  0.1042409201E+05
L5 0.3134667100E+05  0.1335441737E+05  0.1070226090E+05  0.1137802594E+05
L6 0.3543470421E+05  -.3817939278E+06  0.3459748636E+05  -.5180716102E+06
L7 0.0000000000E+00  0.4731494380E+04  0.1306501327E+05  0.2020599531E+05
L8 0.5721958072E+04  0.5795573499E+05  0.0000000000E+00  0.0000000000E+00
L9 0.0000000000E+00  0.0000000000E+00  0.0000000000E+00  0.1044117389E+01  0.0000000000E+00
L0   100000  0.3100000000E+03  -.3006158716E+06  0.8109102614E+05
L1 0.3009265699E+03  0.3009265699E+03  -.3817068977E+12  0.1000000000E+01
L2 0.1000000000E+01  0.1184419784E+03  0.1184419784E+03  0.1184419784E+03
L3 0.1279054961E+07  0.3413359101E+03  0.5026921275E+02  0.6738170645E+02
L4 0.1529956098E+03  0.1061074358E+05  0.1052627271E+05  0.1045658161E+05
L5 0.3159359790E+05  0.7468587405E+04  0.1006352118E+05  0.9836301587E+04
L6 0.2736841017E+05  -.3817068977E+06  0.3488697829E+05  -.5182710447E+06
L7 0.0000000000E+00  0.4830800187E+04  0.1288045707E+05  0.2030854361E+05
L8 0.5725377801E+04  0.5793199004E+05  0.0000000000E+00  0.0000000000E+00
L9 0.0000000000E+00  0.0000000000E+00  0.0000000000E+00  0.1045333620E+01  0.0000000000E+00
